0.002982
0.004018
0.004543
0.003743
0.002292
0.002160
0.055079
0.007506
0.003441
0.003555
0.015856
0.010664
0.002838
0.001602
0.006740
0.069026
0.005334
0.006696
0.059925
0.001691
0.001773
0.003626
0.061335
0.004172
0.002316
0.006836
0.001777
0.005290
0.006501
0.005191
0.002147
0.003421
0.006400
0.001861
0.005290
0.002999
0.002841
0.005142
0.001772
0.004345
0.005481
0.006894
0.060349
0.001520
0.006301
0.010867
0.002214
0.003310
0.001338
0.010677
0.001964
0.016938
0.003272
0.007383
0.019611
0.002054
0.002203
0.055386
0.004021
0.002404
0.016613
0.002284
0.014006
0.005868
0.003753
0.001801
0.001586
0.007938
0.001934
0.023584
0.008007
0.001727
0.055278
0.004990
0.004391
0.003657
0.007568
0.001748
0.004159
0.002846
0.057908
0.001737
0.006355
0.003739
0.062269
0.007157
0.003506
0.006634
0.001467
0.006692
0.011634
0.054064
0.005031
0.001230
0.007875
0.016242
0.054281
0.006551
0.003755
0.003068
