0.009528
0.044090
0.014602
0.020846
0.070212
0.019951
0.030473
0.017170
0.020729
0.032235
0.013474
0.054746
0.037238
0.019349
0.028947
0.019061
0.016059
0.015168
0.023932
0.043079
0.026594
0.021187
0.014294
0.010541
0.041031
0.057582
0.050535
0.015330
0.027144
0.015577
0.034642
0.021034
0.013282
0.020823
0.066463
0.034572
0.047638
0.044212
0.018641
0.061683
0.059481
0.034119
0.014072
0.027980
0.010315
0.048394
0.020976
0.056453
0.066101
0.027475
0.027068
0.011821
0.019026
0.030196
0.016838
0.015846
0.013701
0.051907
0.035461
0.013461
0.009021
0.009372
0.015040
0.021769
0.025661
0.042027
0.042037
0.015849
0.022739
0.057295
0.015018
0.033806
0.029166
0.046453
0.028108
0.022034
0.006084
0.016908
0.009152
0.011873
0.019299
0.033356
0.034235
0.035640
0.018714
0.067246
0.026117
0.012971
0.049416
0.053801
0.015179
0.017986
0.051129
0.017702
0.047483
0.015648
0.106539
0.064367
0.019939
0.013962
