0.004783
0.001592
0.059768
0.001062
0.002007
0.001208
0.001307
0.001549
0.002143
0.001330
0.004891
0.001202
0.004704
0.001319
0.004487
0.001559
0.003758
0.001100
0.001617
0.058599
0.006173
0.001254
0.004222
0.003328
0.001665
0.003878
0.057989
0.004561
0.001155
0.003790
0.057823
0.001481
0.002678
0.001484
0.057203
0.001569
0.002789
0.002326
0.006924
0.001556
0.001464
0.005412
0.002052
0.001258
0.001215
0.004046
0.004625
0.001778
0.004535
0.001386
0.001253
0.002001
0.002867
0.001682
0.001246
0.001763
0.005003
0.003022
0.002112
0.001638
0.002594
0.004127
0.001502
0.003961
0.057327
0.002082
0.002889
0.002914
0.005285
0.009518
0.001815
0.006131
0.004158
0.001423
0.001751
0.004604
0.003976
0.001729
0.002802
0.001478
0.004542
0.005067
0.001619
0.057443
0.002237
0.001258
0.001226
0.002984
0.010827
0.004128
0.002719
0.003371
0.054371
0.003225
0.001077
0.003285
0.001583
0.054717
0.001103
0.005165
