0.040960
0.054982
0.043307
0.052595
0.044969
0.038769
0.056834
0.053597
0.047935
0.029703
0.038703
0.061234
0.065292
0.045588
0.048474
0.033569
0.078888
0.054845
0.056008
0.052748
0.042331
0.061367
0.064733
0.052422
0.027928
0.057093
0.067256
0.054662
0.041694
0.055719
0.039960
0.028350
0.060521
0.038900
0.027539
0.034114
0.050040
0.034784
0.040966
0.022402
0.060986
0.026764
0.069603
0.049844
0.054359
0.042678
0.048234
0.052519
0.049553
0.050390
0.049150
0.035055
0.024913
0.034419
0.049205
0.049531
0.081250
0.041927
0.074788
0.049693
0.065798
0.036532
0.055361
0.081730
0.045500
0.037640
0.025444
0.043095
0.072009
0.070561
0.036567
0.051817
0.063930
0.054867
0.025171
0.028960
0.018512
0.037998
0.032682
0.037448
0.048182
0.063260
0.023740
0.028956
0.043787
0.033730
0.045141
0.073696
0.045932
0.035209
0.056839
0.056661
0.031359
0.027405
0.067002
0.038529
0.065265
0.032322
0.042962
0.047788
