0.005631
0.005081
0.023347
0.047516
0.050925
0.004459
0.005748
0.022955
0.005412
0.006591
0.050579
0.006413
0.013954
0.005053
0.004875
0.006251
0.052416
0.047953
0.007045
0.021720
0.007317
0.057006
0.006718
0.030277
0.013168
0.017802
0.018219
0.007692
0.006721
0.015923
0.012097
0.014469
0.024341
0.010810
0.053797
0.004594
0.099710
0.006581
0.013562
0.012494
0.011581
0.017353
0.015373
0.004836
0.049217
0.065764
0.005654
0.006425
0.007528
0.004104
0.006062
0.006267
0.013230
0.006699
0.008926
0.058550
0.048727
0.022828
0.006715
0.005703
0.059822
0.013655
0.017539
0.016218
0.012122
0.011108
0.004530
0.004915
0.004231
0.007793
0.005827
0.021326
0.004574
0.010444
0.004359
0.004871
0.004469
0.012354
0.057349
0.005919
0.057767
0.007825
0.009041
0.020483
0.055856
0.015270
0.004198
0.032355
0.004872
0.014211
0.023990
0.006145
0.054800
0.053798
0.006381
0.020689
0.005062
0.054917
0.100701
0.004759
