0.008645
0.008015
0.005084
0.007350
0.007523
0.015958
0.007746
0.017818
0.017427
0.005721
0.015229
0.004028
0.004248
0.018116
0.014253
0.004526
0.018751
0.007392
0.006355
0.018932
0.017436
0.007838
0.015817
0.005360
0.004681
0.015014
0.015015
0.017186
0.008206
0.019815
0.016026
0.015354
0.014986
0.014499
0.014803
0.016508
0.007211
0.016550
0.004259
0.004567
0.004864
0.018578
0.014787
0.008704
0.004531
0.004422
0.015757
0.006308
0.015167
0.006906
0.014194
0.008377
0.017553
0.003958
0.017062
0.007123
0.015915
0.008847
0.018561
0.013794
0.014853
0.005823
0.008502
0.019514
0.016328
0.008463
0.014098
0.006273
0.015449
0.008547
0.015655
0.004205
0.015275
0.007412
0.015766
0.007385
0.005237
0.019923
0.018526
0.015546
0.017029
0.004034
0.014871
0.016095
0.007606
0.015693
0.017007
0.014690
0.013845
0.015385
0.004994
0.005260
0.015424
0.014405
0.006957
0.018993
0.007625
0.008377
0.006561
0.005966
