0.040949
0.040263
0.026919
0.026940
0.026608
0.039670
0.032345
0.032420
0.031932
0.040063
0.041167
0.043603
0.040238
0.038947
0.039557
0.029940
0.032960
0.032278
0.051263
0.026404
0.039294
0.046675
0.042644
0.030459
0.047265
0.028473
0.031194
0.042773
0.027834
0.026439
0.035103
0.036272
0.046102
0.037049
0.035965
0.041263
0.042979
0.036352
0.040848
0.036696
0.021201
0.034070
0.029693
0.028143
0.023902
0.032178
0.029020
0.045138
0.033132
0.029506
0.036362
0.044620
0.041097
0.039290
0.030770
0.032002
0.031085
0.022837
0.030599
0.032490
0.030664
0.047727
0.026832
0.031326
0.033946
0.032603
0.039053
0.035214
0.040709
0.042642
0.041000
0.029680
0.019650
0.033368
0.033433
0.033341
0.039999
0.040209
0.016026
0.043934
0.036596
0.038852
0.026649
0.038819
0.024220
0.042639
0.045063
0.031129
0.034070
0.031817
0.034572
0.034998
0.030979
0.028138
0.030839
0.032304
0.044467
0.025475
0.033746
0.029783
