0.014347
0.014425
0.003675
0.014237
0.002338
0.015746
0.015829
0.003680
0.014732
0.002944
0.013344
0.002662
0.015399
0.016084
0.015877
0.003850
0.003978
0.002123
0.014147
0.002597
0.003198
0.014146
0.003273
0.014457
0.014853
0.014452
0.002778
0.002963
0.013893
0.002525
0.002877
0.003054
0.015480
0.015949
0.015820
0.014824
0.015089
0.003365
0.015182
0.014594
0.003731
0.014195
0.014266
0.014573
0.002576
0.015642
0.003225
0.002762
0.014472
0.002582
0.003768
0.003936
0.002807
0.014653
0.003870
0.004427
0.001213
0.002778
0.001058
0.003678
0.004781
0.014479
0.002400
0.015736
0.013118
0.003467
0.003306
0.014260
0.003152
0.003208
0.013893
0.004099
0.002383
0.014934
0.013313
0.003491
0.016149
0.013979
0.001615
0.001972
0.003384
0.003898
0.003578
0.003057
0.015191
0.003854
0.003594
0.014245
0.003780
0.003110
0.014077
0.014461
0.002602
0.014719
0.014825
0.013831
0.003764
0.013731
0.014522
0.002939
