0.041538
0.045348
0.046977
0.039678
0.054031
0.052792
0.052309
0.044223
0.060728
0.050271
0.053263
0.042585
0.046320
0.046001
0.046629
0.051643
0.051384
0.042738
0.037223
0.050079
0.044374
0.040563
0.051728
0.059332
0.050859
0.046270
0.048368
0.046187
0.050142
0.059753
0.047136
0.050174
0.052620
0.058969
0.051587
0.043753
0.055465
0.051413
0.050846
0.049475
0.043558
0.056470
0.054123
0.044703
0.046302
0.041365
0.049805
0.056027
0.058892
0.043708
0.040220
0.048890
0.047702
0.042485
0.046059
0.055687
0.053297
0.047397
0.051434
0.042543
0.048600
0.054109
0.045805
0.056449
0.043978
0.056930
0.040528
0.042657
0.048596
0.041638
0.050893
0.050376
0.057099
0.044803
0.060945
0.048751
0.054317
0.054172
0.045882
0.042334
0.049118
0.052614
0.050782
0.045499
0.045463
0.047749
0.052434
0.053078
0.046735
0.054792
0.053390
0.047251
0.037755
0.051732
0.047114
0.046141
0.052235
0.045780
0.049119
0.046448
