0.023776
0.029574
0.025594
0.010015
0.021626
0.022647
0.022102
0.020829
0.014386
0.019811
0.031241
0.017327
0.020482
0.014373
0.016752
0.017489
0.022800
0.019152
0.019620
0.018378
0.026630
0.028892
0.010079
0.023339
0.029994
0.014398
0.012039
0.019676
0.020280
0.030452
0.029809
0.027166
0.013013
0.023045
0.031128
0.020572
0.024273
0.029275
0.019110
0.021394
0.018193
0.021504
0.029864
0.022194
0.019605
0.020927
0.026331
0.010288
0.022682
0.008334
0.018098
0.013088
0.012504
0.019483
0.016149
0.021317
0.019081
0.028034
0.028582
0.018450
0.010777
0.019459
0.030463
0.013518
0.031812
0.027706
0.008164
0.019612
0.019741
0.021424
0.028159
0.020808
0.013104
0.024762
0.023597
0.026817
0.022761
0.021103
0.027320
0.016301
0.020423
0.011517
0.028763
0.018816
0.032421
0.019318
0.028943
0.020883
0.025489
0.019096
0.020643
0.020013
0.010159
0.029075
0.025659
0.019905
0.009416
0.022083
0.028763
0.007430
