0.017489
0.013785
0.011934
0.012063
0.011976
0.014107
0.007171
0.033647
0.011705
0.006013
0.006730
0.006934
0.013119
0.012152
0.007520
0.013599
0.011808
0.015987
0.014009
0.005451
0.015969
0.006780
0.012069
0.015081
0.012204
0.005899
0.007232
0.017091
0.006675
0.012885
0.014714
0.015865
0.013404
0.012417
0.007023
0.011704
0.014219
0.015739
0.015218
0.018634
0.014166
0.006335
0.007003
0.005421
0.016696
0.012547
0.006856
0.011897
0.013093
0.007124
0.013782
0.006843
0.006853
0.014503
0.012173
0.006191
0.011769
0.013648
0.014666
0.014704
0.016157
0.005936
0.014504
0.006204
0.014438
0.011850
0.014576
0.005853
0.037589
0.015450
0.012250
0.012311
0.017769
0.015112
0.012838
0.013382
0.014477
0.015452
0.012903
0.006548
0.014947
0.005300
0.014129
0.007317
0.014402
0.007227
0.014405
0.005760
0.012260
0.006957
0.015244
0.057425
0.005478
0.005000
0.014646
0.012668
0.006852
0.012947
0.014278
0.012974
