0.032332
0.024800
0.026018
0.037312
0.028632
0.040490
0.029043
0.029646
0.037520
0.026460
0.024838
0.032335
0.031478
0.039310
0.105199
0.026466
0.030257
0.029583
0.033047
0.047029
0.034243
0.038050
0.030473
0.033552
0.037731
0.035371
0.034998
0.035191
0.027982
0.032817
0.036971
0.078131
0.026951
0.029545
0.032721
0.072533
0.034487
0.033844
0.034715
0.036192
0.038192
0.029237
0.038125
0.034833
0.034923
0.031008
0.032196
0.072934
0.577143
0.048828
0.040585
0.051663
0.027959
0.030552
0.031301
0.050772
0.029112
0.028263
0.024234
0.028538
0.039328
0.030499
0.040462
0.031792
0.183090
0.032025
0.027035
0.034343
0.600481
0.043651
0.026440
0.495439
0.035941
0.028069
0.028850
0.037802
0.036571
0.034639
0.027449
0.028546
0.035569
0.032367
0.035553
0.030035
0.032159
0.035814
0.081058
0.029697
0.031182
0.035011
0.033810
0.033921
0.036537
0.035200
0.035314
0.032223
0.030633
0.034167
0.039744
0.083493
