0.011452
0.004675
0.010828
0.003508
0.010724
0.003526
0.010439
0.003082
0.003820
0.011335
0.003092
0.003657
0.012110
0.073860
0.003519
0.003069
0.003426
0.010688
0.003519
0.018932
0.010534
0.015949
0.011371
0.011309
0.012624
0.022173
0.011483
0.003898
0.003416
0.011575
0.003333
0.011048
0.011116
0.011225
0.011614
0.038365
0.003282
0.011249
0.003717
0.012472
0.003287
0.012194
0.013448
0.010390
0.010726
0.010541
0.011187
0.003275
0.003572
0.010850
0.003281
0.010948
0.011918
0.411691
0.012017
0.003441
0.011022
0.011909
0.003448
0.011887
0.011568
0.033301
0.010863
0.003474
0.011969
0.003506
0.010897
0.011382
0.011219
0.014025
0.012193
0.011018
0.011188
0.003424
0.011284
0.011975
0.011169
0.010764
0.003548
0.010922
0.014386
0.012251
0.011387
0.003093
0.010622
0.003496
0.013589
0.028932
0.003271
0.010972
0.013434
0.010581
0.012218
0.003452
0.011868
0.194928
0.004102
0.010440
0.003735
0.010662
