0.039315
0.037546
0.040028
0.036669
0.040844
0.043582
0.048400
0.040277
0.030116
0.052440
0.040147
0.028683
0.043117
0.035872
0.037054
0.037508
0.043272
0.033364
0.037436
0.050416
0.046275
0.050382
0.048040
0.035772
0.031167
0.038479
0.051139
0.044709
0.030215
0.042810
0.044325
0.044409
0.032062
0.040788
0.038175
0.035479
0.042191
0.032796
0.041372
0.035488
0.038056
0.039129
0.035055
0.034051
0.045196
0.039018
0.032240
0.034618
0.044700
0.037293
0.037075
0.046057
0.039653
0.036801
0.040329
0.045565
0.025421
0.031559
0.031963
0.050606
0.035299
0.035444
0.037558
0.049404
0.032842
0.033214
0.053708
0.033267
0.050722
0.038265
0.044805
0.031617
0.034226
0.033892
0.035670
0.043243
0.052353
0.040785
0.030726
0.034394
0.042765
0.035487
0.031251
0.039665
0.036421
0.038819
0.047153
0.031480
0.034129
0.038031
0.038586
0.040511
0.035377
0.036348
0.043275
0.037183
0.052377
0.040031
0.033748
0.035916
