0.027878
0.021256
0.039118
0.027815
0.024127
0.033754
0.026142
0.022882
0.026867
0.085442
0.024242
0.016656
0.026509
0.023921
0.024914
0.040335
0.012309
0.013613
0.016656
0.024646
0.024777
0.025725
0.023204
0.174957
0.025622
0.026394
0.017841
0.024054
0.021885
0.025055
0.024039
0.033921
0.028108
0.025424
0.017754
0.021194
0.023774
0.027305
0.012888
0.030059
0.020629
0.020603
0.028265
0.027169
0.028863
0.018250
0.016493
0.022183
0.063901
0.017592
0.016800
0.017499
0.058057
0.024541
0.025205
119.332904
0.246355
0.023987
0.021496
0.019425
0.012919
0.025216
0.038585
0.023614
0.012343
0.016019
0.042424
0.021865
0.025316
0.027352
0.022788
0.016305
0.023098
0.020922
0.020108
0.070130
0.023942
0.021988
0.021470
0.019014
0.022910
0.012338
0.023883
0.025067
0.025479
0.012213
0.022251
0.018345
0.019165
0.018576
0.012640
0.025126
0.019480
0.022333
0.026238
0.016721
0.012514
0.021816
0.024253
0.009968
