0.009515
0.008470
0.009923
0.006935
0.009935
0.014380
0.008005
0.010318
0.049828
0.007837
0.008902
0.239908
0.006694
0.009510
0.008463
0.009462
0.008046
0.012330
0.008729
0.028823
0.007708
0.006925
0.010028
0.007745
0.008387
0.006715
0.010493
0.009406
0.011475
0.014281
0.011219
0.013298
0.010135
0.007224
0.007860
0.006160
0.010820
0.009080
0.010890
0.009659
0.011026
0.009481
0.006389
0.008086
1661.991610
0.008191
0.113956
0.018575
0.009814
0.008419
0.007926
0.008169
0.008677
0.008136
0.010005
0.009151
0.058145
0.013547
88.014692
0.006868
0.008431
0.008962
0.024450
0.007887
0.006173
0.011332
0.007951
0.018689
0.021140
0.009393
0.006877
0.011014
0.008056
0.007716
0.007464
0.008944
0.007055
0.015755
0.007057
0.008403
0.025247
0.008833
0.009893
0.022876
0.010183
0.043983
0.007154
0.007444
0.006732
0.007100
0.012854
0.053348
0.007292
0.008904
0.028298
0.013884
1.313666
0.008951
0.010280
0.007265
