0.002848
0.003215
0.002830
0.002663
0.002694
0.033899
0.002834
0.003419
0.002916
0.002721
0.002844
0.003170
0.002723
0.002667
0.002741
0.002670
0.002945
0.003077
0.003480
0.003084
0.002839
0.003055
0.002805
0.003055
0.002778
0.002862
0.003290
0.002815
0.002677
0.002765
0.002484
0.002768
0.003205
0.002722
0.002648
0.002579
0.003317
0.033886
0.002831
0.002798
0.003414
0.003118
0.003190
0.003081
0.002369
0.033450
0.002895
0.002527
0.002822
0.003457
0.002584
0.002539
0.002920
0.002754
0.002533
0.003094
0.002976
0.003288
0.002892
0.002524
0.003229
0.002751
0.002802
0.033597
0.003092
0.002631
0.002859
0.003216
0.003191
0.002603
0.003007
0.002936
0.002593
0.002469
0.002870
0.002893
0.003316
0.002961
0.002948
0.002728
0.002793
0.003246
0.003418
0.002600
0.002856
0.003001
0.003103
0.002925
0.002897
0.003459
0.002527
0.003139
0.002917
0.002870
0.002748
0.002395
0.002724
0.002870
0.003204
0.002484
