0.026572
0.023824
0.028312
0.031496
0.028578
0.034287
0.029890
0.024665
0.030907
0.029088
0.024480
0.028624
0.033625
0.032681
0.027886
0.023190
0.026802
0.025380
0.027058
0.032742
0.034162
0.030520
0.032217
0.029213
0.036183
0.030926
0.033053
0.027182
0.025685
0.029023
0.029557
0.037632
0.022552
0.037873
0.030798
0.035790
0.027956
0.027893
0.030603
0.031996
0.031382
0.035252
0.035414
0.028600
0.030740
0.025998
0.029944
0.028431
0.032730
0.039541
0.033701
0.030086
0.025304
0.026658
0.030540
0.032760
0.028889
0.022423
0.024187
0.027993
0.033520
0.029685
0.040967
0.029117
0.035840
0.030705
0.024304
0.031444
0.030584
0.035094
0.022836
0.036612
0.028768
0.025598
0.026743
0.031384
0.032839
0.030609
0.027010
0.036035
0.027161
0.037117
0.034239
0.028798
0.027007
0.030920
0.032087
0.026771
0.026809
0.032999
0.032626
0.039179
0.034145
0.028690
0.032266
0.027574
0.028732
0.029077
0.030180
0.035775
