0.011107
0.004369
0.010810
0.006947
0.010081
0.008242
0.010273
0.007457
0.007005
0.011242
0.013763
0.020137
0.011958
0.010568
0.007318
0.013222
0.011586
0.010462
0.005999
0.011503
0.009697
0.010496
0.010858
0.010341
0.012562
0.011439
0.011606
0.013071
0.008979
0.011431
0.008292
0.010893
0.010177
0.010894
0.011184
0.010780
0.013660
0.011037
0.014751
0.011926
0.018278
0.012072
0.011595
0.010848
0.010723
0.010399
0.010550
0.015981
0.003618
0.011390
0.005127
0.011080
0.011652
0.010960
0.010926
0.005880
0.010333
0.011615
0.011633
0.011385
0.011652
0.011029
0.010203
0.009434
0.011614
0.022507
0.010633
0.011215
0.010534
0.011660
0.010999
0.010569
0.011666
0.012986
0.010552
0.011671
0.011435
0.010621
0.010044
0.010524
0.011353
0.010857
0.010811
0.020661
0.010681
0.007504
0.011226
0.010190
0.011006
0.011367
0.011982
0.009943
0.011333
0.018127
0.011183
0.010500
0.017647
0.010124
0.007971
0.011043
