0.042093
0.037930
0.040255
0.036172
0.043984
0.044156
0.034005
0.042399
0.030853
0.037342
0.041703
0.028808
0.048685
0.048850
0.037597
0.037008
0.042696
0.034515
0.038903
0.038771
0.039825
0.050941
0.046334
0.036392
0.031205
0.037113
0.052276
0.051572
0.030272
0.044886
0.043882
0.044674
0.032842
0.040881
0.038052
0.034269
0.041106
0.034284
0.041894
0.036115
0.038804
0.038912
0.035018
0.035891
0.045444
0.041551
0.031817
0.039146
0.044662
0.036897
0.039633
0.043231
0.046549
0.037595
0.054078
0.037465
0.029482
0.031986
0.034067
0.054657
0.035633
0.044184
0.038023
0.047151
0.033165
0.033877
0.057482
0.033388
0.052456
0.041106
0.042778
0.031417
0.035555
0.033812
0.035992
0.043116
0.053103
0.049950
0.032912
0.035421
0.046474
0.033456
0.043293
0.038136
0.038744
0.037505
0.047039
0.032513
0.035630
0.037358
0.037638
0.040695
0.037109
0.036045
0.042831
0.037080
0.034413
0.040418
0.033214
0.035497
