0.026810
0.017427
0.013863
0.011927
0.023461
0.017442
0.026652
0.023165
0.014509
0.027966
0.018715
0.026227
0.025140
0.023444
0.024131
0.015846
0.011634
0.012988
0.022007
0.023801
0.024539
0.018854
0.023224
0.025122
0.018482
0.024325
0.013777
0.027124
0.020701
0.024743
0.022641
0.017629
0.016855
0.023899
0.016972
0.019613
0.023565
0.020145
0.012306
0.027419
0.017725
0.017428
0.027220
0.016831
0.023313
0.020879
0.015585
0.022520
0.017059
0.015580
0.018535
0.026955
0.018879
0.023999
0.024557
0.016549
0.015831
0.022309
0.019874
0.019154
0.013244
0.025431
0.017449
0.018211
0.015425
0.017883
0.024483
0.020114
0.024790
0.027161
0.022950
0.020518
0.018287
0.020822
0.016671
0.017250
0.028692
0.020682
0.022130
0.016858
0.020327
0.018665
0.022432
0.026286
0.025141
0.012018
0.021766
0.016838
0.018711
0.026339
0.011144
0.024498
0.018343
0.015317
0.023342
0.018577
0.013308
0.021380
0.026499
0.009200
