0.022279
0.021887
0.012408
0.007158
0.005522
0.024007
0.004180
0.011226
0.021609
0.005408
0.007075
0.023835
0.023748
0.027904
0.010885
0.006200
0.002808
0.008981
0.008652
0.028548
0.023667
0.002437
0.022791
0.025842
0.023007
0.003924
0.004170
0.009909
0.021996
0.011528
0.006303
0.004424
0.004321
0.008423
0.005020
0.021690
0.026849
0.004025
0.014734
0.007578
0.006464
0.021802
0.024262
0.003812
0.004639
0.007553
0.028455
0.022404
0.008304
0.003703
0.004205
0.009102
0.005831
0.010752
0.031447
0.021170
0.002839
0.021026
0.005669
0.006704
0.009098
0.004007
0.025272
0.004206
0.022538
0.023296
0.023028
0.027201
0.007276
0.007838
0.004426
0.006087
0.011255
0.008789
0.023608
0.005208
0.021509
0.008006
0.003826
0.021769
0.021137
0.006853
0.005116
0.003480
0.008619
0.007844
0.008647
0.009999
0.007819
0.021478
0.004003
0.008283
0.008669
0.023443
0.008491
0.021892
0.021234
0.007110
0.002891
0.026996
