0.013324
0.034133
0.020609
0.033069
0.091198
0.022595
0.022756
0.024462
0.014116
0.038225
0.013058
0.032457
0.093609
0.023797
0.042246
0.041425
0.048080
0.040216
0.028592
0.025513
0.019544
0.024780
0.045509
0.029172
0.029464
0.019458
0.023313
0.038548
0.029170
0.026537
0.038987
0.022176
0.043790
0.034141
0.032835
0.029376
0.036308
0.029809
0.046588
0.030877
0.039906
0.038812
0.017190
0.036964
0.036985
0.045457
0.049119
0.041905
0.021652
0.047383
0.032741
0.023332
0.024812
0.040008
0.031313
0.031600
0.023023
0.034747
0.033358
0.019991
0.030122
0.029129
0.023254
0.037530
0.023393
0.014720
0.030080
0.033812
0.021168
0.032323
0.040433
0.019081
0.029980
0.026001
0.038330
0.043407
0.010656
0.018777
0.038052
0.020389
0.029103
0.024378
0.042570
0.047074
0.034831
0.022454
0.013838
0.025584
0.023358
0.026319
0.025973
0.049811
0.020185
0.050416
0.027030
0.022849
0.038279
0.034746
0.019937
0.017482
