0.003775
0.003905
0.023784
0.003436
0.004275
0.002813
0.020660
0.004072
0.002141
0.006256
0.021356
0.020897
0.022329
0.001552
0.020492
0.002328
0.004366
0.002423
0.004969
0.001529
0.003034
0.023988
0.021858
0.003759
0.002274
0.001778
0.006483
0.002827
0.002741
0.003402
0.001950
0.020568
0.003413
0.003583
0.021880
0.003927
0.004195
0.022309
0.021479
0.020820
0.003289
0.021624
0.001472
0.022718
0.023359
0.006188
0.002722
0.021820
0.003426
0.002013
0.023104
0.004133
0.026718
0.002198
0.002695
0.006669
0.002618
0.056497
0.002223
0.002294
0.004526
0.024548
5.176972
0.025021
0.002714
0.021577
0.003105
0.020585
0.002546
0.002419
0.021660
0.003361
0.019846
0.001694
0.002110
0.024339
0.001831
0.024118
0.003451
0.002291
0.022050
0.002892
0.024288
0.025105
0.003582
0.023392
0.003015
0.002468
0.021204
0.043058
0.002782
0.002935
0.004171
0.020527
0.025127
0.023012
0.021837
0.002357
0.002175
0.003503
