0.030318
0.032545
0.039570
0.033013
0.025269
0.023561
0.036223
0.027322
0.022655
0.037117
0.026059
0.039631
0.035906
0.035321
0.022212
0.031990
0.028104
0.037443
0.040336
0.026303
0.042338
0.032768
0.050626
0.028369
0.027793
0.026994
0.048722
0.026353
0.026305
0.029623
0.035650
0.029150
0.031696
0.032739
0.025161
0.030263
0.035229
0.030104
0.026612
0.018475
0.028168
0.025672
0.040597
0.037015
0.034457
0.041526
0.033229
0.025699
0.037997
0.022146
0.028816
0.042231
0.022217
0.028797
0.031613
0.031436
0.035429
0.032264
0.029995
0.020508
0.034143
0.048907
0.023369
0.025448
0.026311
0.027870
0.029195
0.025017
0.029279
0.029464
0.042854
0.027593
0.021364
0.036735
0.022735
0.029212
0.019410
0.043574
0.028488
0.031953
0.019818
0.035033
0.031622
0.025360
0.039698
0.041879
0.021521
0.023123
0.036477
0.039628
0.035942
0.029082
0.024484
0.021342
0.037264
0.034483
0.035008
0.021342
0.022467
0.033358
