0.023861
0.007774
0.037265
35.672132
1.297010
0.014152
0.043458
0.126257
0.025673
0.011421
0.015170
0.028179
0.030203
0.029770
0.027359
0.026954
0.029876
0.006040
0.022673
0.031779
0.041615
0.026508
0.047783
0.024275
0.009464
0.010455
0.008403
0.009349
0.028964
0.008149
0.027669
0.024292
0.032383
0.042584
0.011126
0.007381
0.009415
0.043124
0.019101
0.029561
0.012608
0.032180
0.041965
0.012309
0.027956
0.031824
0.006174
0.024330
0.027506
0.020057
0.028237
0.014950
0.045438
0.033405
0.015515
0.022808
0.006090
0.027909
0.038081
0.012350
0.009691
0.013893
0.027779
0.013186
0.008734
0.024602
0.029543
0.013899
0.017554
0.008047
0.027776
0.028157
0.027268
0.021938
0.014206
0.019897
0.026115
0.015130
0.036835
0.012687
0.029905
0.009946
0.018036
0.029677
0.007658
0.024840
0.202706
0.027894
0.026736
0.011271
0.013029
0.007268
0.008891
0.020076
0.046838
0.025930
0.011209
0.086369
0.022525
0.025784
