0.022516
0.021984
0.011961
0.006534
0.005631
0.024466
0.004147
0.011187
0.021079
0.005592
0.007202
0.023669
0.023906
0.027119
0.010640
0.006247
0.002507
0.008830
0.008530
0.028367
0.024012
0.002025
0.022499
0.026197
0.023571
0.003806
0.004347
0.009432
0.021038
0.011114
0.006594
0.004448
0.004287
0.008508
0.005062
0.022295
0.026862
0.003929
0.014361
0.007815
0.006553
0.022235
0.024248
0.003121
0.004662
0.007156
0.027979
0.021406
0.008933
0.003795
0.004344
0.009215
0.005974
0.010994
0.031653
0.021723
0.002618
0.020726
0.005395
0.006757
0.008966
0.003951
0.025340
0.004084
0.022505
0.023040
0.022260
0.026761
0.006882
0.008095
0.004106
0.006209
0.011170
0.008689
0.024450
0.005194
0.021618
0.007838
0.003804
0.021519
0.020241
0.006254
0.005010
0.003372
0.008718
0.007967
0.008742
0.010048
0.008030
0.021571
0.003907
0.008481
0.008651
0.023304
0.008656
0.021610
0.021322
0.007017
0.002525
0.027229
