0.015848
0.035124
0.021088
0.033657
0.046825
0.030288
0.024953
0.025450
0.016883
0.039253
0.016122
0.032731
0.042331
0.023160
0.046830
0.041838
0.050960
0.040935
0.029666
0.030539
0.015973
0.026747
0.048699
0.036022
0.029385
0.015398
0.023077
0.038011
0.031886
0.025918
0.042423
0.027912
0.046198
0.034122
0.031326
0.030281
0.036586
0.030309
0.048276
0.031127
0.049406
0.040529
0.015273
0.038226
0.037654
0.046842
0.049654
0.039791
0.020789
0.056795
0.042117
0.022651
0.023094
0.041916
0.032771
0.032510
0.022698
0.035190
0.034734
0.019894
0.030481
0.029193
0.026470
0.038461
0.023826
0.018162
0.031398
0.036020
0.020090
0.033167
0.040976
0.025025
0.039381
0.025508
0.039187
0.053340
0.008512
0.018009
0.039864
0.020910
0.030357
0.024797
0.043039
0.047587
0.035542
0.023236
0.013442
0.035719
0.023312
0.024128
0.025261
0.051637
0.025311
0.052393
0.034765
0.026085
0.039275
0.034439
0.021242
0.024197
