0.003808
0.004084
0.024031
0.003411
0.004370
0.002673
0.022249
0.004223
0.001979
0.006475
0.020748
0.020496
0.022753
0.000814
0.023373
0.001826
0.004622
0.002240
0.005246
0.001020
0.002974
0.024002
0.022904
0.003897
0.001939
0.000980
0.006832
0.002799
0.002832
0.003461
0.001905
0.021063
0.003433
0.003627
0.022387
0.004059
0.004202
0.020786
0.022377
0.023154
0.003230
0.022900
0.000913
0.023079
0.023608
0.006428
0.002788
0.022579
0.003384
0.001697
0.023403
0.004176
0.020501
0.001949
0.002789
0.007034
0.002514
0.022009
0.002246
0.002092
0.004687
0.024091
0.021925
0.022248
0.002504
0.021137
0.003261
0.020461
0.002444
0.002226
0.022083
0.003346
0.020769
0.001324
0.001905
0.022415
0.001475
0.024548
0.003217
0.002142
0.021272
0.002698
0.024195
0.023243
0.003138
0.021739
0.003122
0.002394
0.021798
0.022324
0.002609
0.002947
0.004224
0.021900
0.024041
0.024470
0.021876
0.002024
0.001711
0.003436
