0.050129
0.038449
0.048918
0.052130
0.038546
0.044584
0.055062
0.056811
0.040076
0.054165
0.058454
0.056791
0.062053
0.040395
0.033024
0.055884
0.057233
0.057063
0.064751
0.042815
0.053034
0.049415
0.069403
0.046946
0.051071
0.055303
0.066871
0.054421
0.042848
0.044896
0.054673
0.044412
0.049053
0.052908
0.047545
0.057003
0.049661
0.037907
0.040942
0.040011
0.044383
0.049248
0.043560
0.063755
0.044488
0.060351
0.038424
0.040464
0.058242
0.035096
0.038466
0.057753
0.052993
0.049461
0.043035
0.050409
0.049371
0.043118
0.048009
0.033586
0.049938
0.065775
0.042317
0.045682
0.053051
0.052577
0.045321
0.036465
0.045422
0.043130
0.051340
0.039042
0.042236
0.057804
0.046701
0.044608
0.032556
0.060131
0.041283
0.048610
0.046016
0.052902
0.047178
0.040126
0.065225
0.048230
0.039698
0.046429
0.050198
0.053459
0.045422
0.051307
0.036786
0.042470
0.051557
0.053457
0.055051
0.045720
0.031595
0.045436
