0.024343
0.006806
0.033372
0.025449
0.026885
0.014014
0.044783
0.018729
0.025462
0.011531
0.015119
0.026098
0.029995
0.028594
0.026428
0.026891
0.028871
0.006126
0.025715
0.029029
0.040152
0.028309
0.045855
0.024217
0.009160
0.012033
0.008284
0.008732
0.028134
0.008505
0.029654
0.025229
0.026412
0.040597
0.011080
0.007180
0.008884
0.040902
0.019109
0.028714
0.012983
0.028145
0.041704
0.012124
0.030518
0.029132
0.006331
0.024839
0.028023
0.020148
0.028078
0.014431
0.043721
0.030950
0.015615
0.022669
0.006080
0.026893
0.036764
0.012311
0.011677
0.013745
0.027607
0.013683
0.008412
0.026143
0.026503
0.013637
0.017332
0.007973
0.026711
0.024533
0.027125
0.023766
0.013998
0.019362
0.026037
0.015512
0.036218
0.012616
0.029714
0.010295
0.018240
0.028644
0.007705
0.024824
0.023212
0.026986
0.028958
0.011201
0.013052
0.008330
0.009142
0.024224
0.045401
0.025708
0.011526
0.027591
0.022606
0.022900
