0.424242
0.303030
0.303030
0.545455
0.363636
0.393939
0.181818
0.393939
0.030303
0.272727
0.030303
0.303030
0.393939
0.060606
0.181818
0.424242
0.242424
0.272727
0.272727
0.060606
0.393939
0.121212
0.181818
0.242424
0.151515
0.333333
0.030303
0.030303
0.484848
0.151515
0.242424
0.303030
0.545455
0.272727
0.303030
0.030303
0.181818
0.575758
0.242424
0.363636
0.212121
0.333333
0.151515
0.030303
0.060606
0.060606
0.363636
0.303030
0.060606
0.090909
0.030303
0.030303
0.151515
0.030303
0.030303
0.484848
0.121212
0.060606
0.030303
0.000000
0.303030
0.272727
0.090909
0.151515
0.030303
0.393939
0.090909
0.393939
0.060606
0.030303
0.090909
0.454545
0.363636
0.030303
0.272727
0.575758
0.454545
0.151515
0.363636
0.606061
0.696970
0.030303
0.030303
0.151515
0.545455
0.424242
0.030303
0.424242
0.303030
0.030303
0.333333
0.060606
0.727273
0.454545
0.606061
0.454545
0.424242
0.727273
0.848485
0.242424
0.030303
0.454545
0.030303
0.303030
0.363636
0.030303
0.363636
0.484848
0.030303
0.727273
0.212121
0.242424
0.333333
0.272727
0.030303
0.272727
0.454545
0.121212
0.303030
0.272727
0.303030
0.454545
0.181818
0.212121
0.333333
0.393939
0.333333
0.272727
0.393939
0.181818
0.090909
0.090909
0.060606
0.090909
0.121212
0.818182
0.121212
0.303030
0.090909
0.272727
0.030303
0.030303
0.030303
0.636364
0.060606
0.030303
0.030303
0.121212
0.212121
0.272727
0.424242
0.424242
0.030303
0.424242
0.363636
0.272727
0.030303
0.030303
0.303030
0.424242
0.333333
0.484848
0.030303
0.484848
0.484848
0.424242
0.151515
0.151515
0.121212
0.696970
0.030303
0.030303
0.030303
0.575758
0.333333
0.121212
0.666667
0.363636
0.393939
0.030303
0.333333
0.454545
0.575758
0.454545
0.454545
0.575758
0.090909
0.272727
0.393939
0.030303
0.515152
0.303030
0.030303
0.484848
0.030303
0.212121
0.363636
0.393939
0.545455
0.333333
0.727273
0.454545
0.515152
0.060606
0.181818
0.030303
0.030303
0.030303
0.303030
0.363636
0.030303
0.242424
0.333333
0.181818
0.242424
0.303030
0.030303
0.242424
0.030303
0.121212
0.303030
0.151515
0.363636
0.545455
0.181818
0.212121
0.060606
0.393939
0.242424
0.212121
0.090909
0.181818
0.030303
0.333333
0.030303
0.212121
0.090909
0.393939
0.545455
0.030303
0.090909
0.303030
0.212121
0.060606
0.121212
0.242424
0.030303
0.363636
0.363636
0.151515
0.363636
0.151515
0.121212
0.030303
0.545455
0.212121
0.303030
0.454545
0.121212
0.060606
0.181818
0.545455
0.030303
0.636364
0.363636
0.515152
0.060606
0.363636
0.303030
0.666667
0.363636
0.272727
0.030303
0.303030
0.454545
0.515152
0.424242
0.666667
0.090909
0.606061
0.757576
0.454545
0.242424
0.030303
1.000000
0.727273
0.242424
0.575758
0.272727
0.242424
0.545455
0.484848
0.454545
0.060606
0.212121
0.212121
0.636364
0.181818
0.030303
0.848485
0.030303
0.030303
0.030303
0.060606
0.030303
0.030303
0.121212
0.363636
0.090909
0.030303
0.303030
0.606061
0.272727
0.090909
0.060606
0.545455
0.303030
0.333333
0.151515
0.333333
0.363636
0.181818
0.212121
0.212121
0.242424
0.242424
0.484848
0.181818
0.212121
0.030303
0.090909
0.424242
0.030303
0.333333
0.363636
0.242424
0.151515
0.333333
0.030303
0.333333
0.090909
0.454545
0.242424
0.363636
0.515152
0.363636
0.272727
0.515152
0.121212
0.030303
0.242424
0.121212
0.151515
0.363636
0.272727
0.545455
0.303030
0.545455
0.818182
0.303030
0.242424
0.030303
0.454545
0.272727
0.030303
0.484848
0.030303
0.030303
0.454545
0.181818
0.030303
0.363636
0.484848
0.696970
0.030303
0.363636
0.000000
0.303030
0.030303
0.393939
0.818182
0.030303
0.363636
0.454545
0.030303
0.030303
0.303030
0.363636
0.030303
0.727273
0.030303
0.333333
0.030303
0.636364
0.666667
0.757576
0.121212
0.424242
0.303030
0.303030
0.575758
0.303030
0.333333
0.303030
0.030303
0.272727
0.363636
0.333333
0.212121
0.121212
0.030303
0.121212
0.030303
0.030303
0.242424
0.090909
0.242424
0.151515
0.151515
0.181818
0.333333
0.303030
0.454545
0.181818
0.484848
0.181818
0.060606
0.212121
0.030303
0.151515
0.303030
0.424242
0.121212
0.030303
0.272727
0.606061
0.090909
0.242424
0.060606
0.545455
0.090909
0.696970
0.424242
0.363636
0.303030
0.484848
0.787879
0.484848
0.272727
0.212121
0.181818
0.848485
0.151515
0.090909
0.212121
0.030303
0.151515
0.545455
0.333333
0.303030
0.363636
0.272727
0.272727
0.181818
0.484848
0.484848
0.303030
0.393939
0.030303
0.363636
0.424242
0.272727
0.181818
0.151515
0.333333
0.060606
0.151515
0.818182
0.030303
0.272727
0.272727
0.242424
0.484848
0.515152
0.303030
0.272727
0.333333
0.424242
0.030303
0.303030
0.181818
0.030303
0.030303
0.030303
0.242424
0.030303
0.151515
0.272727
0.030303
0.030303
0.121212
0.151515
0.363636
0.272727
0.060606
0.272727
0.181818
0.181818
0.393939
0.030303
0.030303
0.484848
0.363636
0.030303
0.151515
0.030303
0.333333
0.424242
0.030303
0.181818
0.666667
0.090909
0.151515
0.363636
0.484848
0.030303
0.212121
0.060606
0.242424
0.121212
0.363636
0.030303
0.212121
0.121212
0.484848
0.484848
0.666667
0.151515
0.151515
0.272727
0.242424
0.484848
0.545455
0.454545
0.212121
0.060606
0.212121
0.242424
0.757576
0.030303
0.272727
0.424242
0.606061
0.272727
0.242424
0.848485
0.393939
0.242424
0.575758
0.454545
0.242424
0.575758
0.696970
0.030303
0.212121
0.363636
0.484848
0.515152
0.181818
0.181818
0.090909
0.060606
0.363636
0.666667
0.424242
0.181818
0.454545
0.030303
0.575758
0.545455
0.030303
0.151515
0.696970
0.090909
0.242424
0.060606
0.060606
0.363636
0.030303
0.393939
0.242424
0.030303
0.181818
0.030303
0.424242
0.030303
0.151515
0.242424
0.181818
0.575758
0.333333
0.151515
0.363636
0.393939
0.454545
0.454545
0.181818
0.242424
0.424242
0.181818
0.393939
0.151515
0.181818
0.060606
0.181818
0.484848
0.121212
0.030303
0.424242
0.151515
0.363636
0.030303
0.363636
0.393939
0.151515
0.424242
0.030303
0.606061
0.575758
0.515152
0.424242
0.121212
0.151515
0.272727
0.303030
0.121212
0.030303
0.393939
0.121212
0.181818
0.181818
0.030303
0.121212
0.060606
0.090909
0.242424
0.696970
0.181818
0.090909
0.030303
0.030303
0.090909
0.272727
0.151515
0.606061
0.303030
0.151515
0.363636
0.333333
0.090909
0.030303
0.393939
0.242424
0.424242
0.363636
0.303030
0.333333
0.000000
0.121212
0.181818
0.303030
0.212121
0.575758
0.393939
0.242424
0.090909
0.333333
0.121212
0.363636
0.454545
0.393939
0.424242
0.151515
0.060606
0.424242
0.272727
0.515152
0.242424
0.030303
0.060606
0.575758
0.060606
0.272727
0.515152
0.030303
0.151515
0.030303
0.030303
0.333333
0.030303
0.606061
0.393939
0.303030
0.030303
0.272727
0.272727
0.333333
0.212121
0.151515
0.333333
0.454545
0.030303
0.393939
0.030303
0.363636
0.151515
0.181818
0.333333
0.181818
0.454545
0.030303
0.060606
0.454545
0.060606
0.363636
0.030303
0.333333
0.030303
0.363636
0.181818
0.030303
0.030303
0.272727
0.787879
0.000000
0.030303
0.303030
0.484848
0.181818
0.030303
0.393939
0.212121
0.969697
0.303030
0.242424
0.424242
0.787879
0.666667
0.030303
0.181818
0.484848
0.030303
0.090909
0.030303
0.181818
0.484848
0.454545
0.181818
0.545455
0.060606
0.454545
0.424242
0.212121
0.303030
0.090909
0.636364
0.484848
0.030303
0.030303
0.090909
0.030303
0.030303
0.272727
0.212121
0.242424
0.181818
0.303030
0.090909
0.333333
0.030303
0.242424
0.090909
0.030303
0.242424
0.060606
0.333333
0.030303
0.242424
0.151515
0.030303
0.575758
0.030303
0.030303
0.030303
0.030303
0.303030
0.181818
0.575758
0.272727
0.454545
0.333333
0.575758
0.484848
0.030303
0.151515
0.030303
0.333333
0.212121
0.484848
0.393939
0.151515
0.272727
0.060606
0.060606
0.666667
0.393939
0.333333
0.242424
0.393939
0.454545
0.393939
0.181818
0.030303
0.181818
0.242424
0.303030
0.212121
0.333333
0.212121
0.212121
0.575758
0.515152
0.424242
0.181818
0.575758
0.060606
0.181818
0.272727
0.030303
0.121212
0.393939
0.151515
0.060606
0.606061
0.606061
0.575758
0.393939
0.121212
0.030303
0.303030
0.151515
0.242424
0.272727
0.787879
0.242424
0.090909
0.212121
0.030303
0.030303
0.090909
0.424242
0.545455
0.969697
0.575758
0.393939
0.272727
0.272727
0.151515
0.151515
0.272727
0.272727
0.363636
0.030303
0.333333
0.030303
0.393939
0.727273
0.212121
0.333333
0.060606
0.575758
0.030303
0.030303
0.151515
0.212121
0.060606
0.272727
0.212121
0.545455
0.424242
0.090909
0.484848
0.151515
0.242424
0.151515
0.090909
0.030303
0.181818
0.030303
0.545455
0.303030
0.151515
0.424242
0.454545
0.121212
0.272727
0.121212
0.151515
0.030303
0.030303
0.030303
0.303030
0.454545
0.272727
0.121212
0.090909
0.454545
0.212121
0.242424
0.242424
0.030303
0.484848
0.242424
0.515152
0.151515
0.303030
0.242424
0.151515
0.272727
0.363636
0.030303
0.515152
0.030303
0.090909
0.090909
0.424242
0.090909
0.030303
0.303030
0.060606
0.151515
0.484848
0.060606
0.060606
0.242424
0.363636
0.484848
0.303030
0.575758
0.333333
0.333333
0.030303
0.030303
0.212121
0.454545
0.333333
0.151515
0.757576
0.181818
0.484848
0.212121
0.030303
0.181818
0.181818
0.030303
0.181818
0.727273
0.333333
0.242424
0.303030
0.212121
0.060606
0.030303
0.090909
0.030303
0.212121
0.333333
0.272727
0.272727
0.181818
0.242424
0.242424
0.363636
0.030303
0.212121
0.212121
0.181818
0.575758
0.030303
0.030303
0.303030
0.030303
0.303030
0.393939
0.454545
0.242424
0.121212
0.242424
0.030303
0.818182
0.212121
0.030303
0.424242
0.060606
0.515152
0.121212
0.424242
0.303030
0.484848
0.333333
0.060606
0.303030
0.181818
0.212121
0.030303
0.333333
0.181818
0.272727
0.606061
0.030303
0.181818
0.030303
0.060606
0.303030
0.545455
0.696970
0.272727
0.363636
0.606061
0.454545
0.333333
0.272727
0.212121
0.636364
0.363636
0.363636
0.151515
0.151515
0.424242
0.515152
0.030303
0.333333
0.454545
0.303030
0.030303
0.030303
0.151515
0.424242
0.606061
0.424242
0.030303
0.424242
0.484848
0.242424
0.606061
0.303030
0.333333
0.212121
0.121212
0.242424
0.030303
0.121212
0.121212
0.151515
0.181818
0.090909
0.181818
0.363636
0.575758
0.181818
0.272727
0.242424
0.272727
0.303030
0.303030
0.575758
0.212121
0.393939
0.272727
0.272727
0.272727
0.030303
0.121212
0.363636
0.454545
0.303030
0.272727
0.272727
0.090909
0.121212
0.303030
0.030303
0.030303
0.212121
0.212121
0.363636
0.151515
0.060606
0.151515
0.363636
0.424242
0.121212
0.212121
0.424242
0.030303
0.272727
0.060606
0.757576
0.030303
0.484848
0.393939
0.030303
0.272727
0.030303
0.030303
0.212121
0.272727
0.575758
0.424242
0.303030
0.242424
0.060606
0.030303
0.060606
0.272727
0.030303
0.333333
0.121212
0.393939
0.212121
0.030303
0.090909
0.333333
0.030303
0.484848
0.242424
0.606061
0.333333
0.454545
0.242424
0.212121
0.393939
0.212121
0.424242
0.424242
0.363636
0.030303
0.212121
0.181818
0.303030
0.090909
0.363636
0.333333
0.424242
0.363636
0.363636
0.181818
0.272727
0.272727
0.030303
0.181818
0.090909
0.333333
0.333333
0.636364
0.030303
0.030303
0.121212
0.272727
0.454545
0.121212
0.090909
0.212121
0.333333
0.030303
0.030303
0.030303
0.242424
0.272727
0.212121
0.212121
0.060606
0.121212
0.363636
0.303030
0.030303
0.030303
0.000000
0.030303
0.454545
0.030303
0.151515
0.090909
0.333333
0.212121
0.303030
0.484848
0.060606
0.181818
0.606061
0.272727
0.424242
0.333333
0.030303
0.030303
0.303030
0.121212
0.303030
0.515152
0.575758
0.121212
0.515152
0.030303
0.272727
0.696970
0.454545
0.030303
0.212121
0.363636
0.151515
0.090909
0.030303
0.363636
0.151515
0.121212
0.242424
0.151515
0.090909
0.212121
0.424242
0.121212
0.696970
0.181818
0.272727
0.151515
0.181818
0.818182
0.151515
0.606061
0.303030
0.151515
0.151515
0.424242
0.424242
0.454545
0.454545
0.030303
0.242424
0.333333
0.030303
0.121212
0.272727
0.393939
0.030303
0.424242
0.454545
0.333333
0.030303
0.393939
0.030303
0.030303
0.212121
0.424242
0.393939
0.090909
0.393939
0.242424
0.272727
0.030303
0.484848
0.272727
0.303030
0.303030
0.151515
0.030303
0.272727
0.030303
0.181818
0.030303
0.181818
0.181818
0.575758
0.181818
0.090909
0.030303
0.303030
0.181818
0.333333
0.303030
0.181818
0.030303
0.484848
0.333333
0.030303
0.303030
0.181818
0.212121
0.090909
0.363636
0.393939
0.030303
0.696970
0.030303
0.727273
0.212121
0.090909
0.606061
0.181818
0.363636
0.303030
0.030303
0.484848
0.121212
0.030303
