0.699482
0.740933
0.789292
0.813472
0.829016
0.806563
0.832470
0.792746
0.765976
0.787565
0.817789
0.801382
0.821244
0.843696
0.788428
0.814335
0.841105
0.840242
0.851468
0.860967
0.796200
0.864421
0.792746
0.876511
0.878238
0.835924
0.806563
0.796200
0.845423
0.784974
0.857513
0.860104
0.841969
0.860967
0.833333
0.827288
0.830743
0.869603
0.851468
0.828152
0.860104
0.880829
0.827288
0.916235
0.829016
0.858377
0.902418
0.835060
0.778929
0.842832
0.907599
0.830743
0.837651
0.873057
0.800518
0.892055
0.851468
0.863558
0.856649
0.829016
0.866149
0.876511
0.832470
0.873921
0.812608
0.736615
0.905872
0.831606
0.812608
0.855786
0.894646
0.846287
0.867012
0.862694
0.850604
0.814335
0.879102
0.871330
0.826425
0.867876
0.766839
0.794473
0.792746
0.835060
0.848877
0.800518
0.785838
0.775475
0.761658
0.783247
0.814335
0.861831
0.805699
0.783247
0.627807
0.732297
0.813472
0.812608
0.720207
0.813472
0.750432
0.831606
0.818653
0.869603
0.884283
0.816926
0.852332
0.881693
0.865285
0.842832
0.787565
0.825561
0.781520
0.829016
0.858377
0.803972
0.832470
0.855786
0.855786
0.861831
0.916235
0.858377
0.815199
0.820380
0.752159
0.867012
0.885147
0.859240
0.841969
0.819516
0.784974
0.849741
0.840242
0.873057
0.865285
0.807427
0.873057
0.859240
0.846287
0.877375
0.910190
0.923143
0.873057
0.854059
0.810881
0.879102
0.919689
0.815199
0.875648
0.803109
0.852332
0.859240
0.898100
0.797927
0.796200
0.858377
0.836788
0.825561
0.860104
0.866149
0.877375
0.879965
0.879965
0.846287
0.893782
0.848014
0.770294
0.876511
0.841969
0.781520
0.847150
0.859240
0.807427
0.848877
0.812608
0.865285
0.810881
0.828152
0.832470
0.810017
0.790155
0.769430
0.902418
0.836788
0.771157
0.871330
0.842832
0.810881
0.636442
0.663212
0.656304
0.752159
0.795337
0.750432
0.862694
0.836788
0.807427
0.849741
0.788428
0.862694
0.822971
0.751295
0.822971
0.759931
0.771157
0.781520
0.797927
0.778066
0.781520
0.779793
0.812608
0.860967
0.854922
0.926598
0.867876
0.864421
0.861831
0.867876
0.861831
0.855786
0.854922
0.873921
0.848877
0.841105
0.895509
0.882556
0.860104
0.855786
0.883420
0.917962
0.893782
0.888601
0.896373
0.904145
0.954231
0.884283
0.909326
0.857513
0.876511
0.848877
0.854922
0.905872
0.855786
0.855786
0.828152
0.822107
0.914508
0.910190
0.895509
0.848877
0.899827
0.823834
0.886874
0.886874
0.794473
0.767703
0.789292
0.867012
0.787565
0.842832
0.807427
0.860104
0.773748
0.851468
0.776339
0.830743
0.857513
0.886010
0.726252
0.493092
0.672712
0.783247
0.797064
0.810881
0.830743
0.840242
0.848877
0.822107
0.760794
0.756477
0.743523
0.801382
0.782383
0.666667
0.689983
0.882556
0.762522
0.781520
0.872193
0.844560
0.865285
0.861831
0.857513
0.836788
0.841105
0.835924
0.806563
0.556995
0.475820
0.567358
0.746978
0.813472
0.848877
0.760794
0.827288
0.819516
0.817789
0.844560
0.821244
0.839378
0.820380
0.706390
0.795337
0.843696
0.862694
0.908463
0.742660
0.791883
0.854059
0.772021
0.807427
0.898100
0.828152
0.863558
0.878238
0.797064
0.842832
0.783247
0.878238
0.812608
0.831606
0.862694
0.882556
0.885147
0.883420
0.848014
0.825561
0.843696
0.830743
0.851468
0.869603
0.905872
0.898100
0.886010
0.809154
0.899827
0.869603
0.862694
0.870466
0.838515
0.773748
0.765976
0.856649
0.819516
0.805699
0.841969
0.879965
0.854922
0.881693
0.855786
0.832470
0.712435
0.604491
0.712435
0.689119
0.842832
0.775475
0.860104
0.816926
0.821244
0.829879
0.800518
0.782383
0.797927
0.816926
0.806563
0.877375
0.809154
0.653713
0.720207
0.804836
0.716753
0.856649
0.724525
0.828152
0.822971
0.912781
0.878238
0.881693
0.836788
0.828152
0.832470
0.825561
0.831606
0.749568
0.691710
0.753022
0.807427
0.787565
0.848877
0.818653
0.847150
0.865285
0.776339
0.752159
0.724525
0.879965
0.829879
0.869603
0.815199
0.879965
0.905872
0.879102
0.909326
0.904145
0.847150
0.915371
0.872193
0.863558
0.816926
0.865285
0.867876
0.893782
0.856649
0.885147
0.862694
0.879102
0.819516
0.877375
0.869603
0.859240
0.874784
0.923143
0.854922
0.856649
0.866149
0.853195
0.856649
0.852332
0.832470
0.810017
0.801382
0.821244
0.874784
0.853195
0.794473
0.887737
0.743523
0.786701
0.826425
0.824698
0.853195
0.766839
0.761658
0.772884
0.779793
0.843696
0.860104
0.893782
0.814335
0.837651
0.792746
0.852332
0.811744
0.826425
0.841969
0.869603
0.849741
0.781520
0.836788
0.830743
0.639033
0.721071
0.829879
0.848014
0.855786
0.850604
0.827288
0.838515
0.836788
0.792746
0.772884
0.870466
0.822971
0.802245
0.904145
0.854922
0.863558
0.884283
0.892919
0.834197
0.826425
0.832470
0.820380
0.807427
0.839378
0.881693
0.844560
0.861831
0.905009
0.832470
0.879965
0.890328
0.877375
0.790155
0.812608
0.844560
0.865285
0.820380
0.906736
0.829016
0.823834
0.911054
0.869603
0.852332
0.898100
0.825561
0.817789
0.895509
0.850604
0.868739
0.949914
0.852332
0.968912
0.898964
0.881693
0.882556
0.848877
0.886010
0.927461
0.918826
0.808290
0.917098
0.870466
0.831606
0.878238
0.885147
0.907599
0.836788
0.892055
0.853195
0.846287
0.830743
0.832470
0.876511
0.854059
0.877375
0.784974
0.917962
0.917962
0.816926
0.797064
0.817789
0.821244
0.797064
0.814335
0.835924
0.879102
0.895509
0.876511
0.914508
0.889465
0.864421
0.664076
0.766839
0.841969
0.805699
0.831606
0.812608
0.850604
0.829879
0.802245
0.746114
0.782383
0.821244
0.811744
0.837651
0.868739
0.829879
0.908463
0.852332
0.869603
0.848877
0.911054
0.873057
0.783247
0.816926
0.799655
0.812608
0.753022
0.848014
0.838515
0.779793
0.838515
0.898100
0.886874
0.901554
0.837651
0.821244
0.852332
0.865285
0.895509
0.810881
0.826425
0.816062
0.825561
0.848877
0.847150
0.815199
0.836788
0.870466
0.880829
0.829016
0.842832
0.842832
0.823834
0.910190
0.864421
0.832470
0.860104
0.886874
0.910190
0.876511
0.859240
0.877375
0.854922
0.804836
0.830743
0.811744
0.865285
0.884283
0.932642
0.847150
0.857513
0.861831
0.824698
0.884283
0.905009
0.930052
0.930052
0.914508
0.852332
0.897237
0.828152
0.867012
0.857513
0.848877
0.777202
0.873921
0.836788
0.905009
0.886874
0.803109
0.823834
0.904145
0.814335
0.637306
0.686528
0.667530
0.822107
0.828152
0.829016
0.848877
0.866149
0.914508
0.829879
0.830743
0.823834
0.752159
0.772021
0.789292
0.847150
0.834197
0.852332
0.882556
0.848014
0.911054
0.889465
0.882556
0.897237
0.867012
0.879965
0.881693
0.833333
0.886874
0.863558
0.899827
0.876511
0.841105
0.876511
0.830743
0.878238
0.845423
0.829016
0.890328
0.735751
0.841105
0.924870
0.896373
0.912781
0.892055
0.898964
0.921416
0.897237
0.863558
0.901554
0.858377
0.895509
0.917098
0.854922
0.829879
0.885147
0.829016
0.936097
0.876511
0.922280
0.935233
0.910190
0.817789
0.907599
0.887737
0.838515
0.815199
0.810017
0.848014
0.896373
0.917962
0.890328
0.870466
0.908463
0.871330
0.938687
0.845423
0.820380
0.780656
0.760794
0.860967
0.835060
0.729706
0.778066
0.765112
0.796200
0.757340
0.840242
0.828152
0.816062
0.849741
0.786701
0.785838
0.757340
0.674439
0.869603
0.896373
0.869603
0.851468
0.830743
0.865285
0.868739
0.880829
0.835060
0.880829
0.830743
0.869603
0.795337
0.718480
0.688256
0.760794
0.849741
0.900691
0.904145
0.911917
0.861831
0.913644
0.951641
0.850604
0.908463
0.962867
0.826425
0.880829
0.868739
0.810881
0.885147
0.878238
0.916235
0.889465
0.899827
0.939551
0.879102
0.922280
0.849741
0.892919
0.869603
0.880829
0.928325
0.925734
0.874784
0.856649
0.888601
0.847150
0.920553
0.879965
0.895509
0.898100
0.860104
0.940415
0.793610
0.907599
0.903282
0.905872
0.892055
0.898100
0.930915
0.867012
0.906736
0.835924
0.841105
0.864421
0.882556
0.837651
0.803972
0.801382
0.839378
0.891192
0.854922
0.895509
0.915371
0.820380
0.822107
0.802245
0.772884
0.740069
0.854922
0.864421
0.816926
0.872193
0.891192
0.940415
0.879965
0.841105
0.842832
0.867876
0.810881
0.880829
0.718480
0.741796
0.796200
0.841969
0.864421
0.848014
0.837651
0.901554
0.955095
0.916235
0.904145
0.869603
0.881693
0.913644
0.848877
0.815199
0.817789
0.822107
0.905009
0.866149
0.907599
0.872193
0.839378
0.836788
0.817789
0.873057
0.826425
0.858377
0.851468
0.829879
0.905009
0.798791
0.800518
0.884283
0.827288
0.859240
0.829016
0.879102
0.838515
0.899827
0.876511
0.832470
0.873057
0.857513
0.892055
0.823834
0.829016
0.890328
0.863558
0.867012
0.899827
0.860104
0.936960
0.899827
0.848877
0.809154
0.834197
0.910190
0.869603
0.841969
0.879965
0.856649
0.919689
0.950777
0.864421
0.851468
0.822107
0.931779
0.870466
0.881693
0.848014
0.822107
0.908463
0.929188
0.888601
0.909326
0.873057
0.888601
0.873921
0.855786
0.899827
0.872193
0.883420
0.882556
0.893782
0.913644
0.886010
0.884283
0.918826
0.828152
0.869603
0.867876
0.894646
0.892919
0.898100
0.688256
0.803972
0.910190
0.878238
0.905872
0.895509
0.863558
0.893782
0.886010
0.931779
0.866149
0.886874
0.866149
0.887737
0.940415
0.876511
0.918826
0.857513
0.865285
0.783247
0.728843
0.888601
0.908463
0.861831
0.796200
0.905009
1.000000
0.835924
0.906736
0.930915
0.949050
0.875648
0.878238
0.863558
0.854922
0.873057
0.913644
0.869603
0.860967
0.867876
0.865285
0.849741
0.854922
0.877375
0.893782
0.939551
0.800518
0.842832
0.847150
0.851468
0.885147
0.843696
0.848877
0.816062
0.790155
0.779793
0.797927
0.831606
0.815199
0.767703
0.777202
0.835924
0.807427
0.814335
0.754750
0.815199
0.783247
0.762522
0.886010
0.828152
0.825561
0.861831
0.842832
0.779793
0.783247
0.803109
0.775475
0.886874
0.866149
0.814335
0.842832
0.815199
0.914508
0.851468
0.817789
0.866149
0.889465
0.858377
0.864421
0.905009
0.835060
0.862694
0.816926
0.791883
0.728843
0.824698
0.853195
0.899827
0.860104
0.866149
0.845423
0.876511
0.900691
0.865285
0.843696
0.872193
0.831606
0.811744
0.856649
0.848014
0.863558
0.851468
0.847150
0.901554
0.858377
0.862694
0.878238
0.864421
0.815199
0.843696
0.848877
0.858377
0.901554
0.824698
0.861831
0.791019
0.753022
0.837651
0.857513
0.922280
0.836788
0.884283
0.851468
0.895509
0.868739
0.846287
0.919689
0.908463
0.854922
0.838515
0.900691
0.841105
0.814335
0.847150
0.854059
0.845423
0.894646
0.830743
0.821244
0.861831
0.860104
0.834197
0.907599
0.894646
0.817789
0.849741
0.786701
0.849741
0.841105
0.865285
0.878238
0.920553
0.858377
0.843696
0.860967
0.844560
0.913644
0.860967
0.841105
0.813472
0.898100
0.792746
0.826425
0.883420
0.899827
0.803972
0.802245
0.892919
0.858377
0.879965
0.932642
0.854059
0.818653
0.829016
0.880829
0.860104
0.854922
0.875648
0.702936
0.787565
0.701209
0.886010
0.909326
0.886010
0.829016
0.911917
0.894646
0.827288
0.856649
0.938687
0.892919
0.877375
0.866149
0.895509
0.875648
0.866149
0.854059
0.833333
0.829016
0.913644
0.839378
0.806563
0.854059
0.886874
0.884283
0.910190
0.892055
0.887737
0.880829
0.812608
0.848014
0.873057
0.838515
0.886010
0.840242
0.888601
0.871330
0.885147
0.889465
0.936097
0.880829
0.844560
0.887737
0.829879
0.882556
0.837651
0.839378
0.822107
0.900691
0.853195
0.823834
0.882556
0.869603
0.832470
0.901554
0.882556
0.930915
0.850604
0.880829
0.879102
0.888601
0.898964
0.869603
0.869603
0.896373
0.879965
0.886010
0.877375
0.884283
0.903282
0.848877
0.795337
0.845423
0.840242
0.764249
0.895509
0.870466
0.889465
0.923143
0.830743
0.888601
0.823834
0.859240
0.868739
0.867876
0.894646
0.909326
0.849741
0.902418
0.839378
0.830743
0.893782
0.868739
0.692573
0.702073
0.733161
0.861831
0.862694
0.898964
0.803972
0.858377
0.869603
0.952504
0.821244
0.860967
0.873057
0.893782
0.917098
0.847150
0.787565
0.788428
0.787565
0.898964
0.880829
0.850604
0.880829
0.852332
0.839378
0.867012
0.813472
0.869603
0.841969
0.851468
0.865285
0.860104
0.848014
0.848877
0.810881
0.850604
0.896373
0.862694
0.815199
0.835924
0.870466
0.947323
0.896373
0.845423
0.873921
0.890328
0.827288
0.911917
0.864421
0.833333
0.859240
0.852332
0.879102
0.867876
0.850604
0.905872
0.857513
0.925734
0.862694
0.904145
0.873057
0.844560
0.874784
0.813472
0.829879
0.822107
0.903282
0.815199
0.898964
0.810881
0.862694
0.812608
0.864421
0.894646
0.898964
0.903282
0.858377
0.846287
0.882556
0.856649
0.860104
0.864421
0.869603
0.841969
0.841105
0.776339
0.806563
0.791019
0.817789
0.777202
0.842832
0.849741
0.867012
