0.007634
0.007634
0.007634
0.007634
0.137405
0.122137
0.007634
0.007634
0.083969
0.320611
0.152672
0.038168
0.030534
0.007634
0.007634
0.007634
0.007634
0.137405
0.007634
0.007634
0.007634
0.007634
0.007634
0.007634
0.007634
0.007634
0.007634
0.007634
0.129771
0.007634
0.007634
0.007634
0.007634
0.000000
0.007634
0.007634
0.053435
0.007634
0.038168
0.007634
0.351145
0.068702
0.129771
0.007634
0.007634
0.007634
0.007634
0.007634
0.007634
0.007634
0.007634
0.160305
0.007634
0.007634
0.183206
0.167939
0.213740
0.007634
0.007634
0.053435
0.007634
0.007634
0.007634
0.007634
0.007634
0.076336
0.480916
0.007634
0.007634
0.007634
0.007634
0.007634
0.007634
0.007634
0.007634
0.007634
0.007634
0.007634
0.007634
0.007634
0.251908
0.007634
0.236641
0.358779
0.007634
0.007634
0.007634
0.152672
0.297710
0.022901
0.061069
0.007634
0.236641
0.007634
0.007634
0.190840
0.007634
0.274809
0.007634
0.007634
0.007634
0.007634
0.305344
0.007634
0.007634
0.045802
0.106870
0.083969
0.007634
0.007634
0.099237
0.038168
0.145038
0.007634
0.007634
0.007634
0.213740
0.175573
0.175573
0.244275
0.236641
0.236641
0.007634
0.007634
0.007634
0.007634
0.007634
0.007634
0.007634
0.007634
0.007634
0.160305
0.358779
0.145038
0.053435
0.007634
0.267176
0.007634
0.061069
0.007634
0.007634
0.007634
0.007634
0.007634
0.007634
0.007634
0.007634
0.038168
0.030534
0.366412
0.007634
0.114504
0.007634
0.076336
0.007634
0.007634
0.007634
0.007634
0.015267
0.122137
0.221374
0.335878
0.007634
0.007634
0.557252
0.381679
0.007634
0.236641
0.007634
0.007634
0.007634
0.007634
0.038168
0.007634
0.007634
0.053435
0.007634
0.007634
0.183206
0.022901
0.015267
0.404580
0.152672
0.007634
0.007634
0.229008
0.167939
0.007634
0.106870
0.389313
0.007634
0.091603
0.183206
0.007634
0.007634
0.007634
0.389313
0.129771
0.007634
0.122137
0.007634
0.007634
0.007634
0.076336
0.244275
0.007634
0.007634
0.015267
0.007634
0.015267
0.106870
0.007634
0.007634
0.007634
0.450382
0.832061
0.801527
0.015267
0.007634
0.007634
0.068702
0.160305
0.007634
0.007634
0.007634
0.091603
0.007634
0.007634
0.007634
0.251908
0.328244
0.083969
0.038168
0.007634
0.007634
0.007634
0.007634
0.000000
0.007634
0.007634
0.007634
0.007634
0.320611
0.007634
0.045802
0.007634
0.007634
0.045802
0.007634
0.145038
0.007634
0.236641
0.007634
0.007634
0.007634
0.007634
0.198473
0.007634
0.007634
0.259542
0.282443
0.007634
0.007634
0.007634
0.007634
0.389313
0.175573
0.335878
0.946565
0.007634
0.053435
0.007634
0.137405
0.007634
0.007634
0.007634
0.152672
0.167939
0.213740
0.007634
0.007634
0.007634
0.007634
0.007634
0.442748
0.007634
0.442748
0.007634
0.007634
0.007634
0.007634
0.053435
0.007634
0.007634
0.007634
0.007634
0.022901
0.366412
0.007634
0.106870
1.000000
0.740458
0.007634
0.122137
0.305344
0.007634
0.007634
0.374046
0.007634
0.007634
0.328244
0.007634
0.007634
0.007634
0.007634
0.007634
0.038168
0.137405
0.305344
0.007634
0.213740
0.007634
0.007634
0.007634
0.091603
0.007634
0.007634
0.007634
0.007634
0.015267
0.007634
0.007634
0.007634
0.007634
0.007634
0.160305
0.007634
0.137405
0.007634
0.007634
0.083969
0.007634
0.007634
0.007634
0.091603
0.007634
0.007634
0.007634
0.007634
0.007634
0.091603
0.007634
0.015267
0.007634
0.083969
0.007634
0.007634
0.007634
0.007634
0.007634
0.007634
0.007634
0.007634
0.015267
0.351145
0.358779
0.007634
0.007634
0.007634
0.007634
0.007634
0.007634
0.091603
0.007634
0.007634
0.007634
0.007634
0.007634
0.007634
0.015267
0.007634
0.007634
0.022901
0.007634
0.007634
0.038168
0.007634
0.122137
0.007634
0.007634
0.007634
0.015267
0.007634
0.007634
0.007634
0.251908
0.221374
0.007634
0.038168
0.007634
0.007634
0.015267
0.007634
0.114504
0.297710
0.007634
0.007634
0.007634
0.007634
0.007634
0.122137
0.007634
0.282443
0.007634
0.007634
0.091603
0.007634
0.053435
0.007634
0.007634
0.007634
0.007634
0.007634
0.007634
0.007634
0.007634
0.007634
0.007634
0.007634
0.190840
0.083969
0.007634
0.007634
0.007634
0.061069
0.007634
0.274809
0.007634
0.007634
0.175573
0.106870
0.083969
0.007634
0.015267
0.007634
0.007634
0.007634
0.007634
0.007634
0.511450
0.419847
0.007634
0.366412
0.007634
0.007634
0.045802
0.229008
0.213740
0.083969
0.007634
0.007634
0.007634
0.007634
0.007634
0.007634
0.007634
0.007634
0.053435
0.007634
0.229008
0.190840
0.335878
0.587786
0.022901
0.022901
0.114504
0.007634
0.007634
0.007634
0.129771
0.007634
0.007634
0.290076
0.007634
0.007634
0.007634
0.007634
0.213740
0.007634
0.007634
0.007634
0.007634
0.152672
0.145038
0.282443
0.007634
0.007634
0.007634
0.022901
0.061069
0.175573
0.007634
0.007634
0.007634
0.106870
0.114504
0.061069
0.007634
0.007634
0.007634
0.007634
0.007634
0.007634
0.007634
0.007634
0.007634
0.007634
0.007634
0.007634
0.007634
0.007634
0.007634
0.007634
0.007634
0.007634
0.030534
0.000000
0.007634
0.007634
0.015267
0.175573
0.007634
0.007634
0.007634
0.007634
0.007634
0.061069
0.007634
0.053435
0.007634
0.007634
0.198473
0.007634
0.030534
0.007634
0.007634
0.007634
0.007634
0.007634
0.015267
0.007634
0.396947
0.007634
0.007634
0.007634
0.007634
0.061069
0.007634
0.007634
0.007634
0.152672
0.007634
0.007634
0.007634
0.007634
0.007634
0.007634
0.007634
0.007634
0.007634
0.007634
0.435115
0.007634
0.007634
0.007634
0.358779
0.007634
0.206107
0.007634
0.427481
0.007634
0.007634
0.007634
0.007634
0.007634
0.007634
0.007634
0.061069
0.190840
0.038168
0.007634
0.007634
0.190840
0.007634
0.152672
0.022901
0.015267
0.007634
0.007634
0.007634
0.007634
0.007634
0.007634
0.007634
0.007634
0.007634
0.007634
0.007634
0.007634
0.007634
0.007634
0.007634
0.007634
0.007634
0.007634
0.007634
0.007634
0.007634
0.007634
0.007634
0.007634
0.007634
0.007634
0.007634
0.030534
0.007634
0.083969
0.007634
0.007634
0.007634
0.251908
0.366412
0.427481
0.007634
0.015267
0.007634
0.007634
0.007634
0.007634
0.007634
0.007634
0.259542
0.007634
0.007634
0.007634
0.335878
0.549618
0.007634
0.007634
0.396947
0.007634
0.007634
0.007634
0.007634
0.007634
0.007634
0.007634
0.007634
0.007634
0.007634
0.007634
0.007634
0.007634
0.007634
0.007634
0.007634
0.007634
0.007634
0.030534
0.389313
0.091603
0.007634
0.091603
0.007634
0.007634
0.007634
0.038168
0.007634
0.068702
0.045802
0.007634
0.007634
0.007634
0.068702
0.007634
0.007634
0.007634
0.229008
0.007634
0.007634
0.007634
0.389313
0.007634
0.007634
0.007634
0.007634
0.007634
0.007634
0.007634
0.007634
0.007634
0.007634
0.007634
0.007634
0.007634
0.007634
0.007634
0.007634
0.007634
0.007634
0.007634
0.007634
0.007634
0.007634
0.007634
0.007634
0.068702
0.282443
0.007634
0.099237
0.007634
0.007634
0.007634
0.007634
0.030534
0.007634
0.114504
0.007634
0.007634
0.007634
0.007634
0.007634
0.007634
0.007634
0.007634
0.007634
0.007634
0.007634
0.007634
0.007634
0.007634
0.045802
0.007634
0.007634
0.007634
0.007634
0.007634
0.007634
0.007634
0.007634
0.007634
0.007634
0.007634
0.007634
0.007634
0.007634
0.007634
0.007634
0.015267
0.007634
0.007634
0.007634
0.007634
0.236641
0.312977
0.007634
0.007634
0.190840
0.007634
0.007634
0.007634
0.167939
0.045802
0.389313
0.343511
0.312977
0.007634
0.007634
0.007634
0.007634
0.251908
0.106870
0.007634
0.007634
0.007634
0.007634
0.007634
0.007634
0.007634
0.007634
0.007634
0.007634
0.007634
0.007634
0.022901
0.007634
0.007634
0.007634
0.007634
0.007634
0.015267
0.007634
0.007634
0.007634
0.007634
0.007634
0.007634
0.007634
0.007634
0.015267
0.007634
0.007634
0.007634
0.007634
0.007634
0.007634
0.007634
0.412214
0.702290
0.007634
0.236641
0.007634
0.007634
0.007634
0.106870
0.007634
0.007634
0.007634
0.007634
0.007634
0.244275
0.007634
0.007634
0.007634
0.007634
0.007634
0.007634
0.000000
0.007634
0.007634
0.007634
0.007634
0.007634
0.007634
0.007634
0.007634
0.007634
0.007634
0.007634
0.007634
0.007634
0.007634
0.007634
0.007634
0.007634
0.007634
0.007634
0.007634
0.374046
0.229008
0.007634
0.007634
0.106870
0.007634
0.137405
0.007634
0.007634
0.007634
0.106870
0.129771
0.297710
0.160305
0.007634
0.007634
0.007634
0.007634
0.007634
0.007634
0.007634
0.007634
0.007634
0.007634
0.007634
0.007634
0.007634
0.053435
0.007634
0.007634
0.007634
0.007634
0.007634
0.007634
0.007634
0.007634
0.007634
0.007634
0.007634
0.007634
0.015267
0.007634
0.007634
0.007634
0.007634
0.007634
0.076336
0.007634
0.007634
0.007634
0.007634
0.007634
0.053435
0.007634
0.007634
0.007634
0.007634
0.007634
0.007634
0.160305
0.007634
0.007634
0.175573
0.007634
0.068702
0.007634
0.007634
0.053435
0.007634
0.007634
0.007634
0.007634
0.007634
0.007634
0.007634
0.007634
0.007634
0.007634
0.007634
0.007634
0.007634
0.038168
0.007634
0.007634
0.007634
0.007634
0.007634
0.000000
0.007634
0.007634
0.007634
0.007634
0.007634
0.007634
0.007634
0.007634
0.038168
0.076336
0.190840
0.007634
0.007634
0.236641
0.061069
0.007634
0.015267
0.007634
0.007634
0.007634
0.007634
0.007634
0.007634
0.007634
0.007634
0.007634
0.007634
0.007634
0.007634
0.213740
0.122137
0.122137
0.106870
0.007634
0.045802
0.007634
0.007634
0.007634
0.007634
0.007634
0.007634
0.007634
0.007634
0.007634
0.007634
0.007634
0.007634
0.007634
0.007634
0.030534
0.007634
0.030534
0.122137
0.129771
0.007634
0.007634
0.007634
0.221374
0.007634
0.007634
0.106870
0.259542
0.007634
0.114504
0.603053
0.198473
0.007634
0.175573
0.083969
0.007634
0.007634
0.007634
0.007634
0.007634
0.007634
0.007634
0.007634
0.007634
0.007634
0.007634
0.007634
0.007634
0.007634
0.007634
0.007634
0.007634
0.030534
0.007634
0.007634
0.007634
0.007634
0.007634
0.007634
0.007634
0.007634
0.007634
0.007634
0.007634
0.007634
0.007634
0.007634
0.007634
0.007634
0.007634
0.015267
0.007634
0.129771
0.206107
0.229008
0.007634
0.007634
0.030534
0.213740
0.053435
0.091603
0.022901
0.007634
0.076336
0.007634
0.007634
0.007634
0.152672
0.061069
0.007634
0.053435
0.007634
0.007634
0.007634
0.007634
0.007634
0.007634
0.007634
0.007634
0.007634
0.007634
0.007634
0.007634
0.015267
0.007634
0.007634
0.007634
0.007634
0.007634
0.007634
0.007634
0.015267
0.007634
0.015267
0.007634
0.007634
0.114504
0.099237
0.007634
0.007634
0.007634
0.007634
0.007634
0.007634
0.007634
0.007634
0.007634
0.007634
0.007634
0.007634
0.007634
0.007634
0.007634
0.007634
0.076336
0.007634
0.007634
0.000000
0.007634
0.007634
0.007634
0.007634
0.007634
0.000000
0.007634
0.007634
0.007634
0.007634
0.007634
0.007634
0.007634
0.007634
0.007634
0.007634
0.007634
0.007634
0.007634
0.007634
0.007634
0.007634
0.007634
0.007634
0.007634
0.007634
0.007634
0.000000
0.007634
0.007634
0.007634
0.007634
0.007634
0.007634
0.007634
0.007634
0.007634
0.007634
0.007634
0.007634
0.007634
0.007634
0.007634
0.007634
0.007634
0.007634
0.007634
0.007634
0.030534
0.007634
0.007634
0.007634
0.007634
0.007634
0.007634
0.007634
0.000000
0.007634
0.000000
0.007634
0.007634
0.000000
0.007634
0.007634
0.007634
0.007634
0.007634
0.007634
0.007634
0.007634
0.007634
0.007634
0.007634
0.007634
0.007634
0.007634
0.007634
0.007634
0.007634
0.007634
0.007634
0.007634
0.000000
0.007634
0.007634
0.007634
0.007634
0.007634
0.007634
0.007634
0.007634
0.007634
0.007634
0.007634
0.007634
0.007634
0.007634
0.007634
0.007634
0.007634
0.007634
0.007634
0.007634
0.007634
0.007634
0.053435
0.007634
0.007634
0.007634
0.007634
0.007634
0.007634
0.007634
0.007634
0.007634
0.007634
0.007634
0.007634
0.007634
0.007634
0.007634
0.007634
0.007634
0.007634
0.007634
0.007634
0.007634
0.007634
0.007634
0.007634
0.007634
0.007634
0.015267
0.007634
0.007634
0.007634
0.007634
0.007634
0.007634
0.007634
0.007634
0.000000
0.007634
0.007634
0.007634
0.000000
0.000000
0.007634
0.007634
0.007634
0.007634
0.007634
0.007634
0.007634
0.007634
0.007634
0.007634
0.007634
0.007634
0.007634
0.007634
0.007634
0.007634
0.007634
0.007634
0.007634
0.007634
0.007634
0.007634
0.007634
0.000000
0.007634
0.000000
0.007634
0.007634
0.007634
0.007634
0.076336
0.007634
0.007634
0.007634
0.007634
0.007634
0.007634
0.007634
0.007634
0.007634
0.000000
0.007634
0.007634
0.007634
0.000000
0.007634
0.007634
0.007634
0.007634
