0.363520
0.422608
0.405909
0.439949
0.431599
0.439306
0.439306
0.444444
0.461785
0.420681
0.418754
0.418112
0.414900
0.414900
0.468850
0.450225
0.522158
0.501606
0.529223
0.509313
0.484265
0.497110
0.486191
0.481053
0.418754
0.326911
0.207450
0.179833
0.175337
0.240848
0.299294
0.281952
0.278741
0.307643
0.285806
0.263969
0.230572
0.184971
0.180475
0.173410
0.210019
0.188182
0.229929
0.263327
0.257547
0.272319
0.298009
0.305716
0.312139
0.291586
0.271676
0.247913
0.210662
0.163134
0.182402
0.193320
0.186256
0.179833
0.230572
0.236352
0.276814
0.222864
0.233141
0.279383
0.281310
0.199101
0.188182
0.174695
0.204239
0.232498
0.292871
0.454721
0.520231
0.507386
0.513166
0.490045
0.544637
0.584457
0.579961
0.583173
0.561978
0.509313
0.512524
0.503532
0.509313
0.510597
0.522800
0.504817
0.502248
0.575466
0.541426
0.504175
0.513809
0.514451
0.541426
0.570970
0.624920
0.651895
0.628773
0.596660
0.580604
0.658960
0.631342
0.646757
0.594733
0.610790
0.603725
0.643545
0.640976
0.615286
0.655748
0.610790
0.588953
0.552987
0.547206
0.490045
0.473988
0.450225
0.256904
0.244059
0.181118
0.181760
0.208735
0.270392
0.323057
0.307643
0.215800
0.219653
0.194605
0.224149
0.221580
0.155427
0.190109
0.231214
0.237636
0.216442
0.185613
0.178548
0.257547
0.280668
0.315992
0.364162
0.315350
0.299294
0.228003
0.143224
0.168272
0.199743
0.193320
0.202954
0.201670
0.162492
0.223507
0.183687
0.201670
0.188182
0.209377
0.277457
0.305074
0.329480
0.222222
0.136802
0.167630
0.197174
0.254335
0.274888
0.299294
0.357097
0.425177
0.553629
0.635838
0.661529
0.561336
0.491329
0.589595
0.716121
0.733462
0.671805
0.644830
0.736673
0.703276
0.683365
0.581888
0.574181
0.619139
0.605652
0.570970
0.624920
0.602441
0.622351
0.675658
0.658960
0.644830
0.671805
0.624920
0.676301
0.725755
0.736673
0.705845
0.717405
0.784843
0.796403
0.636480
0.484907
0.325626
0.446371
0.486834
0.423250
0.346179
0.265896
0.280668
0.326911
0.324342
0.259473
0.307643
0.193320
0.197174
0.254335
0.314066
0.312781
0.249197
0.197816
0.164419
0.157354
0.154785
0.211946
0.263969
0.228003
0.193963
0.164419
0.139371
0.147078
0.213231
0.242132
0.307643
0.342967
0.359666
0.365446
0.355812
0.303789
0.256262
0.247270
0.224791
0.191394
0.180475
0.193963
0.216442
0.215157
0.185613
0.126525
0.162492
0.189467
0.186898
0.276814
0.325626
0.251766
0.217726
0.202312
0.179191
0.244059
0.270392
0.348748
0.394990
0.356455
0.321130
0.333333
0.290944
0.358382
0.356455
0.240848
0.476557
0.696853
0.872832
0.857418
0.849711
0.822094
0.773924
0.817598
0.728324
0.685934
0.746307
0.708414
0.691715
0.655748
0.705845
0.824021
0.784843
0.738600
0.725755
0.757868
0.843288
0.935132
0.954399
0.942197
0.745665
0.584457
0.544637
0.308927
0.213231
0.294798
0.408478
0.384072
0.448940
0.425177
0.377649
0.492614
0.423250
0.366731
0.316635
0.240848
0.268465
0.175979
0.287091
0.315350
0.233141
0.210662
0.215157
0.232498
0.206166
0.205523
0.231856
0.260116
0.251124
0.235067
0.263327
0.235067
0.269107
0.251766
0.305074
0.320488
0.368015
0.372511
0.328838
0.302505
0.303789
0.275530
0.224791
0.207450
0.308285
0.319846
0.273603
0.285806
0.286448
0.287733
0.270392
0.199101
0.186898
0.205523
0.269107
0.296082
0.239563
0.272319
0.364804
0.373796
0.473346
0.541426
0.427103
0.410405
0.480411
0.462428
0.421965
0.384714
0.342967
0.300578
0.349390
0.452794
0.528581
0.651252
0.814387
0.915222
0.934489
0.898523
0.815029
0.720617
0.759152
0.809891
0.838793
0.768786
0.662171
0.718048
0.865125
0.889531
0.768786
0.780989
0.897238
0.912653
0.882466
0.786127
0.872190
0.692999
0.606294
0.513809
0.385356
0.333333
0.278741
0.284522
0.432884
0.443802
0.388568
0.368015
0.371227
0.436095
0.427103
0.355812
0.272961
0.202954
0.290302
0.253051
0.235067
0.220295
0.150289
0.143866
0.197174
0.259473
0.323699
0.277457
0.253051
0.278099
0.245344
0.240848
0.221580
0.229929
0.286448
0.312781
0.323699
0.349390
0.326911
0.299936
0.290944
0.257547
0.200385
0.216442
0.247270
0.247913
0.226076
0.175979
0.237636
0.201670
0.198459
0.190109
0.174053
0.175979
0.213231
0.250482
0.298009
0.301863
0.296724
0.299936
0.332049
0.349390
0.375080
0.414900
0.287091
0.318561
0.434168
0.384714
0.371227
0.449583
0.493256
0.525369
0.470135
0.602441
0.814387
0.852280
0.876044
0.872832
0.905588
0.887604
0.888889
0.920360
0.888247
0.676943
0.788054
0.839435
0.941554
0.922929
0.886320
0.921002
0.915864
0.786769
0.692357
0.588311
0.438022
0.301220
0.333333
0.445729
0.535003
0.398844
0.427746
0.545922
0.428388
0.315350
0.398844
0.454078
0.400128
0.308927
0.288375
0.311496
0.294155
0.322415
0.309570
0.201028
0.181118
0.181118
0.167630
0.197174
0.197174
0.223507
0.245986
0.247270
0.265254
0.251124
0.213873
0.251766
0.266538
0.287733
0.298651
0.328838
0.324984
0.267823
0.235067
0.257547
0.236352
0.206808
0.224149
0.238279
0.224149
0.239563
0.206808
0.216442
0.197816
0.151574
0.149004
0.156712
0.186256
0.197174
0.167630
0.192678
0.187540
0.226718
0.261400
0.287091
0.309570
0.375723
0.321773
0.402697
0.500321
0.367373
0.343610
0.447013
0.330122
0.247913
0.307001
0.419396
0.450225
0.533076
0.706487
0.785485
0.825305
0.872190
0.920360
0.889531
0.903019
0.808606
0.857418
0.953115
0.881824
0.830443
0.849069
0.890173
0.842646
0.630700
0.480411
0.439306
0.414258
0.335902
0.258189
0.270392
0.394348
0.305074
0.324342
0.417469
0.357739
0.331407
0.332691
0.280668
0.252408
0.184329
0.172126
0.165061
0.163776
0.180475
0.183687
0.143224
0.183687
0.183044
0.155427
0.161850
0.195890
0.189467
0.227360
0.218369
0.195890
0.202312
0.222222
0.235067
0.285164
0.309570
0.280026
0.271034
0.268465
0.261400
0.285164
0.270392
0.260758
0.236352
0.203597
0.214515
0.199743
0.230572
0.235067
0.229929
0.265896
0.183687
0.159923
0.172126
0.175337
0.160565
0.122030
0.154143
0.150289
0.183044
0.172768
0.182402
0.251766
0.243417
0.307001
0.371227
0.403982
0.355812
0.301220
0.266538
0.339114
0.286448
0.233141
0.349390
0.324342
0.348105
0.391137
0.605010
0.861272
1.000000
0.889531
0.857418
0.949904
0.908157
0.684008
0.701991
0.673089
0.838150
0.865125
0.811175
0.779062
0.842004
0.824663
0.602441
0.421965
0.319846
0.355812
0.314066
0.310212
0.374438
0.338471
0.224149
0.217084
0.302505
0.365446
0.314708
0.303147
0.230572
0.226718
0.201028
0.181760
0.198459
0.174695
0.157996
0.138728
0.129094
0.138086
0.158638
0.145151
0.188182
0.241490
0.229929
0.211946
0.233141
0.222222
0.220938
0.251124
0.242775
0.256904
0.270392
0.301220
0.226076
0.205523
0.235710
0.263969
0.200385
0.206808
0.226076
0.231856
0.205523
0.253693
0.269107
0.226076
0.238279
0.159281
0.121387
0.147078
0.147078
0.179191
0.206166
0.192678
0.178548
0.224149
0.220938
0.247270
0.253051
0.267180
0.328195
0.326268
0.385999
0.308927
0.215157
0.308285
0.411047
0.428388
0.432241
0.445729
0.416827
0.476557
0.504817
0.721259
0.830443
0.770071
0.727039
0.709056
0.754656
0.736673
0.678227
0.675016
0.750161
0.811175
0.778420
0.763006
0.756583
0.815029
0.875401
0.757868
0.698137
0.650610
0.545279
0.450225
0.342325
0.298009
0.257547
0.167630
0.275530
0.324342
0.348748
0.307643
0.315992
0.205523
0.179191
0.150931
0.170841
0.226076
0.294798
0.224149
0.213873
0.174053
0.126525
0.156712
0.145793
0.185613
0.248555
0.266538
0.228645
0.224791
0.267180
0.224149
0.192678
0.244059
0.201670
0.235067
0.238279
0.250482
0.259473
0.255620
0.246628
0.247270
0.257547
0.244059
0.259473
0.244059
0.272319
0.227360
0.287091
0.222222
0.161850
0.157354
0.158638
0.158638
0.224791
0.245986
0.258831
0.310212
0.204881
0.122672
0.148362
0.119461
0.201670
0.274245
0.299294
0.341683
0.255620
0.249197
0.253693
0.235067
0.234425
0.380218
0.545279
0.670520
0.698780
0.711625
0.803468
0.889531
0.763006
0.730250
0.717405
0.727681
0.765575
0.715478
0.578035
0.615286
0.568401
0.689788
0.716121
0.667309
0.689146
0.713552
0.852922
0.842646
0.753372
0.750803
0.727681
0.732820
0.621708
0.458574
0.350032
0.242132
0.235067
0.222222
0.218369
0.255620
0.254335
0.202312
0.159923
0.134232
0.114965
0.136159
0.161207
0.250482
0.341683
0.303147
0.258831
0.215800
0.186898
0.140655
0.155427
0.163134
0.164419
0.172126
0.195247
0.240206
0.183044
0.221580
0.228645
0.233783
0.258189
0.253051
0.206808
0.255620
0.282595
0.276814
0.231856
0.200385
0.184971
0.207450
0.210662
0.184971
0.168272
0.136802
0.161207
0.161207
0.195247
0.241490
0.294155
0.271034
0.294798
0.186898
0.157996
0.147078
0.160565
0.189467
0.210662
0.198459
0.229287
0.188825
0.205523
0.228003
0.267823
0.366731
0.490687
0.633911
0.703276
0.689146
0.668593
0.673732
0.666667
0.746949
0.721901
0.613359
0.604367
0.651252
0.673089
0.635196
0.665382
0.459216
0.508671
0.584457
0.670520
0.580604
0.594733
0.599229
0.689788
0.675658
0.652537
0.662171
0.675016
0.637123
0.692999
0.667951
0.582531
0.506744
0.390495
0.254978
0.181118
0.170841
0.201028
0.201670
0.240848
0.218369
0.184329
0.206166
0.202954
0.157996
0.244059
0.271034
0.239563
0.258189
0.217726
0.219011
0.177906
0.193963
0.154143
0.181760
0.204239
0.192036
0.210662
0.236352
0.280668
0.263327
0.301220
0.274245
0.248555
0.272961
0.232498
0.216442
0.292229
0.244701
0.233783
0.222222
0.194605
0.204239
0.191394
0.165703
0.209377
0.221580
0.239563
0.265896
0.208735
0.186256
0.186256
0.171484
0.226076
0.210019
0.188182
0.190751
0.194605
0.195890
0.168272
0.215157
0.291586
0.468208
0.537572
0.622351
0.684008
0.680154
0.711625
0.635838
0.655748
0.690430
0.639692
0.640334
0.625562
0.604367
0.618497
0.562620
0.609505
0.626204
0.535003
0.424534
0.515093
0.551702
0.549133
0.517020
0.511882
0.541426
0.563263
0.520873
0.505459
0.535645
0.622993
0.581246
0.626204
0.678227
0.682081
0.629416
0.537572
0.578035
0.505459
0.383430
0.283237
0.303789
0.271034
0.221580
0.267823
0.244059
0.210662
0.189467
0.153500
0.199743
0.206808
0.228645
0.251766
0.240848
0.206166
0.232498
0.215800
0.199743
0.213873
0.238921
0.299294
0.283237
0.258189
0.260116
0.221580
0.266538
0.229287
0.229929
0.249839
0.214515
0.210019
0.263969
0.221580
0.232498
0.235067
0.220295
0.197816
0.218369
0.227360
0.229929
0.213231
0.208092
0.208735
0.192036
0.161207
0.176622
0.267823
0.359666
0.364804
0.364804
0.342325
0.349390
0.345536
0.361593
0.535003
0.590238
0.599872
0.631985
0.675016
0.680796
0.571612
0.552344
0.576750
0.559409
0.545922
0.552344
0.590238
0.571612
0.564547
0.516378
0.549775
0.560694
0.491972
0.394348
0.385356
0.427103
0.510597
0.524085
0.499679
0.560051
0.550417
0.567759
0.565189
0.498394
0.475273
0.520873
0.586384
0.530507
0.631342
0.588311
0.596018
0.579319
0.570328
0.577392
0.472704
0.414900
0.373154
0.411047
0.350032
0.336545
0.319846
0.296724
0.247270
0.240848
0.244059
0.246628
0.227360
0.206808
0.224791
0.218369
0.219011
0.205523
0.185613
0.245986
0.201028
0.240848
0.272319
0.219653
0.208735
0.211304
0.193320
0.188182
0.183687
0.206166
0.183687
0.192678
0.204239
0.241490
0.206808
0.208735
0.184971
0.192678
0.210019
0.205523
0.210662
0.231214
0.253051
0.251124
0.257547
0.274888
0.302505
0.315350
0.326911
0.345536
0.323699
0.390495
0.409120
0.454078
0.501606
0.520873
0.551702
0.579961
0.605652
0.586384
0.563905
0.481053
0.460501
0.516378
0.500321
0.467566
0.492614
0.538857
0.486191
0.430957
0.450867
0.495825
0.444444
0.437380
0.353243
0.360308
0.355812
0.379576
0.434811
0.406551
0.369942
0.396275
0.505459
0.461785
0.430315
0.428388
0.431599
0.463070
0.474631
0.499037
0.472704
0.495183
0.496468
0.467566
0.452152
0.488118
0.449583
0.414900
0.387925
0.356455
0.344894
0.289660
0.256904
0.246628
0.255620
0.229287
0.261400
0.228645
0.231856
0.229929
0.227360
0.168272
0.174695
0.175979
0.187540
0.183687
0.216442
0.210662
0.202954
0.207450
0.226718
0.210019
0.193963
0.213873
0.235067
0.173410
0.202954
0.187540
0.203597
0.193320
0.179833
0.177264
0.181760
0.217084
0.235710
0.230572
0.226076
0.223507
0.241490
0.217726
0.231214
0.254978
0.302505
0.298009
0.372511
0.392421
0.394348
0.410405
0.441233
0.420681
0.390495
0.421965
0.468208
0.418754
0.428388
0.423892
0.484907
0.438022
0.424534
0.410405
0.433526
0.396275
0.387283
0.364804
0.398202
0.422608
0.411689
