0.125000
0.152778
0.458333
0.319444
0.312500
0.319444
0.395833
0.534722
0.062500
0.493056
0.055556
0.298611
0.125000
0.243056
0.062500
0.208333
0.006944
0.395833
0.013889
0.013889
0.006944
0.423611
0.006944
0.006944
0.145833
0.138889
0.201389
0.006944
0.291667
0.041667
0.006944
0.006944
0.006944
0.180556
0.006944
0.131944
0.006944
0.006944
0.006944
0.006944
0.159722
0.006944
0.305556
0.006944
0.743056
0.354167
0.166667
0.208333
0.298611
0.305556
0.326389
0.187500
0.263889
0.375000
0.006944
0.361111
0.069444
0.111111
0.006944
0.006944
0.013889
0.340278
0.444444
0.006944
0.013889
0.125000
0.006944
0.006944
0.034722
0.006944
0.006944
0.305556
0.013889
0.381944
0.284722
0.625000
0.312500
0.298611
0.243056
0.354167
0.215278
0.215278
0.250000
0.250000
0.284722
0.472222
0.006944
0.506944
0.270833
0.416667
0.548611
0.166667
0.826389
0.006944
0.340278
0.652778
0.208333
0.569444
0.270833
0.006944
0.006944
0.027778
0.229167
0.069444
0.020833
0.208333
0.326389
0.062500
0.125000
0.006944
0.166667
0.013889
0.187500
0.270833
0.006944
0.006944
0.006944
0.305556
0.034722
0.006944
0.006944
0.006944
0.006944
0.006944
0.215278
0.187500
0.194444
0.006944
0.173611
0.013889
0.006944
0.006944
0.027778
0.006944
0.368056
0.437500
0.020833
0.166667
0.006944
0.006944
0.319444
0.534722
0.006944
0.006944
0.013889
0.006944
0.208333
0.159722
0.006944
0.006944
0.006944
0.006944
0.006944
0.006944
0.006944
0.333333
0.340278
0.298611
0.250000
0.006944
0.006944
0.006944
0.006944
0.118056
0.229167
0.006944
0.215278
0.534722
0.006944
0.006944
0.006944
0.131944
0.576389
0.451389
0.340278
0.104167
0.437500
0.479167
0.020833
0.006944
0.076389
0.444444
0.208333
0.583333
0.229167
0.729167
0.500000
0.541667
0.486111
0.118056
0.180556
0.215278
0.513889
0.590278
0.520833
0.166667
0.284722
0.291667
0.381944
0.611111
0.006944
0.229167
0.270833
0.208333
0.312500
0.465278
0.250000
0.006944
0.013889
0.159722
0.006944
0.006944
0.006944
0.055556
0.006944
0.006944
0.006944
0.006944
0.062500
0.236111
0.006944
0.006944
0.006944
0.006944
0.006944
0.006944
0.006944
0.006944
0.006944
0.138889
0.006944
0.006944
0.166667
0.006944
0.006944
0.006944
0.006944
0.076389
0.006944
0.222222
0.312500
0.006944
0.180556
0.006944
0.006944
0.215278
0.006944
0.006944
0.090278
0.006944
0.006944
0.006944
0.006944
0.006944
0.159722
0.006944
0.006944
0.006944
0.006944
0.006944
0.090278
0.006944
0.006944
0.131944
0.027778
0.006944
0.006944
0.305556
0.138889
0.006944
0.048611
0.090278
0.173611
0.361111
0.520833
0.131944
0.527778
0.465278
0.305556
0.013889
0.534722
0.194444
0.402778
0.402778
0.527778
0.395833
0.569444
0.555556
0.138889
0.013889
0.347222
0.006944
0.201389
0.277778
0.048611
0.013889
0.013889
0.006944
0.006944
0.006944
0.006944
0.006944
0.250000
0.006944
0.354167
0.298611
0.006944
0.006944
0.013889
0.006944
0.006944
0.006944
0.027778
0.395833
0.090278
0.006944
0.034722
0.243056
0.013889
0.104167
0.270833
0.395833
0.159722
0.006944
0.041667
0.006944
0.020833
0.013889
0.006944
0.020833
0.020833
0.243056
0.298611
0.256944
0.104167
0.013889
0.006944
0.194444
0.006944
0.020833
0.006944
0.013889
0.006944
0.013889
0.006944
0.006944
0.006944
0.034722
0.006944
0.006944
0.125000
0.006944
0.006944
0.270833
0.006944
0.062500
0.006944
0.006944
0.027778
0.006944
0.006944
0.006944
0.006944
0.006944
0.006944
0.006944
0.006944
0.125000
0.006944
0.020833
0.013889
0.250000
0.013889
0.076389
0.229167
0.291667
0.250000
0.368056
0.548611
0.548611
0.375000
0.236111
0.437500
0.006944
0.312500
0.090278
0.006944
0.319444
0.500000
0.006944
0.180556
0.173611
0.006944
0.138889
0.006944
0.131944
0.006944
0.006944
0.076389
0.006944
0.006944
0.173611
0.020833
0.006944
0.006944
0.006944
0.006944
0.006944
0.069444
0.034722
0.180556
0.013889
0.006944
0.006944
0.041667
0.006944
0.131944
0.006944
0.006944
0.006944
0.006944
0.166667
0.006944
0.208333
0.375000
0.090278
0.250000
0.006944
0.027778
0.006944
0.013889
0.006944
0.006944
0.006944
0.006944
0.006944
0.006944
0.222222
0.055556
0.006944
0.006944
0.020833
0.243056
0.006944
0.048611
0.006944
0.006944
0.451389
0.006944
0.215278
0.006944
0.222222
0.048611
0.006944
0.006944
0.027778
0.006944
0.006944
0.006944
0.104167
0.006944
0.013889
0.006944
0.402778
0.465278
0.527778
0.326389
0.166667
0.402778
0.097222
0.326389
0.416667
0.187500
0.305556
0.486111
0.298611
0.375000
0.638889
0.375000
0.388889
0.083333
0.006944
0.006944
0.006944
0.006944
0.006944
0.006944
0.006944
0.006944
0.222222
0.034722
0.006944
0.006944
0.006944
0.187500
0.006944
0.020833
0.006944
0.326389
0.006944
0.006944
0.006944
0.006944
0.006944
0.006944
0.006944
0.006944
0.006944
0.006944
0.215278
0.006944
0.333333
0.006944
0.006944
0.006944
0.006944
0.013889
0.333333
0.180556
0.006944
0.250000
0.166667
0.006944
0.055556
0.034722
0.187500
0.006944
0.006944
0.006944
0.006944
0.006944
0.006944
0.006944
0.006944
0.006944
0.006944
0.006944
0.006944
0.006944
0.006944
0.006944
0.006944
0.215278
0.388889
0.145833
0.020833
0.006944
0.111111
0.062500
0.013889
0.104167
0.111111
0.006944
0.208333
0.013889
0.006944
0.006944
0.312500
0.388889
0.076389
0.034722
0.284722
0.006944
0.479167
0.548611
0.604167
0.006944
0.312500
0.006944
0.020833
0.006944
0.138889
0.215278
0.208333
0.083333
0.097222
0.159722
0.006944
0.006944
0.006944
0.006944
0.006944
0.006944
0.375000
0.006944
0.013889
0.006944
0.027778
0.006944
0.194444
0.097222
0.263889
0.006944
0.006944
0.006944
0.013889
0.006944
0.173611
0.006944
0.270833
0.326389
0.006944
0.006944
0.284722
0.291667
0.006944
0.250000
0.277778
0.270833
0.013889
0.590278
0.256944
0.006944
0.013889
0.013889
0.013889
0.006944
0.006944
0.006944
0.111111
0.006944
0.006944
0.222222
0.006944
0.006944
0.006944
0.006944
0.006944
0.006944
0.006944
0.006944
0.006944
0.104167
0.006944
0.006944
0.006944
0.104167
0.048611
0.055556
0.208333
0.006944
0.006944
0.006944
0.180556
0.541667
0.006944
0.013889
0.006944
0.104167
0.006944
0.125000
0.076389
0.006944
0.215278
0.006944
0.208333
0.638889
0.402778
0.333333
0.423611
0.013889
0.006944
0.520833
0.243056
0.215278
0.006944
0.277778
0.361111
0.006944
0.006944
0.006944
0.041667
0.006944
0.069444
0.006944
0.006944
0.006944
0.131944
0.166667
0.013889
0.250000
0.006944
0.048611
0.006944
0.006944
0.055556
0.006944
0.006944
0.006944
0.062500
0.006944
0.006944
0.006944
0.006944
0.173611
0.013889
0.006944
0.180556
0.006944
0.013889
0.006944
0.006944
0.229167
0.006944
0.006944
0.006944
0.208333
0.076389
0.027778
0.326389
0.006944
0.444444
0.006944
0.090278
0.006944
0.006944
0.006944
0.006944
0.027778
0.034722
0.076389
0.006944
0.006944
0.006944
0.006944
0.006944
0.159722
0.006944
0.006944
0.090278
0.006944
0.006944
0.006944
0.006944
0.006944
0.006944
0.138889
0.361111
0.090278
0.236111
0.006944
0.319444
0.638889
0.125000
0.520833
0.500000
0.944444
0.868056
1.000000
0.340278
0.409722
0.180556
0.180556
0.187500
0.006944
0.013889
0.312500
0.006944
0.006944
0.006944
0.006944
0.006944
0.006944
0.006944
0.006944
0.006944
0.006944
0.006944
0.006944
0.006944
0.006944
0.006944
0.006944
0.006944
0.006944
0.006944
0.215278
0.006944
0.006944
0.006944
0.006944
0.006944
0.006944
0.006944
0.006944
0.006944
0.062500
0.145833
0.006944
0.006944
0.006944
0.006944
0.006944
0.006944
0.201389
0.222222
0.013889
0.201389
0.263889
0.111111
0.118056
0.006944
0.006944
0.006944
0.006944
0.006944
0.006944
0.006944
0.006944
0.006944
0.006944
0.006944
0.006944
0.006944
0.006944
0.104167
0.020833
0.006944
0.006944
0.006944
0.006944
0.006944
0.006944
0.229167
0.006944
0.006944
0.006944
0.006944
0.006944
0.006944
0.006944
0.006944
0.006944
0.006944
0.006944
0.243056
0.006944
0.006944
0.291667
0.159722
0.326389
0.006944
0.138889
0.250000
0.548611
0.541667
0.187500
0.493056
0.013889
0.312500
0.458333
0.013889
0.256944
0.006944
0.062500
0.006944
0.006944
0.020833
0.006944
0.236111
0.006944
0.465278
0.006944
0.006944
0.236111
0.006944
0.006944
0.006944
0.006944
0.006944
0.048611
0.006944
0.006944
0.006944
0.229167
0.006944
0.006944
0.006944
0.006944
0.006944
0.006944
0.006944
0.006944
0.013889
0.006944
0.006944
0.006944
0.291667
0.020833
0.215278
0.006944
0.006944
0.229167
0.006944
0.006944
0.055556
0.006944
0.013889
0.006944
0.006944
0.006944
0.006944
0.006944
0.006944
0.006944
0.006944
0.006944
0.006944
0.006944
0.173611
0.006944
0.006944
0.006944
0.090278
0.006944
0.006944
0.006944
0.006944
0.006944
0.048611
0.006944
0.006944
0.006944
0.006944
0.159722
0.006944
0.013889
0.006944
0.013889
0.375000
0.006944
0.020833
0.062500
0.020833
0.138889
0.486111
0.180556
0.006944
0.006944
0.006944
0.263889
0.340278
0.368056
0.006944
0.006944
0.006944
0.006944
0.006944
0.006944
0.090278
0.006944
0.006944
0.006944
0.006944
0.006944
0.041667
0.006944
0.090278
0.006944
0.006944
0.006944
0.006944
0.006944
0.006944
0.006944
0.006944
0.006944
0.006944
0.006944
0.006944
0.006944
0.006944
0.006944
0.006944
0.006944
0.006944
0.118056
0.006944
0.006944
0.013889
0.006944
0.118056
0.243056
0.215278
0.506944
0.020833
0.125000
0.236111
0.090278
0.187500
0.201389
0.006944
0.013889
0.402778
0.006944
0.159722
0.006944
0.006944
0.006944
0.006944
0.006944
0.305556
0.013889
0.006944
0.006944
0.006944
0.006944
0.048611
0.006944
0.250000
0.097222
0.006944
0.013889
0.006944
0.319444
0.340278
0.006944
0.715278
0.270833
0.006944
0.472222
0.166667
0.375000
0.444444
0.013889
0.020833
0.319444
0.006944
0.201389
0.006944
0.180556
0.416667
0.229167
0.326389
0.034722
0.145833
0.263889
0.388889
0.055556
0.347222
0.361111
0.250000
0.006944
0.006944
0.006944
0.513889
0.013889
0.013889
0.243056
0.194444
0.465278
0.006944
0.298611
0.006944
0.006944
0.006944
0.145833
0.013889
0.006944
0.006944
0.006944
0.020833
0.263889
0.006944
0.006944
0.006944
0.006944
0.006944
0.020833
0.111111
0.111111
0.006944
0.006944
0.006944
0.006944
0.006944
0.069444
0.131944
0.208333
0.006944
0.305556
0.208333
0.305556
0.104167
0.423611
0.020833
0.027778
0.118056
0.006944
0.006944
0.006944
0.013889
0.006944
0.006944
0.006944
0.006944
0.222222
0.006944
0.006944
0.118056
0.097222
0.006944
0.006944
0.006944
0.013889
0.006944
0.555556
0.388889
0.472222
0.513889
0.229167
0.388889
0.006944
0.340278
0.250000
0.284722
0.013889
0.006944
0.368056
0.395833
0.201389
0.750000
0.347222
0.013889
0.430556
0.347222
0.208333
0.020833
0.083333
0.006944
0.291667
0.020833
0.006944
0.305556
0.250000
0.083333
0.006944
0.270833
0.284722
0.312500
0.006944
0.006944
0.006944
0.263889
0.006944
0.013889
0.305556
0.118056
0.006944
0.555556
0.208333
0.229167
0.229167
0.006944
0.006944
0.159722
0.090278
0.111111
0.013889
0.291667
0.083333
0.645833
0.006944
0.006944
0.145833
0.388889
0.277778
0.006944
0.013889
0.006944
0.006944
0.006944
0.013889
0.277778
0.312500
0.194444
0.020833
0.006944
0.006944
0.006944
0.006944
0.006944
0.333333
0.430556
0.013889
0.243056
0.090278
0.006944
0.006944
0.006944
0.006944
0.020833
0.118056
0.006944
0.006944
0.111111
0.020833
0.187500
0.020833
0.006944
0.006944
0.006944
0.006944
0.173611
0.006944
0.597222
0.097222
0.423611
0.423611
0.006944
0.020833
0.006944
0.604167
0.166667
0.013889
0.340278
0.013889
0.520833
0.277778
0.013889
0.534722
0.097222
0.006944
0.243056
0.402778
0.312500
0.159722
0.569444
0.006944
0.402778
0.312500
0.013889
0.076389
0.125000
0.347222
0.354167
0.006944
0.083333
0.006944
0.006944
0.256944
0.361111
0.006944
0.006944
0.006944
0.305556
0.388889
0.284722
0.006944
0.145833
0.215278
0.458333
0.006944
0.076389
0.354167
0.020833
0.472222
0.006944
0.284722
0.215278
0.222222
0.326389
0.131944
0.006944
0.006944
0.006944
0.222222
0.333333
0.013889
0.569444
0.222222
0.006944
0.006944
0.013889
0.340278
0.208333
0.006944
0.118056
0.194444
0.159722
0.006944
0.006944
0.006944
0.006944
0.194444
0.006944
0.111111
0.354167
0.201389
0.006944
0.097222
0.500000
0.069444
0.263889
0.354167
0.305556
0.006944
0.291667
0.006944
0.006944
0.118056
0.312500
0.166667
0.006944
0.354167
0.006944
0.229167
0.173611
0.486111
0.555556
0.277778
0.006944
0.006944
0.006944
