0.012726
0.013705
0.009055
0.016887
0.008811
0.021292
0.013216
0.014440
0.030837
0.022516
0.015174
0.011258
0.008811
0.004405
0.011747
0.016397
0.008811
0.009300
0.005140
0.033040
0.014195
0.006608
0.008321
0.015174
0.094224
0.389623
0.539158
0.287812
0.027166
0.019579
0.017866
0.037934
0.025453
0.009790
0.014440
0.026432
0.066814
0.094958
0.053353
0.028390
0.022516
0.027411
0.016887
0.009055
0.002937
0.013950
0.010279
0.004895
0.011013
0.008566
0.013705
0.010279
0.018355
0.014440
0.038179
0.073421
0.161772
0.340186
0.304209
0.227117
0.108664
0.013950
0.018111
0.035977
0.024229
0.024719
0.044053
0.350220
0.633138
0.714880
0.360744
0.134361
0.010768
0.012726
0.010768
0.012482
0.012482
0.007587
0.009545
0.016642
0.011747
0.006608
0.013461
0.011258
0.015174
0.017621
0.046011
0.016397
0.009055
0.016397
0.014684
0.007587
0.011992
0.008811
0.008811
0.013216
0.016153
0.009055
0.015174
0.015663
0.020313
0.013950
0.033040
0.025453
0.015174
0.017866
0.007097
0.012237
0.013461
0.009790
0.010524
0.012971
0.010768
0.027166
0.014440
0.009300
0.052129
0.348507
0.567303
0.201909
0.215370
0.203622
0.080274
0.039892
0.034263
0.035977
0.020069
0.054332
0.139745
0.271659
0.156877
0.169114
0.239599
0.204356
0.088106
0.013461
0.014440
0.011258
0.009055
0.012482
0.010034
0.008321
0.009545
0.011503
0.011503
0.017621
0.027166
0.020803
0.034508
0.067058
0.133627
0.070729
0.207293
0.406510
0.408223
0.269457
0.043808
0.029369
0.060940
0.058248
0.382770
0.369065
0.324767
0.163240
0.098140
0.530837
0.332844
0.072687
0.031816
0.029369
0.022516
0.025453
0.019334
0.016397
0.010768
0.010768
0.010768
0.016153
0.001224
0.011992
0.013705
0.014195
0.016642
0.020313
0.022026
0.004405
0.016642
0.008566
0.017132
0.011503
0.012482
0.007832
0.013705
0.031082
0.026432
0.011747
0.012726
0.011992
0.013461
0.012726
0.008076
0.014929
0.007832
0.015174
0.013461
0.111356
0.253549
0.348752
0.145619
0.153940
0.445179
0.669359
0.240578
0.263583
0.115761
0.402594
0.446158
0.202154
0.038913
0.062653
0.064366
0.126040
0.242046
0.317915
0.510524
0.173764
0.032061
0.049437
0.029613
0.025942
0.039648
0.025698
0.015419
0.018600
0.014684
0.008811
0.011503
0.009300
0.004405
0.012971
0.010279
0.010034
0.023250
0.027411
0.028879
0.026432
0.158835
0.176701
0.115027
0.366373
0.580029
0.594224
0.311062
0.115272
0.045766
0.044787
0.040137
0.203133
0.487518
0.183064
0.514684
0.342389
0.395007
0.530592
0.240088
0.297112
1.000000
0.539648
0.133872
0.010034
0.011992
0.013705
0.015174
0.015174
0.017132
0.011013
0.007587
0.007587
0.012482
0.027166
0.034998
0.011258
0.011747
0.011992
0.006853
0.012726
0.018355
0.019824
0.033774
0.012726
0.011258
0.008076
0.006118
0.010768
0.021292
0.024719
0.020803
0.021292
0.009055
0.018600
0.107685
0.231278
0.064611
0.046745
0.079050
0.055311
0.105727
0.137298
0.183309
0.274107
0.172540
0.017866
0.019824
0.019824
0.046011
0.120166
0.291483
0.263093
0.104014
0.042829
0.167401
0.087616
0.020069
0.016642
0.012482
0.016153
0.011747
0.010768
0.018600
0.009300
0.006118
0.009300
0.011503
0.011992
0.008321
0.008811
0.008566
0.013950
0.016153
0.012482
0.014440
0.021782
0.018600
0.019824
0.027411
0.031082
0.048213
0.029369
0.020803
0.019824
0.020558
0.034753
0.092756
0.123103
0.076358
0.018355
0.037200
0.053598
0.024963
0.032550
0.029613
0.011503
0.018355
0.012726
0.032795
0.023740
0.025942
0.027166
0.009300
0.006118
0.018845
0.008321
0.009055
0.022026
0.039892
0.014440
0.015908
0.009545
0.014195
0.024474
0.021047
0.016642
0.032061
0.020558
0.012482
0.007587
0.006853
0.009545
0.008566
0.013461
0.028879
0.049437
0.031082
0.022026
0.013461
0.011992
0.019579
0.038913
0.045277
0.056779
0.040382
0.035977
0.142193
0.122369
0.032305
0.021537
0.025698
0.042095
0.016153
0.023984
0.025698
0.038179
0.034263
0.020803
0.011013
0.016887
0.020803
0.018355
0.015663
0.016642
0.021537
0.013705
0.010034
0.013216
0.012237
0.007097
0.014440
0.009300
0.006363
0.011747
0.016397
0.010279
0.002447
0.009300
0.011258
0.018355
0.021782
0.026187
0.033529
0.046011
0.022761
0.025453
0.026676
0.033284
0.033529
0.026921
0.020313
0.020803
0.054332
0.049682
0.029613
0.045032
0.023250
0.024963
0.020313
0.021047
0.020803
0.016887
0.031326
0.028879
0.027411
0.024963
0.013461
0.013461
0.013461
0.009790
0.007342
0.011992
0.024719
0.014440
0.020313
0.009055
0.015908
0.017132
0.020313
0.037200
0.018600
0.018355
0.013461
0.008566
0.008076
0.016397
0.026432
0.037934
0.021047
0.017376
0.022761
0.022026
0.053842
0.063632
0.047724
0.072932
0.043563
0.026432
0.028634
0.028879
0.019824
0.017132
0.013950
0.019579
0.013461
0.018355
0.018600
0.020558
0.023005
0.029124
0.022271
0.011503
0.006363
0.007832
0.008321
0.012482
0.010524
0.004650
0.004405
0.005874
0.014440
0.003916
0.007587
0.016642
0.007587
0.007587
0.004650
0.008811
0.008321
0.007832
0.004895
0.009055
0.013950
0.013950
0.024474
0.026432
0.020803
0.024229
0.021782
0.020313
0.037200
0.027411
0.031326
0.026432
0.017621
0.011013
0.030837
0.110377
0.204356
0.074156
0.105237
0.097651
0.025698
0.046011
0.047724
0.023495
0.029858
0.028879
0.011258
0.004161
0.012482
0.004161
0.021537
0.006853
0.020803
0.018355
0.011503
0.010768
0.011258
0.009545
0.012482
0.012237
0.012726
0.015174
0.003182
0.009790
0.013216
0.009300
0.027166
0.023005
0.014684
0.039158
0.038179
0.077827
0.115272
0.040137
0.024229
0.063632
0.077582
0.025208
0.011992
0.023005
0.041850
0.026432
0.031816
0.023740
0.015908
0.016397
0.018355
0.017621
0.018845
0.010768
0.007342
0.006608
0.005384
0.003426
0.006608
0.010768
0.008811
0.004161
0.007097
0.002447
0.009790
0.003671
0.005629
0.013461
0.006118
0.005629
0.010768
0.004161
0.006118
0.008566
0.007832
0.009545
0.007587
0.011503
0.012482
0.009300
0.011747
0.017132
0.023495
0.022761
0.019090
0.019334
0.015174
0.031571
0.022271
0.016642
0.012237
0.018111
0.033284
0.018355
0.012971
0.052374
0.162261
0.072687
0.042584
0.033040
0.022761
0.019334
0.014440
0.014929
0.011503
0.009055
0.004895
0.004161
0.008811
0.012237
0.014929
0.021047
0.009300
0.007587
0.010279
0.004650
0.015908
0.019090
0.009300
0.005874
0.012482
0.000245
0.008076
0.015908
0.014440
0.024474
0.029124
0.063877
0.085169
0.101811
0.157122
0.058492
0.011013
0.020069
0.030103
0.032795
0.018111
0.023495
0.026432
0.024719
0.027655
0.030592
0.014929
0.014929
0.022026
0.015908
0.011013
0.021537
0.010034
0.003671
0.002937
0.009790
0.004895
0.011992
0.013216
0.004895
0.003426
0.008076
0.010279
0.006853
0.007342
0.011747
0.012482
0.010034
0.010279
0.012482
0.008076
0.011258
0.009545
0.007587
0.010768
0.013705
0.020803
0.014440
0.014440
0.011503
0.016397
0.010279
0.015419
0.011992
0.033040
0.074890
0.050171
0.027166
0.016887
0.017132
0.013216
0.018111
0.029124
0.068037
0.084679
0.077827
0.059961
0.032061
0.019090
0.012971
0.008076
0.010034
0.009300
0.008076
0.009790
0.011992
0.012482
0.005874
0.010279
0.011013
0.011503
0.011992
0.011747
0.018600
0.014684
0.000979
0.003182
0.012726
0.009300
0.012482
0.006118
0.012237
0.019824
0.028390
0.032795
0.025453
0.036221
0.056045
0.052374
0.022761
0.018845
0.011992
0.121635
0.296378
0.424621
0.160303
0.014440
0.012726
0.016153
0.020069
0.026676
0.020558
0.034753
0.031816
0.013705
0.011013
0.008811
0.007097
0.004405
0.011747
0.010279
0.010768
0.009300
0.007832
0.006118
0.005629
0.010279
0.005629
0.006363
0.009545
0.002203
0.008321
0.004895
0.016397
0.011747
0.023740
0.022516
0.013950
0.117719
0.161527
0.084190
0.073911
0.023005
0.018600
0.015908
0.008321
0.018845
0.037200
0.096916
0.353647
0.408223
0.115027
0.043074
0.033774
0.138522
0.232991
0.216593
0.119677
0.035487
0.021537
0.016397
0.017132
0.014929
0.011747
0.013950
0.014195
0.010524
0.006118
0.012482
0.019579
0.020069
0.007097
0.011747
0.005384
0.011503
0.011258
0.007097
0.007587
0.013461
0.017621
0.008811
0.007832
0.013705
0.009790
0.010524
0.013216
0.008321
0.007587
0.026432
0.052374
0.056535
0.247675
0.641703
0.405286
0.246207
0.182085
0.073666
0.130935
0.340431
0.113558
0.094958
0.158101
0.090553
0.014929
0.008076
0.019090
0.050661
0.394763
0.501468
0.785609
0.315712
0.034998
0.087616
0.083945
0.023005
0.016887
0.014195
0.006853
0.009300
0.009300
0.007342
0.005140
0.003182
0.010768
0.009790
0.010768
0.007097
0.016642
0.041605
0.108908
0.214635
0.087616
0.097895
0.415076
0.493637
0.249878
0.040137
0.013705
0.006853
0.013705
0.135830
0.398434
0.330396
0.247430
0.454968
0.360255
0.147822
0.242780
0.378855
0.562163
0.996084
0.539403
0.086882
0.035977
0.010768
0.007832
0.006363
0.012482
0.010034
0.010279
0.007097
0.011013
0.004161
0.007097
0.018111
0.002692
0.002447
0.011258
0.007832
0.008811
0.005140
0.002937
0.011013
0.009545
0.008076
0.007832
0.003426
0.004161
0.004405
0.002692
0.009055
0.008566
0.007587
0.010768
0.033040
0.305923
0.591043
0.367841
0.172051
0.344836
0.511503
0.537934
0.469163
0.383015
0.420215
0.304699
0.067303
0.017866
0.012237
0.023005
0.070485
0.143417
0.268478
0.288546
0.264317
0.127509
0.100343
0.091287
0.064121
0.044787
0.014929
0.012237
0.006853
0.010524
0.007587
0.006608
0.003671
0.013216
0.010768
0.010034
0.006363
0.035977
0.079295
0.105482
0.144395
0.094714
0.158346
0.173764
0.137298
0.112824
0.046990
0.015174
0.010279
0.020803
0.048948
0.243270
0.239109
0.328928
0.426334
0.172296
0.351199
0.373960
0.164953
0.141703
0.212188
0.024229
0.007097
0.006363
0.004405
0.004161
0.014195
0.011747
0.009055
0.009545
0.006363
0.005629
0.009055
0.010768
0.016887
0.011503
0.005140
0.005384
0.007832
0.008811
0.002937
0.003671
0.007587
0.010279
0.007832
0.009545
0.013705
0.007342
0.006118
0.009055
0.014684
0.006608
0.014195
0.008811
0.012482
0.007832
0.018845
0.016153
0.017376
0.031326
0.056535
0.028390
0.162261
0.402105
0.230054
0.162506
0.031816
0.020313
0.024229
0.010279
0.015663
0.022026
0.060695
0.114293
0.048948
0.037445
0.078071
0.049437
0.041850
0.014929
0.007342
0.006363
0.007097
0.004405
0.007587
0.008566
0.003671
0.009300
0.005874
0.009545
0.004405
0.006608
0.011747
0.014929
0.012237
0.016397
0.010034
0.027166
0.031082
0.015174
0.007832
0.014440
0.028634
0.026187
0.024474
0.024474
0.033284
0.026432
0.017866
0.019824
0.008811
0.011747
0.013461
0.007097
0.001468
0.008811
0.009545
0.009790
0.011747
0.020069
0.011503
0.009545
0.004650
0.011992
0.008321
0.008811
0.007097
0.005629
0.009790
0.008811
0.005140
0.006608
0.004895
0.005140
0.003916
0.002447
0.015419
0.007832
0.004161
0.005874
0.010279
0.014684
0.007342
0.005629
0.011992
0.015663
0.022271
0.008321
0.007097
0.011503
0.004650
0.011992
0.003426
0.010524
0.019579
0.012482
0.006363
0.007097
0.006608
0.012971
0.014929
0.010524
0.012237
0.005874
0.011013
0.005140
0.008566
0.012482
0.009545
0.007587
0.009545
0.006853
0.015174
0.011258
0.003426
0.003182
0.005384
0.007097
0.007342
0.000489
0.009300
0.006363
0.007342
0.015419
0.004161
0.012971
0.003671
0.007832
0.010524
0.008811
0.008076
0.009300
0.009055
0.010279
0.008566
0.006118
0.007097
0.008566
0.005140
0.009545
0.008566
0.010524
0.010279
0.002447
0.007832
0.008811
0.008566
0.001958
0.007832
0.005140
0.009300
0.014440
0.006853
0.018355
0.006118
0.011992
0.004161
0.008076
0.009300
0.006118
0.011503
0.003426
0.007587
0.014440
0.009545
0.007832
0.005629
0.010034
0.006608
0.011013
0.014440
0.007342
0.009300
0.011013
0.008811
0.007342
0.012971
0.005384
0.007587
0.008811
0.006853
0.007097
0.007587
0.011503
0.004161
0.003426
0.009545
0.011503
0.005629
0.009055
0.003916
0.008321
0.008811
0.003426
0.015908
0.006608
0.005629
0.005384
0.007832
0.006363
0.005874
0.005629
0.004161
0.003916
0.005629
0.006608
0.009055
0.011992
0.008811
0.008321
0.014195
0.006118
0.013461
0.004895
0.006118
0.005629
0.008076
0.003671
0.007832
0.006363
0.003426
0.006118
0.007342
0.002203
0.005629
0.008566
0.008811
0.008076
0.008566
0.005384
0.007097
0.004161
0.012726
0.004405
0.006363
0.007832
0.010279
0.002692
0.006363
0.004650
0.002937
0.010768
0.005629
0.008566
0.009055
0.005629
0.008811
0.009790
0.006363
0.009300
0.004405
0.005629
0.005384
0.006608
0.000489
0.004895
0.010034
0.002447
0.004161
0.008811
