0.513716
0.548628
0.553616
0.613466
0.582294
0.620948
0.541147
0.619701
0.564838
0.551122
0.455112
0.495012
0.467581
0.477556
0.476309
0.498753
0.556110
0.553616
0.445137
0.445137
0.418953
0.402743
0.390274
0.446384
0.385287
0.327930
0.278055
0.230673
0.240648
0.377805
0.295511
0.291771
0.288030
0.350374
0.364090
0.307980
0.291771
0.213217
0.245636
0.250623
0.254364
0.228180
0.289277
0.201995
0.307980
0.301746
0.307980
0.362843
0.275561
0.310474
0.304239
0.268080
0.245636
0.241895
0.233167
0.213217
0.266833
0.235661
0.263092
0.276808
0.258105
0.317955
0.260599
0.278055
0.278055
0.270574
0.324190
0.251870
0.241895
0.254364
0.327930
0.448878
0.461347
0.405237
0.501247
0.493766
0.488778
0.526185
0.538653
0.569825
0.548628
0.527431
0.549875
0.554863
0.588529
0.511222
0.605985
0.609726
0.624688
0.588529
0.678304
0.688279
0.690773
0.687032
0.582294
0.637157
0.697007
0.766833
0.614713
0.695761
0.650873
0.654613
0.624688
0.561097
0.619701
0.608479
0.602244
0.551122
0.571072
0.604738
0.512469
0.564838
0.475062
0.486284
0.507481
0.394015
0.450125
0.432668
0.359102
0.286783
0.263092
0.264339
0.324190
0.278055
0.306733
0.259352
0.268080
0.259352
0.234414
0.241895
0.263092
0.239401
0.231920
0.220698
0.236908
0.243142
0.238155
0.263092
0.275561
0.336658
0.330424
0.320449
0.254364
0.293017
0.223192
0.223192
0.218204
0.209476
0.198254
0.197007
0.260599
0.275561
0.278055
0.244389
0.239401
0.250623
0.259352
0.278055
0.309227
0.360349
0.351621
0.260599
0.365337
0.345387
0.326683
0.361596
0.418953
0.529925
0.487531
0.492519
0.511222
0.547382
0.583541
0.482544
0.562344
0.610973
0.657107
0.664589
0.658354
0.683292
0.659601
0.685786
0.639651
0.674564
0.776808
0.798005
0.819202
0.781796
0.763092
0.743142
0.846633
0.857855
0.817955
0.844140
0.800499
0.723192
0.746883
0.669576
0.664589
0.685786
0.718204
0.674564
0.589776
0.482544
0.473815
0.527431
0.488778
0.491272
0.417706
0.342893
0.342893
0.386534
0.361596
0.346633
0.526185
0.380299
0.296758
0.335411
0.345387
0.270574
0.276808
0.259352
0.241895
0.251870
0.185786
0.307980
0.346633
0.266833
0.218204
0.221945
0.190773
0.251870
0.298005
0.281796
0.281796
0.275561
0.312968
0.360349
0.327930
0.341646
0.284289
0.276808
0.243142
0.276808
0.238155
0.211970
0.264339
0.320449
0.279302
0.266833
0.218204
0.194514
0.231920
0.286783
0.340399
0.326683
0.305486
0.364090
0.274314
0.356608
0.334165
0.382793
0.442643
0.296758
0.411471
0.490025
0.436409
0.458853
0.432668
0.410224
0.500000
0.622195
0.640898
0.750623
0.729426
0.789277
0.736908
0.784289
0.738155
0.856608
0.855362
0.812968
0.881546
0.769327
0.885287
0.820449
0.913965
0.806733
0.925187
0.783042
0.801746
0.857855
0.801746
0.860349
0.725686
0.596010
0.561097
0.399002
0.331671
0.427681
0.463840
0.482544
0.596010
0.633416
0.458853
0.674564
0.562344
0.557357
0.507481
0.369077
0.406484
0.296758
0.281796
0.306733
0.335411
0.379052
0.394015
0.330424
0.286783
0.280549
0.309227
0.312968
0.326683
0.344140
0.361596
0.387781
0.349127
0.319202
0.361596
0.294264
0.366584
0.376559
0.385287
0.347880
0.326683
0.342893
0.336658
0.304239
0.387781
0.371571
0.359102
0.405237
0.406484
0.460100
0.349127
0.391521
0.403990
0.402743
0.369077
0.332918
0.350374
0.408978
0.603491
0.587282
0.684539
0.714464
0.675810
0.563591
0.685786
0.593516
0.465087
0.426434
0.421446
0.436409
0.487531
0.547382
0.576060
0.704489
0.839152
0.786783
0.778055
0.871571
0.789277
0.816708
0.865337
0.880299
0.890274
0.982544
0.826683
0.946384
0.955112
0.931421
0.983791
0.847880
0.927681
0.807980
0.780549
0.721945
0.756858
0.617207
0.634663
0.591022
0.492519
0.503741
0.457606
0.380299
0.467581
0.589776
0.591022
0.617207
0.561097
0.705736
0.687032
0.490025
0.367830
0.289277
0.400249
0.394015
0.356608
0.295511
0.284289
0.246883
0.340399
0.420200
0.477556
0.448878
0.349127
0.342893
0.299252
0.314214
0.307980
0.279302
0.311721
0.360349
0.396509
0.340399
0.391521
0.324190
0.371571
0.291771
0.311721
0.223192
0.276808
0.279302
0.249377
0.273067
0.341646
0.309227
0.290524
0.216958
0.284289
0.370324
0.335411
0.441397
0.417706
0.512469
0.350374
0.413965
0.552369
0.501247
0.578554
0.553616
0.483791
0.461347
0.462594
0.427681
0.504988
0.496259
0.503741
0.526185
0.554863
0.583541
0.709476
0.692020
0.728180
0.791771
0.829177
0.897756
0.926434
0.884040
0.905237
0.709476
0.917706
1.000000
0.851621
0.872818
0.861596
0.795511
0.718204
0.721945
0.615960
0.657107
0.462594
0.463840
0.539900
0.504988
0.488778
0.465087
0.425187
0.480050
0.410224
0.390274
0.421446
0.549875
0.481297
0.448878
0.380299
0.497506
0.543641
0.460100
0.487531
0.339152
0.327930
0.302993
0.234414
0.268080
0.254364
0.246883
0.254364
0.316708
0.260599
0.243142
0.309227
0.339152
0.301746
0.335411
0.351621
0.319202
0.359102
0.312968
0.347880
0.276808
0.255611
0.279302
0.246883
0.239401
0.243142
0.224439
0.225686
0.261845
0.250623
0.278055
0.188279
0.241895
0.256858
0.295511
0.205736
0.249377
0.344140
0.310474
0.342893
0.371571
0.440150
0.397756
0.349127
0.390274
0.481297
0.376559
0.436409
0.460100
0.413965
0.345387
0.475062
0.504988
0.534913
0.623441
0.658354
0.738155
0.769327
0.814214
0.891521
0.915212
0.947631
0.814214
0.854115
0.937656
0.950125
0.870324
0.789277
0.789277
0.748130
0.627182
0.511222
0.559850
0.487531
0.440150
0.417706
0.381546
0.401496
0.413965
0.403990
0.432668
0.380299
0.321696
0.322943
0.306733
0.306733
0.305486
0.305486
0.283042
0.307980
0.255611
0.240648
0.260599
0.241895
0.241895
0.216958
0.219451
0.221945
0.203242
0.229426
0.250623
0.260599
0.249377
0.270574
0.265586
0.334165
0.407731
0.381546
0.261845
0.278055
0.315461
0.309227
0.372818
0.335411
0.356608
0.254364
0.251870
0.241895
0.264339
0.225686
0.254364
0.301746
0.218204
0.210723
0.211970
0.236908
0.224439
0.189526
0.248130
0.329177
0.263092
0.264339
0.276808
0.341646
0.350374
0.310474
0.359102
0.391521
0.342893
0.299252
0.346633
0.442643
0.400249
0.402743
0.521197
0.486284
0.481297
0.512469
0.643392
0.780549
0.852868
0.884040
0.940150
0.876559
0.933915
0.729426
0.783042
0.816708
0.862843
0.901496
0.911471
0.816708
0.751870
0.780549
0.670823
0.576060
0.527431
0.490025
0.504988
0.497506
0.482544
0.468828
0.361596
0.340399
0.370324
0.395262
0.374065
0.375312
0.314214
0.329177
0.342893
0.314214
0.296758
0.258105
0.253117
0.224439
0.228180
0.216958
0.211970
0.220698
0.210723
0.245636
0.295511
0.253117
0.251870
0.203242
0.261845
0.310474
0.342893
0.301746
0.270574
0.258105
0.311721
0.305486
0.284289
0.256858
0.275561
0.289277
0.329177
0.279302
0.255611
0.271820
0.249377
0.293017
0.241895
0.210723
0.239401
0.198254
0.208229
0.223192
0.280549
0.263092
0.286783
0.329177
0.281796
0.415212
0.401496
0.322943
0.369077
0.347880
0.361596
0.319202
0.371571
0.410224
0.426434
0.534913
0.465087
0.481297
0.528678
0.594763
0.653367
0.577307
0.660848
0.753117
0.749377
0.730673
0.796758
0.775561
0.725686
0.718204
0.798005
0.869077
0.785536
0.851621
0.755611
0.790524
0.741895
0.684539
0.655860
0.603491
0.522444
0.471322
0.452618
0.385287
0.337905
0.321696
0.354115
0.379052
0.339152
0.355362
0.299252
0.264339
0.248130
0.244389
0.249377
0.284289
0.329177
0.245636
0.285536
0.254364
0.180798
0.150873
0.175810
0.198254
0.293017
0.288030
0.263092
0.253117
0.352868
0.295511
0.240648
0.284289
0.304239
0.231920
0.311721
0.251870
0.304239
0.280549
0.293017
0.240648
0.289277
0.295511
0.266833
0.364090
0.293017
0.241895
0.286783
0.201995
0.210723
0.195761
0.197007
0.248130
0.219451
0.269327
0.296758
0.346633
0.335411
0.254364
0.255611
0.229426
0.240648
0.300499
0.324190
0.435162
0.326683
0.367830
0.384040
0.376559
0.389027
0.500000
0.568579
0.589776
0.660848
0.680798
0.672070
0.693267
0.708229
0.698254
0.766833
0.755611
0.729426
0.725686
0.527431
0.608479
0.645885
0.652120
0.718204
0.716958
0.698254
0.713217
0.598504
0.619701
0.740648
0.612219
0.598504
0.600998
0.564838
0.486284
0.472569
0.376559
0.374065
0.334165
0.411471
0.345387
0.278055
0.291771
0.268080
0.175810
0.230673
0.236908
0.256858
0.310474
0.312968
0.263092
0.216958
0.236908
0.220698
0.234414
0.192020
0.179551
0.177057
0.259352
0.243142
0.283042
0.243142
0.239401
0.248130
0.234414
0.288030
0.294264
0.253117
0.314214
0.270574
0.320449
0.312968
0.268080
0.251870
0.284289
0.193267
0.268080
0.170823
0.240648
0.218204
0.200748
0.220698
0.235661
0.253117
0.206983
0.275561
0.269327
0.213217
0.233167
0.224439
0.234414
0.284289
0.392768
0.371571
0.284289
0.278055
0.276808
0.344140
0.425187
0.470075
0.579800
0.623441
0.556110
0.573566
0.573566
0.623441
0.607232
0.593516
0.624688
0.558603
0.630923
0.635910
0.622195
0.719451
0.516209
0.536160
0.600998
0.604738
0.627182
0.536160
0.551122
0.557357
0.596010
0.619701
0.537406
0.557357
0.564838
0.579800
0.522444
0.511222
0.440150
0.405237
0.298005
0.290524
0.260599
0.322943
0.325436
0.293017
0.281796
0.251870
0.263092
0.249377
0.250623
0.304239
0.304239
0.251870
0.289277
0.259352
0.249377
0.268080
0.221945
0.258105
0.193267
0.258105
0.221945
0.268080
0.310474
0.296758
0.245636
0.229426
0.259352
0.299252
0.298005
0.279302
0.241895
0.285536
0.296758
0.253117
0.276808
0.241895
0.226933
0.246883
0.271820
0.250623
0.230673
0.226933
0.268080
0.283042
0.234414
0.211970
0.249377
0.270574
0.274314
0.266833
0.251870
0.264339
0.362843
0.370324
0.411471
0.371571
0.374065
0.475062
0.522444
0.522444
0.511222
0.574813
0.583541
0.576060
0.549875
0.589776
0.603491
0.536160
0.549875
0.531172
0.566085
0.566085
0.610973
0.514963
0.433915
0.500000
0.548628
0.526185
0.495012
0.521197
0.463840
0.541147
0.517456
0.531172
0.567332
0.561097
0.581047
0.524938
0.542394
0.543641
0.512469
0.481297
0.397756
0.433915
0.387781
0.461347
0.361596
0.387781
0.301746
0.293017
0.342893
0.276808
0.276808
0.233167
0.264339
0.261845
0.231920
0.254364
0.301746
0.256858
0.231920
0.233167
0.189526
0.248130
0.316708
0.280549
0.255611
0.291771
0.233167
0.273067
0.268080
0.279302
0.221945
0.263092
0.271820
0.258105
0.273067
0.233167
0.256858
0.187032
0.238155
0.219451
0.193267
0.208229
0.243142
0.274314
0.250623
0.248130
0.244389
0.293017
0.244389
0.324190
0.432668
0.394015
0.360349
0.432668
0.352868
0.392768
0.413965
0.425187
0.412718
0.443890
0.467581
0.483791
0.478803
0.521197
0.518703
0.481297
0.502494
0.519950
0.509975
0.486284
0.471322
0.532419
0.522444
0.531172
0.511222
0.488778
0.430175
0.458853
0.455112
0.482544
0.477556
0.492519
0.445137
0.523691
0.511222
0.486284
0.509975
0.482544
0.445137
0.519950
0.433915
0.502494
0.473815
0.461347
0.486284
0.458853
0.427681
0.490025
0.427681
0.412718
0.360349
0.346633
0.336658
0.345387
0.304239
0.295511
0.289277
0.264339
0.279302
0.274314
0.253117
0.219451
0.230673
0.241895
0.223192
0.205736
0.231920
0.243142
0.220698
0.263092
0.233167
0.241895
0.271820
0.266833
0.284289
0.266833
0.238155
0.244389
0.244389
0.228180
0.265586
0.226933
0.270574
0.208229
0.250623
0.214464
0.214464
0.236908
0.230673
0.216958
0.280549
0.279302
0.314214
0.254364
0.305486
0.334165
0.367830
0.394015
0.355362
0.412718
0.385287
0.435162
0.435162
0.470075
0.446384
0.389027
0.496259
0.440150
0.502494
0.473815
0.421446
0.495012
0.495012
0.423940
0.446384
0.415212
0.476309
0.477556
0.483791
0.504988
0.512469
0.401496
0.418953
0.360349
0.399002
0.405237
0.422693
0.437656
0.425187
0.391521
0.408978
0.431421
0.427681
0.408978
0.446384
0.437656
0.335411
0.356608
0.387781
0.390274
0.402743
0.417706
0.427681
0.376559
0.366584
0.340399
0.380299
0.374065
0.349127
0.280549
0.278055
0.300499
0.253117
0.279302
0.264339
0.238155
0.244389
0.251870
0.198254
0.233167
0.184539
0.214464
0.255611
0.214464
0.280549
0.259352
0.246883
0.296758
0.280549
0.211970
0.235661
0.204489
0.259352
0.184539
0.219451
0.224439
0.218204
0.243142
0.240648
0.163342
0.201995
0.226933
0.248130
0.225686
0.230673
0.261845
0.249377
0.299252
0.316708
0.289277
0.354115
0.347880
0.361596
0.370324
0.376559
0.400249
0.395262
0.379052
0.436409
0.375312
0.337905
0.411471
0.356608
0.350374
0.420200
0.406484
0.426434
0.397756
0.341646
0.365337
0.331671
0.420200
0.423940
0.436409
