0.010437
0.010050
0.013143
0.003479
0.006185
0.010823
0.010823
0.005412
0.006185
0.005025
0.003865
0.012756
0.006185
0.006185
0.003865
0.013529
0.008891
0.009664
0.015848
0.013529
0.014689
0.006958
0.010050
0.011983
0.010823
0.007344
0.005798
0.007731
0.009664
0.081948
0.129494
0.018941
0.006958
0.004639
0.006185
0.004252
0.004252
0.007731
0.014302
0.009664
0.000773
0.008118
0.006185
0.006571
0.006958
0.009664
0.011210
0.011596
0.012756
0.010823
0.017781
0.001933
0.009277
0.001160
0.002706
0.002319
0.005798
0.006958
0.005412
0.004252
0.003479
0.006571
0.008118
0.006185
0.096250
0.144569
0.013529
0.007731
0.007731
0.009664
0.005025
0.010823
0.006185
0.003865
0.009277
0.010823
0.011210
0.013143
0.008118
0.005025
0.003865
0.009277
0.005798
0.001546
0.011210
0.008118
0.013529
0.003092
0.005798
0.012756
0.010823
0.006571
0.011983
0.008891
0.001160
0.006571
0.005025
0.003092
0.014302
0.000000
0.006958
0.013529
0.007344
0.017008
0.010823
0.005025
0.006571
0.013529
0.008504
0.008504
0.011983
0.009664
0.008891
0.011983
0.008504
0.008504
0.007344
0.008118
0.005798
0.014302
0.002319
0.004252
0.008504
0.053730
0.044453
0.010437
0.008504
0.010437
0.010050
0.008504
0.002319
0.007344
0.008504
0.013529
0.011596
0.007344
0.007344
0.009664
0.003865
0.009277
0.011210
0.011596
0.011596
0.003092
0.011210
0.010050
0.006958
0.010437
0.008118
0.002319
0.005412
0.007344
0.005025
0.004639
0.008891
0.009277
0.011210
0.014689
0.008891
0.008891
0.010823
0.013143
0.007344
0.004639
0.000000
0.004639
0.007731
0.006571
0.008118
0.000000
0.008891
0.009277
0.010437
0.003479
0.001546
0.007731
0.013916
0.006571
0.010823
0.010050
0.008504
0.006571
0.008504
0.013143
0.007344
0.001933
0.011210
0.017008
0.005025
0.006958
0.007344
0.011210
0.000387
0.007731
0.004639
0.014302
0.006571
0.005412
0.009664
0.008118
0.001933
0.010823
0.010050
0.110939
0.185930
0.040974
0.005798
0.003865
0.010437
0.006571
0.005412
0.005412
0.018554
0.009277
0.005412
0.003865
0.009664
0.107847
0.110939
0.015848
0.014689
0.010437
0.008891
0.008891
0.003479
0.011210
0.001546
0.006185
0.013529
0.015462
0.008891
0.013529
0.010050
0.007344
0.005798
0.005412
0.013143
0.006185
0.005798
0.007344
0.012370
0.011596
0.007344
0.003479
0.000773
0.014302
0.001546
0.009277
0.008504
0.006185
0.006571
0.003479
0.006185
0.007731
0.018168
0.332045
0.431774
0.044840
0.009277
0.001933
0.008118
0.003479
0.009277
0.011596
0.013916
0.016622
0.008118
0.040974
0.322768
0.904523
0.717047
0.082335
0.004639
0.011596
0.010823
0.012370
0.005412
0.006571
0.010050
0.010050
0.006571
0.012756
0.008118
0.011983
0.008504
0.006958
0.009277
0.012756
0.011596
0.012756
0.013143
0.004639
0.017008
0.007731
0.009277
0.016235
0.105914
0.760727
1.000000
0.652493
0.212215
0.028218
0.010050
0.006185
0.005025
0.016235
0.009664
0.010437
0.000773
0.005412
0.103981
0.490916
0.276768
0.014689
0.007344
0.005025
0.004639
0.010050
0.007344
0.008118
0.006958
0.004639
0.010437
0.007731
0.006185
0.006958
0.008504
0.018554
0.013143
0.015462
0.011210
0.013529
0.009664
0.008504
0.015462
0.007344
0.013916
0.004639
0.008891
0.007344
0.010050
0.009664
0.007344
0.006185
0.007731
0.001160
0.011210
0.008118
0.010050
0.045999
0.291844
0.262466
0.089293
0.011983
0.004252
0.008891
0.005798
0.010437
0.007731
0.013143
0.121376
0.417472
0.587553
0.419791
0.141090
0.019327
0.010437
0.013916
0.006571
0.002319
0.017008
0.015462
0.015075
0.010437
0.006185
0.008891
0.009664
0.010050
0.009664
0.005798
0.008504
0.001546
0.014302
0.017781
0.008118
0.005412
0.005798
0.003092
0.010823
0.008118
0.008891
0.010823
0.015462
0.046386
0.297256
0.472362
0.276382
0.082335
0.044840
0.018941
0.007731
0.005798
0.023966
0.087360
0.235021
0.346734
0.090452
0.017008
0.008891
0.005798
0.014302
0.004639
0.006571
0.010823
0.001546
0.003865
0.008504
0.008504
0.005025
0.006571
0.010823
0.010050
0.022806
0.015462
0.013143
0.004252
0.011596
0.012370
0.002706
0.005025
0.013916
0.005798
0.005412
0.001933
0.003092
0.010050
0.007344
0.007344
0.005025
0.013143
0.006185
0.002706
0.012370
0.009277
0.012756
0.031697
0.140317
0.206803
0.141090
0.050251
0.018554
0.104755
0.257828
0.202551
0.181678
0.102822
0.028991
0.011596
0.006571
0.008891
0.008891
0.005025
0.009277
0.013529
0.013143
0.014302
0.014302
0.006958
0.010823
0.002706
0.014302
0.014689
0.000000
0.003479
0.008118
0.013529
0.014689
0.022806
0.012370
0.013529
0.016622
0.024739
0.038655
0.052571
0.033630
0.022033
0.003479
0.006185
0.015848
0.019714
0.025512
0.074990
0.084267
0.015848
0.093158
0.119443
0.064167
0.020874
0.011596
0.011596
0.014302
0.013529
0.008891
0.008504
0.003865
0.009277
0.011210
0.008118
0.011983
0.010823
0.013529
0.012370
0.000000
0.003092
0.013143
0.010437
0.008118
0.009277
0.004252
0.014302
0.013143
0.004639
0.008891
0.014689
0.010823
0.013529
0.006958
0.013143
0.005798
0.001546
0.000000
0.011596
0.014689
0.006571
0.003092
0.016622
0.014302
0.014689
0.020101
0.011210
0.032857
0.056049
0.030537
0.006185
0.009664
0.011596
0.017395
0.008118
0.007344
0.013143
0.028218
0.062234
0.075763
0.060302
0.063007
0.040201
0.029764
0.020101
0.013143
0.016235
0.013529
0.012756
0.014689
0.012370
0.015848
0.015075
0.017781
0.009664
0.014302
0.015462
0.018168
0.033630
0.078856
0.093931
0.065713
0.044066
0.081948
0.054117
0.012370
0.010823
0.004252
0.010050
0.005412
0.009277
0.005798
0.025899
0.018941
0.025126
0.022420
0.009664
0.010823
0.005798
0.006571
0.008891
0.007344
0.007731
0.006185
0.005412
0.010823
0.011596
0.008891
0.010050
0.003865
0.002706
0.006958
0.009277
0.010050
0.008891
0.010050
0.011210
0.008504
0.005798
0.008891
0.008504
0.006185
0.005025
0.003479
0.008118
0.005412
0.004252
0.009664
0.005798
0.010437
0.002706
0.012756
0.007731
0.011983
0.005798
0.013143
0.015848
0.013529
0.006958
0.011983
0.040974
0.025512
0.013143
0.010050
0.008891
0.008504
0.008118
0.005798
0.010437
0.009664
0.052957
0.075377
0.076150
0.068419
0.093158
0.077696
0.043680
0.013916
0.007731
0.014689
0.014302
0.015075
0.015848
0.025899
0.010437
0.012756
0.012756
0.004639
0.013529
0.007731
0.012370
0.008891
0.044066
0.082335
0.093931
0.112099
0.195980
0.091612
0.011210
0.005412
0.021260
0.016235
0.009277
0.000000
0.008504
0.013529
0.007344
0.014689
0.023193
0.015075
0.015075
0.035562
0.018941
0.007344
0.008118
0.005025
0.014302
0.002319
0.008891
0.009277
0.005798
0.007731
0.011596
0.006571
0.005412
0.018168
0.020487
0.007344
0.009664
0.006571
0.011596
0.010050
0.015075
0.007344
0.005798
0.006185
0.009277
0.011983
0.006958
0.004639
0.006958
0.004639
0.004639
0.003092
0.004639
0.005798
0.001546
0.006185
0.026285
0.053730
0.041747
0.009664
0.008118
0.010437
0.007344
0.011210
0.011983
0.016622
0.001933
0.102822
0.215694
0.172014
0.090839
0.030151
0.037495
0.111326
0.051411
0.049478
0.043680
0.031310
0.006958
0.011210
0.007731
0.013143
0.013143
0.005798
0.008504
0.011983
0.006958
0.010437
0.017395
0.010823
0.011596
0.010437
0.011596
0.008118
0.015462
0.008504
0.010823
0.048705
0.279088
0.440278
0.438346
0.424430
0.144569
0.006958
0.004639
0.012756
0.017008
0.005025
0.004639
0.004252
0.002319
0.015462
0.044066
0.070352
0.022806
0.007344
0.006958
0.007344
0.010050
0.008118
0.004639
0.012370
0.006958
0.010050
0.011596
0.005798
0.005798
0.011596
0.014302
0.014689
0.012370
0.007344
0.006571
0.006185
0.005412
0.014302
0.007731
0.008504
0.008504
0.007344
0.010823
0.009277
0.006958
0.003092
0.006958
0.016235
0.006185
0.006958
0.018941
0.051797
0.085814
0.022420
0.005412
0.005025
0.006571
0.011210
0.006185
0.004252
0.008891
0.007731
0.012756
0.015462
0.084267
0.248550
0.447623
0.332818
0.064167
0.011596
0.005025
0.010050
0.010437
0.011596
0.000000
0.011596
0.005798
0.009277
0.012370
0.014302
0.016235
0.007731
0.007344
0.004639
0.009277
0.002706
0.003092
0.011210
0.010050
0.004252
0.005798
0.005798
0.011596
0.011210
0.006571
0.032083
0.037109
0.020101
0.011596
0.007344
0.010050
0.005025
0.011210
0.016622
0.013916
0.014302
0.005798
0.009664
0.006185
0.005412
0.028605
0.036722
0.010437
0.012756
0.011983
0.009277
0.009664
0.012370
0.005412
0.008504
0.005798
0.004639
0.009664
0.008504
0.010823
0.009664
0.007344
0.011210
0.010437
0.003479
0.009664
0.010823
0.007731
0.015462
0.008504
0.002706
0.006185
0.010050
0.010437
0.003865
0.005025
0.008504
0.004252
0.007344
0.021260
0.044066
0.018941
0.014689
0.010823
0.008891
0.006958
0.008891
0.005798
0.013143
0.009664
0.010437
0.014302
0.003479
0.014689
0.010050
0.016622
0.013916
0.010437
0.007344
0.006958
0.010823
0.003479
0.003479
0.011210
0.016235
0.007344
0.015462
0.010823
0.010050
0.009277
0.007344
0.002706
0.007731
0.004252
0.011210
0.008891
0.023579
0.000773
0.005798
0.007344
0.021260
0.014689
0.005025
0.011210
0.010823
0.001933
0.001546
0.012756
0.010437
0.013529
0.004639
0.006571
0.002319
0.001546
0.009277
0.007731
0.009277
0.006185
0.008504
0.009664
0.034789
0.059915
0.024739
0.008891
0.004252
0.012756
0.005025
0.005025
0.017395
0.002319
0.006958
0.002319
0.009277
0.015848
0.005412
0.005798
0.009277
0.008504
0.010437
0.008118
0.010823
0.007344
0.012370
0.005798
0.014302
0.006958
0.004252
0.005412
0.013529
0.009664
0.017008
0.010437
0.037109
0.089293
0.046772
0.006958
0.006958
0.010823
0.002706
0.009277
0.005412
0.006958
0.006185
0.002319
0.005412
0.010437
0.003479
0.002706
0.009664
0.006571
0.007731
0.015462
0.012756
0.013529
0.004252
0.016235
0.009664
0.013143
0.003865
0.011210
0.015848
0.015075
0.012370
0.006958
0.005798
0.009277
0.002706
0.010050
0.011983
0.010050
0.002319
0.011983
0.006185
0.009277
0.008504
0.007731
0.005412
0.003092
0.004639
0.013529
0.006958
0.013916
0.002319
0.010050
0.006958
0.004639
0.008118
0.011983
0.008504
0.008504
0.002706
0.005798
0.009277
0.011210
0.022033
0.114032
0.104368
0.011596
0.016235
0.003865
0.010823
0.007731
0.014689
0.007731
0.008504
0.010437
0.006185
0.006185
0.006571
0.014689
0.010823
0.010050
0.008118
0.009664
0.008891
0.006571
0.007344
0.001933
0.013916
0.006958
0.009277
0.004252
0.005412
0.008504
0.007344
0.011596
0.069192
0.062234
0.016622
0.008118
0.005798
0.007344
0.005412
0.007344
0.002706
0.009277
0.010437
0.005412
0.005412
0.005025
0.010823
0.006571
0.003479
0.002319
0.007344
0.006571
0.004639
0.005025
0.017395
0.013916
0.008891
0.008504
0.007344
0.011596
0.004252
0.004252
0.014302
0.017395
0.004252
0.008504
0.011983
0.008891
0.011596
0.011596
0.005798
0.005798
0.004639
0.008118
0.011983
0.013529
0.008118
0.008504
0.020487
0.005412
0.015462
0.007344
0.003479
0.006571
0.010050
0.006958
0.010050
0.011983
0.011210
0.007344
0.007731
0.008118
0.006185
0.011596
0.013916
0.011210
0.010050
0.006185
0.012370
0.004252
0.011983
0.008118
0.008504
0.010823
0.007731
0.006571
0.012370
0.006185
0.012370
0.000387
0.018941
0.009277
0.006185
0.001546
0.009664
0.008118
0.009277
0.005025
0.004639
0.004252
0.008891
0.004252
0.008118
0.010050
0.008118
0.009277
0.009664
0.006571
0.007344
0.004639
0.011983
0.009277
0.009664
0.008891
0.013916
0.010823
0.008891
0.006185
0.010437
0.008118
0.008504
0.008504
0.011983
0.011596
0.011983
0.000773
0.009277
0.007731
0.009277
0.006185
0.005025
0.006185
0.006571
0.015075
0.008118
0.011596
0.011596
0.010050
0.017395
0.005798
0.002319
0.010050
0.005798
0.019714
0.009664
0.015075
0.010823
0.007344
0.007344
0.006571
0.012370
0.017395
0.010823
0.007731
0.010437
0.005798
0.006185
0.006958
0.005412
0.008891
0.004639
0.003865
0.014689
0.005798
0.012756
0.008118
0.005025
0.005798
0.007344
0.004639
0.005025
0.005025
0.001546
0.005025
0.015075
0.004639
0.008118
0.003092
0.004252
0.006185
0.004639
0.007731
0.006958
0.013916
0.015848
0.011596
0.013143
0.007344
0.003479
0.010823
0.006958
0.006958
0.009664
0.006185
0.007731
0.010050
0.010823
0.009664
0.007344
0.008891
0.005412
0.009664
0.006185
0.011210
0.009664
0.007344
0.005798
0.007731
0.011210
0.010050
0.005798
0.010437
0.012756
0.011596
0.008504
0.007344
0.002319
0.005798
0.002706
0.008118
0.008118
0.016235
0.006571
0.007731
0.007344
0.004252
0.006185
0.006958
0.017008
0.007344
0.004252
0.008118
