0.173611
0.152778
0.055556
0.256944
0.020833
0.034722
0.166667
0.090278
0.111111
0.187500
0.194444
0.097222
0.125000
0.118056
0.118056
0.270833
0.305556
0.263889
0.131944
0.312500
0.138889
0.250000
0.208333
0.145833
0.118056
0.298611
0.340278
0.631944
0.375000
0.368056
0.125000
0.159722
0.277778
0.187500
0.138889
0.104167
0.125000
0.312500
0.437500
0.270833
0.173611
0.381944
0.270833
0.166667
0.062500
0.138889
0.055556
0.145833
0.118056
0.145833
0.111111
0.069444
0.104167
0.159722
0.111111
0.291667
0.291667
0.388889
0.152778
0.201389
0.138889
0.159722
0.055556
0.055556
0.013889
0.111111
0.597222
0.625000
0.395833
0.166667
0.354167
0.298611
0.270833
0.298611
0.381944
0.215278
0.298611
0.395833
0.243056
0.312500
0.368056
0.166667
0.291667
0.090278
0.291667
0.222222
0.062500
0.229167
0.319444
0.006944
0.166667
0.333333
0.180556
0.312500
0.270833
0.395833
0.319444
0.333333
0.194444
0.256944
0.208333
0.180556
0.145833
0.215278
0.263889
0.305556
0.388889
0.416667
0.576389
0.368056
0.319444
0.319444
0.472222
0.381944
0.541667
0.166667
0.250000
0.263889
0.201389
0.354167
0.284722
0.500000
0.166667
0.125000
0.104167
0.013889
0.090278
0.138889
0.312500
0.479167
0.256944
0.375000
0.416667
0.222222
0.159722
0.236111
0.236111
0.263889
0.125000
0.097222
0.104167
0.208333
0.111111
0.020833
0.111111
0.222222
0.430556
0.076389
0.270833
0.111111
0.222222
0.194444
0.256944
0.361111
0.388889
0.243056
0.263889
0.027778
0.138889
0.194444
0.152778
0.423611
0.500000
0.416667
0.618056
0.222222
0.263889
0.659722
0.430556
0.361111
0.263889
0.340278
0.256944
0.437500
0.215278
0.333333
0.381944
0.381944
0.423611
0.555556
0.256944
0.256944
0.402778
0.166667
0.284722
0.416667
0.388889
0.444444
0.381944
0.159722
0.395833
0.395833
0.305556
0.256944
0.368056
0.347222
0.312500
0.361111
0.256944
0.618056
0.506944
0.520833
0.395833
0.166667
0.104167
0.388889
0.270833
0.354167
0.229167
0.819444
0.631944
0.520833
0.597222
0.284722
0.423611
0.409722
0.409722
0.229167
0.222222
0.006944
0.229167
0.527778
0.263889
0.638889
0.409722
0.131944
0.083333
0.187500
0.208333
0.173611
0.361111
0.187500
0.222222
0.083333
0.256944
0.152778
0.048611
0.201389
0.194444
0.069444
0.326389
0.097222
0.159722
0.388889
0.458333
0.347222
0.215278
0.069444
0.166667
0.465278
0.375000
0.444444
0.527778
0.375000
0.229167
0.090278
0.131944
0.500000
0.215278
0.486111
0.597222
0.604167
0.305556
0.979167
0.777778
0.715278
0.513889
0.576389
0.319444
0.173611
0.166667
0.506944
0.479167
0.756944
0.618056
0.479167
0.256944
0.409722
0.354167
0.451389
0.312500
0.534722
0.243056
0.347222
0.250000
0.756944
0.354167
0.361111
0.611111
0.430556
0.659722
0.534722
0.562500
0.833333
0.381944
0.361111
0.291667
0.187500
0.083333
0.097222
0.333333
0.381944
0.423611
0.694444
0.625000
0.347222
0.458333
0.409722
0.319444
0.416667
0.326389
0.125000
0.006944
0.118056
0.270833
0.298611
0.347222
0.118056
0.222222
0.166667
0.041667
0.034722
0.277778
0.229167
0.236111
0.090278
0.048611
0.090278
0.131944
0.062500
0.243056
0.118056
0.173611
0.201389
0.222222
0.104167
0.201389
0.263889
0.305556
0.138889
0.208333
0.111111
0.173611
0.145833
0.215278
0.312500
0.409722
0.354167
0.201389
0.006944
0.118056
0.118056
0.125000
0.312500
0.256944
0.361111
0.513889
0.576389
0.437500
0.493056
0.270833
0.194444
0.118056
0.131944
0.138889
0.534722
0.388889
0.444444
0.631944
0.812500
0.631944
0.645833
0.562500
0.472222
0.423611
0.277778
0.590278
0.569444
0.493056
0.486111
0.458333
0.430556
0.736111
0.305556
0.763889
0.597222
0.541667
0.604167
0.597222
0.555556
0.381944
0.513889
0.368056
0.409722
0.118056
0.277778
0.437500
0.368056
0.284722
0.444444
0.368056
0.284722
0.180556
0.250000
0.236111
0.083333
0.215278
0.541667
0.368056
0.527778
0.597222
0.347222
0.500000
0.270833
0.111111
0.187500
0.180556
0.243056
0.048611
0.381944
0.444444
0.208333
0.270833
0.020833
0.111111
0.138889
0.118056
0.006944
0.104167
0.222222
0.263889
0.402778
0.166667
0.194444
0.312500
0.013889
0.375000
0.256944
0.243056
0.256944
0.451389
0.618056
0.569444
0.444444
0.256944
0.048611
0.125000
0.125000
0.256944
0.500000
0.437500
0.416667
0.104167
0.125000
0.368056
0.263889
0.312500
0.263889
0.416667
0.430556
0.166667
0.319444
0.541667
0.666667
0.416667
0.548611
0.583333
0.694444
0.527778
0.638889
0.618056
0.388889
0.562500
0.666667
0.750000
0.694444
0.590278
0.743056
0.638889
0.520833
0.270833
0.416667
0.118056
0.159722
0.020833
0.138889
0.173611
0.548611
0.590278
0.236111
0.201389
0.312500
0.395833
0.263889
0.388889
0.138889
0.104167
0.180556
0.298611
0.312500
0.229167
0.347222
0.340278
0.493056
0.506944
0.215278
0.180556
0.208333
0.145833
0.013889
0.152778
0.076389
0.006944
0.111111
0.159722
0.118056
0.104167
0.222222
0.145833
0.034722
0.006944
0.131944
0.006944
0.048611
0.270833
0.048611
0.006944
0.006944
0.034722
0.402778
0.381944
0.388889
0.506944
0.159722
0.430556
0.569444
0.263889
0.361111
0.388889
0.222222
0.201389
0.104167
0.361111
0.430556
0.194444
0.055556
0.152778
0.708333
0.631944
0.041667
0.187500
0.125000
0.006944
0.104167
0.333333
0.187500
0.527778
0.513889
0.770833
0.819444
0.805556
0.770833
0.847222
0.513889
0.611111
0.902778
0.743056
0.583333
0.430556
0.756944
0.395833
0.277778
0.319444
0.013889
0.201389
0.006944
0.006944
0.006944
0.437500
0.597222
0.347222
0.194444
0.013889
0.256944
0.048611
0.201389
0.069444
0.145833
0.111111
0.236111
0.423611
0.395833
0.312500
0.187500
0.340278
0.166667
0.291667
0.076389
0.006944
0.006944
0.076389
0.034722
0.125000
0.006944
0.131944
0.006944
0.041667
0.250000
0.006944
0.111111
0.125000
0.006944
0.041667
0.020833
0.013889
0.006944
0.006944
0.006944
0.027778
0.006944
0.152778
0.125000
0.034722
0.250000
0.326389
0.131944
0.263889
0.319444
0.173611
0.145833
0.250000
0.458333
0.243056
0.013889
0.250000
0.159722
0.173611
0.006944
0.152778
0.006944
0.368056
1.000000
0.472222
0.152778
0.104167
0.006944
0.041667
0.006944
0.013889
0.458333
0.812500
0.715278
0.604167
0.597222
0.680556
0.756944
0.305556
0.486111
0.437500
0.784722
0.375000
0.465278
0.875000
0.479167
0.569444
0.465278
0.159722
0.104167
0.270833
0.090278
0.208333
0.354167
0.736111
0.645833
0.673611
0.013889
0.006944
0.145833
0.125000
0.118056
0.006944
0.215278
0.083333
0.222222
0.277778
0.277778
0.097222
0.368056
0.256944
0.222222
0.048611
0.319444
0.083333
0.166667
0.111111
0.055556
0.090278
0.083333
0.034722
0.097222
0.006944
0.062500
0.166667
0.152778
0.069444
0.159722
0.097222
0.125000
0.173611
0.006944
0.062500
0.013889
0.152778
0.166667
0.083333
0.270833
0.145833
0.263889
0.437500
0.215278
0.215278
0.166667
0.145833
0.006944
0.180556
0.194444
0.319444
0.326389
0.131944
0.020833
0.048611
0.055556
0.125000
0.340278
0.430556
0.409722
0.527778
0.243056
0.145833
0.125000
0.138889
0.201389
0.277778
0.534722
0.409722
0.638889
0.361111
0.729167
0.520833
0.423611
0.305556
0.479167
0.611111
0.652778
0.611111
0.527778
0.604167
0.534722
0.541667
0.604167
0.458333
0.250000
0.145833
0.104167
0.055556
0.187500
0.090278
0.006944
0.138889
0.166667
0.138889
0.006944
0.041667
0.409722
0.208333
0.291667
0.013889
0.097222
0.104167
0.284722
0.125000
0.354167
0.333333
0.513889
0.152778
0.166667
0.111111
0.104167
0.027778
0.041667
0.013889
0.006944
0.131944
0.006944
0.138889
0.201389
0.090278
0.048611
0.159722
0.006944
0.048611
0.138889
0.083333
0.006944
0.006944
0.090278
0.131944
0.243056
0.145833
0.319444
0.423611
0.243056
0.263889
0.388889
0.312500
0.069444
0.131944
0.229167
0.465278
0.361111
0.236111
0.423611
0.097222
0.069444
0.222222
0.618056
0.347222
0.312500
0.194444
0.131944
0.090278
0.333333
0.236111
0.354167
0.569444
0.444444
0.756944
0.736111
0.486111
0.548611
0.638889
0.770833
0.604167
0.263889
0.305556
0.354167
0.444444
0.409722
0.458333
0.270833
0.618056
0.673611
0.604167
0.576389
0.555556
0.381944
0.500000
0.222222
0.027778
0.138889
0.361111
0.645833
0.479167
0.194444
0.423611
0.236111
0.340278
0.576389
0.611111
0.284722
0.270833
0.173611
0.076389
0.125000
0.194444
0.125000
0.215278
0.222222
0.215278
0.062500
0.368056
0.256944
0.152778
0.006944
0.020833
0.048611
0.111111
0.069444
0.152778
0.048611
0.076389
0.076389
0.166667
0.006944
0.125000
0.104167
0.006944
0.208333
0.250000
0.097222
0.097222
0.166667
0.291667
0.298611
0.159722
0.152778
0.166667
0.006944
0.062500
0.097222
0.312500
0.145833
0.354167
0.416667
0.659722
0.562500
0.173611
0.375000
0.347222
0.708333
0.548611
0.680556
0.604167
0.395833
0.416667
0.291667
0.437500
0.444444
0.416667
0.472222
0.562500
0.486111
0.215278
0.486111
0.513889
0.437500
0.222222
0.361111
0.131944
0.256944
0.395833
0.340278
0.465278
0.243056
0.173611
0.326389
0.326389
0.437500
0.444444
0.319444
0.534722
0.298611
0.527778
0.430556
0.638889
0.395833
0.715278
0.541667
0.527778
0.375000
0.451389
0.638889
0.430556
0.520833
0.416667
0.187500
0.340278
0.270833
0.138889
0.041667
0.222222
0.215278
0.270833
0.319444
0.236111
0.368056
0.312500
0.215278
0.194444
0.131944
0.152778
0.159722
0.062500
0.173611
0.187500
0.020833
0.118056
0.013889
0.006944
0.048611
0.055556
0.034722
0.138889
0.069444
0.270833
0.222222
0.284722
0.208333
0.125000
0.305556
0.208333
0.125000
0.034722
0.333333
0.173611
0.381944
0.284722
0.493056
0.618056
0.444444
0.368056
0.375000
0.402778
0.444444
0.506944
0.256944
0.229167
0.548611
0.500000
0.416667
0.416667
0.409722
0.340278
0.166667
0.534722
0.326389
0.312500
0.319444
0.340278
0.250000
0.319444
0.222222
0.243056
0.305556
0.152778
0.284722
0.187500
0.215278
0.277778
0.208333
0.312500
0.270833
0.250000
0.409722
0.270833
0.416667
0.312500
0.270833
0.402778
0.361111
0.305556
0.444444
0.152778
0.326389
0.256944
0.201389
0.319444
0.243056
0.298611
0.215278
0.194444
0.305556
0.291667
0.027778
0.006944
0.118056
0.187500
0.118056
0.243056
0.020833
0.159722
0.006944
0.083333
0.138889
0.006944
0.173611
0.027778
0.138889
0.062500
0.034722
0.173611
0.104167
0.048611
0.006944
0.041667
0.048611
0.187500
0.090278
0.048611
0.090278
0.048611
0.097222
0.201389
0.006944
0.097222
0.090278
0.222222
0.111111
0.395833
0.173611
0.118056
0.277778
0.131944
0.111111
0.305556
0.138889
0.270833
0.222222
0.291667
0.326389
0.222222
0.395833
0.520833
0.312500
0.409722
0.486111
0.263889
0.298611
0.326389
0.388889
0.194444
0.305556
0.243056
0.305556
0.236111
0.215278
0.159722
0.069444
0.340278
0.145833
0.291667
0.208333
0.388889
0.194444
0.173611
0.236111
0.236111
0.326389
0.180556
0.326389
0.250000
0.388889
0.472222
0.291667
0.243056
0.437500
0.319444
0.354167
0.229167
0.222222
0.173611
0.138889
0.270833
0.333333
0.006944
0.083333
0.027778
0.111111
0.055556
0.152778
0.069444
0.215278
0.111111
0.159722
0.006944
0.006944
0.138889
0.013889
0.027778
0.104167
0.006944
0.159722
0.041667
0.104167
0.055556
0.006944
0.083333
0.041667
0.083333
0.263889
0.250000
0.006944
0.083333
0.041667
0.055556
0.194444
0.048611
0.138889
0.006944
0.180556
0.145833
0.180556
0.187500
0.291667
0.131944
0.090278
0.222222
0.222222
0.236111
0.243056
0.138889
0.361111
0.326389
0.222222
0.305556
0.222222
0.291667
0.187500
0.159722
0.319444
0.173611
0.256944
0.375000
0.243056
0.444444
0.243056
0.208333
0.361111
0.256944
0.006944
0.361111
0.180556
0.173611
0.076389
0.097222
0.250000
0.291667
0.236111
0.152778
0.236111
0.125000
0.243056
0.208333
0.076389
0.409722
0.402778
0.208333
0.277778
0.236111
0.250000
0.118056
0.180556
0.347222
0.131944
0.243056
0.215278
0.152778
0.159722
0.118056
0.131944
0.145833
0.152778
0.062500
0.006944
0.138889
0.020833
0.125000
0.020833
0.048611
0.069444
0.041667
0.125000
0.125000
0.173611
0.055556
0.020833
0.020833
0.020833
0.229167
0.020833
0.166667
0.006944
0.006944
0.006944
0.006944
0.048611
0.041667
0.083333
0.020833
0.048611
0.118056
0.006944
0.006944
0.069444
0.208333
0.166667
0.111111
0.097222
0.090278
0.166667
0.131944
0.236111
0.076389
0.416667
0.090278
0.291667
0.298611
0.104167
0.243056
0.236111
0.201389
0.090278
0.194444
0.409722
0.284722
0.243056
0.131944
0.229167
0.256944
0.236111
0.347222
0.090278
0.270833
0.138889
