0.515789
0.536842
0.694737
0.273684
0.336842
0.347368
0.284211
0.442105
0.421053
0.326316
0.168421
0.115789
0.536842
0.547368
0.389474
0.231579
0.326316
0.431579
0.294737
0.210526
0.231579
0.189474
0.231579
0.473684
0.315789
0.505263
0.473684
0.347368
0.284211
0.684211
0.389474
0.357895
0.242105
0.294737
0.242105
0.431579
0.515789
0.326316
0.442105
0.557895
0.273684
0.484211
0.568421
0.221053
0.600000
0.200000
0.273684
0.536842
0.452632
0.178947
0.157895
0.336842
0.410526
0.147368
0.431579
0.315789
0.305263
0.494737
0.431579
0.410526
0.368421
0.168421
0.431579
0.663158
0.294737
0.368421
0.347368
0.273684
0.610526
0.452632
0.105263
0.400000
0.610526
0.505263
0.389474
0.221053
0.631579
0.284211
0.242105
0.410526
0.231579
0.273684
0.494737
0.484211
0.326316
0.231579
0.694737
0.273684
0.526316
0.189474
0.357895
0.421053
0.368421
0.368421
0.221053
0.705263
0.410526
0.326316
0.357895
0.221053
0.400000
0.547368
0.494737
0.336842
0.452632
0.610526
0.221053
0.642105
0.315789
0.652632
0.389474
0.968421
0.684211
0.147368
0.568421
0.389474
0.463158
0.263158
0.263158
0.378947
0.484211
0.073684
0.094737
0.326316
0.800000
0.431579
0.294737
0.410526
0.378947
0.231579
0.284211
0.494737
0.378947
0.326316
0.368421
0.231579
0.368421
0.221053
0.284211
0.231579
0.452632
0.263158
0.336842
0.442105
0.294737
0.284211
0.526316
0.442105
0.473684
0.189474
0.221053
0.273684
0.021053
0.431579
0.410526
0.442105
0.221053
0.400000
0.452632
0.326316
0.568421
0.473684
0.589474
0.431579
0.494737
0.515789
0.073684
0.473684
0.778947
0.336842
0.284211
0.589474
0.221053
0.800000
0.305263
0.336842
0.442105
0.505263
0.263158
0.526316
0.378947
0.557895
0.547368
0.505263
0.200000
0.294737
0.284211
0.431579
0.242105
0.347368
0.421053
0.494737
0.231579
0.315789
0.389474
0.294737
0.431579
0.568421
0.389474
0.557895
0.684211
0.515789
0.315789
0.294737
0.652632
0.705263
0.200000
0.494737
0.600000
0.473684
0.347368
0.536842
0.410526
0.347368
0.347368
0.684211
0.452632
0.547368
0.210526
0.389474
0.252632
0.347368
0.157895
0.505263
0.105263
0.357895
0.389474
0.494737
0.610526
0.473684
0.221053
0.410526
0.368421
0.494737
0.221053
0.442105
0.294737
0.084211
0.326316
0.536842
0.410526
0.663158
0.368421
0.157895
0.231579
0.473684
0.326316
0.400000
0.494737
0.105263
0.305263
0.315789
0.347368
0.273684
0.421053
0.294737
0.452632
0.515789
0.589474
0.347368
0.357895
0.073684
0.368421
0.305263
0.315789
0.473684
0.315789
0.389474
0.494737
0.305263
0.452632
0.526316
0.305263
0.452632
0.831579
0.557895
0.526316
0.673684
0.494737
0.410526
0.463158
0.505263
0.821053
0.631579
0.757895
0.200000
0.505263
0.389474
0.768421
0.442105
0.463158
0.505263
0.452632
0.736842
0.484211
0.589474
0.305263
0.600000
0.252632
0.305263
0.389474
0.421053
0.431579
0.757895
0.315789
0.284211
0.473684
0.410526
0.421053
0.294737
0.326316
0.747368
0.494737
0.589474
0.463158
0.547368
0.368421
0.305263
0.673684
0.263158
0.305263
0.326316
0.431579
0.221053
0.231579
0.578947
0.357895
0.284211
0.484211
0.231579
0.463158
0.263158
0.157895
0.305263
0.568421
0.505263
0.410526
0.515789
0.189474
0.315789
0.378947
0.410526
0.568421
0.200000
0.147368
0.326316
0.421053
0.726316
0.473684
0.336842
0.547368
0.652632
0.505263
0.442105
0.294737
0.326316
0.452632
0.347368
0.042105
0.305263
0.536842
0.494737
0.294737
0.442105
0.284211
0.273684
0.600000
0.442105
0.578947
0.684211
0.452632
0.726316
0.463158
0.284211
0.294737
0.557895
0.600000
0.484211
0.600000
0.789474
0.084211
0.600000
0.578947
0.652632
0.515789
0.747368
0.673684
0.684211
0.168421
0.494737
0.494737
0.347368
0.757895
0.273684
0.442105
0.315789
0.252632
0.126316
0.463158
0.368421
0.484211
0.294737
0.673684
0.442105
0.231579
0.221053
0.431579
0.494737
0.347368
0.336842
0.452632
0.210526
0.515789
0.452632
0.400000
0.568421
0.252632
0.347368
0.336842
0.442105
0.642105
0.063158
0.273684
0.305263
0.105263
0.410526
0.389474
0.105263
0.284211
0.347368
0.231579
0.231579
0.242105
0.126316
0.536842
0.294737
0.252632
0.115789
0.642105
0.631579
0.536842
0.305263
0.357895
0.547368
0.157895
0.326316
0.557895
0.136842
0.400000
0.305263
0.652632
0.221053
0.526316
0.389474
0.631579
0.526316
0.357895
0.347368
0.557895
0.368421
0.452632
0.136842
0.294737
0.600000
0.505263
0.526316
0.231579
0.757895
0.673684
0.326316
0.631579
0.094737
0.378947
0.505263
0.378947
0.778947
0.484211
0.557895
0.557895
0.284211
0.431579
0.400000
0.463158
0.294737
0.536842
0.378947
0.347368
0.252632
0.463158
0.389474
0.484211
0.515789
0.400000
0.694737
0.305263
0.400000
0.578947
0.378947
0.357895
0.547368
0.231579
0.115789
0.505263
0.515789
0.073684
0.273684
0.494737
0.263158
0.252632
0.536842
0.357895
0.021053
0.273684
0.273684
0.515789
0.621053
0.642105
0.410526
0.126316
0.484211
0.389474
0.315789
0.421053
0.284211
0.568421
0.200000
0.221053
0.231579
0.126316
0.263158
0.610526
0.157895
0.326316
0.557895
0.357895
0.273684
0.326316
0.315789
0.273684
0.336842
0.263158
0.410526
0.326316
0.547368
1.000000
0.515789
0.463158
0.094737
0.589474
0.221053
0.431579
0.305263
0.294737
0.663158
0.821053
0.663158
0.421053
0.442105
0.410526
0.515789
0.494737
0.621053
0.768421
0.463158
0.389474
0.663158
0.421053
0.589474
0.452632
0.652632
0.463158
0.452632
0.589474
0.452632
0.189474
0.305263
0.652632
0.042105
0.315789
0.505263
0.473684
0.389474
0.210526
0.421053
0.273684
0.052632
0.463158
0.094737
0.431579
0.084211
0.126316
0.305263
0.126316
0.273684
0.284211
0.357895
0.294737
0.726316
0.347368
0.894737
0.157895
0.105263
0.368421
0.252632
0.410526
0.263158
0.052632
0.273684
0.189474
0.157895
0.147368
0.189474
0.200000
0.252632
0.378947
0.600000
0.568421
0.389474
0.284211
0.589474
0.515789
0.315789
0.631579
0.410526
0.294737
0.431579
0.347368
0.557895
0.326316
0.515789
0.610526
0.421053
0.357895
0.400000
0.231579
0.621053
0.326316
0.221053
0.400000
0.336842
0.231579
0.400000
0.515789
0.168421
0.263158
0.294737
0.526316
0.536842
0.747368
0.389474
0.452632
0.305263
0.505263
0.663158
0.589474
0.568421
0.263158
0.284211
0.589474
0.221053
0.642105
0.200000
0.326316
0.231579
0.326316
0.263158
0.463158
0.210526
0.410526
0.389474
0.147368
0.400000
0.294737
0.200000
0.242105
0.221053
0.221053
0.463158
0.168421
0.431579
0.463158
0.715789
0.463158
0.305263
0.505263
0.357895
0.157895
0.210526
0.505263
0.421053
0.421053
0.231579
0.336842
0.389474
0.326316
0.410526
0.494737
0.315789
0.694737
0.694737
0.463158
0.200000
0.389474
0.105263
0.284211
0.368421
0.421053
0.305263
0.578947
0.273684
0.526316
0.473684
0.094737
0.505263
0.621053
0.252632
0.400000
0.368421
0.294737
0.263158
0.421053
0.357895
0.294737
0.242105
0.452632
0.463158
0.326316
0.389474
0.368421
0.526316
0.231579
0.326316
0.926316
0.589474
0.410526
0.505263
0.347368
0.273684
0.105263
0.526316
0.210526
0.726316
0.357895
0.589474
0.368421
0.768421
0.431579
0.357895
0.515789
0.389474
0.421053
0.157895
0.621053
0.252632
0.652632
0.389474
0.210526
0.421053
0.863158
0.284211
0.431579
0.073684
0.768421
0.715789
0.442105
0.873684
0.378947
0.336842
0.505263
0.242105
0.305263
0.284211
0.368421
0.431579
0.800000
0.368421
0.105263
0.115789
0.210526
0.252632
0.694737
0.073684
0.431579
0.357895
0.031579
0.442105
0.400000
0.336842
0.389474
0.273684
0.336842
0.347368
0.168421
0.326316
0.263158
0.189474
0.421053
0.442105
0.357895
0.536842
0.452632
0.610526
0.063158
0.684211
0.463158
0.231579
0.294737
0.168421
0.347368
0.526316
0.221053
0.252632
0.589474
0.357895
0.094737
0.231579
0.600000
0.357895
0.389474
0.294737
0.547368
0.684211
0.431579
0.336842
0.715789
0.242105
0.568421
0.284211
0.126316
0.715789
0.210526
0.589474
0.273684
0.663158
0.726316
0.336842
0.368421
0.821053
0.294737
0.505263
0.221053
0.463158
0.621053
0.368421
0.894737
0.305263
0.600000
0.631579
0.315789
0.347368
0.273684
0.326316
0.252632
0.631579
0.210526
0.378947
0.221053
0.368421
0.368421
0.757895
0.231579
0.357895
0.284211
0.284211
0.263158
0.378947
0.010526
0.547368
0.147368
0.484211
0.463158
0.242105
0.400000
0.168421
0.357895
0.347368
0.157895
0.410526
0.305263
0.315789
0.284211
0.168421
0.494737
0.336842
0.547368
0.284211
0.357895
0.263158
0.315789
0.442105
0.378947
0.442105
0.568421
0.231579
0.705263
0.747368
0.389474
0.368421
0.389474
0.252632
0.400000
0.126316
0.557895
0.315789
0.031579
0.347368
0.189474
0.400000
0.505263
0.200000
0.231579
0.231579
0.189474
0.378947
0.694737
0.326316
0.589474
0.221053
0.294737
0.526316
0.284211
0.231579
0.600000
0.305263
0.452632
0.663158
0.084211
0.736842
0.284211
0.263158
0.557895
0.431579
0.389474
0.252632
0.600000
0.242105
0.536842
0.210526
0.589474
0.294737
0.600000
0.389474
0.536842
0.452632
0.221053
0.252632
0.389474
0.789474
0.673684
0.273684
0.831579
0.442105
0.547368
0.400000
0.305263
0.347368
0.347368
0.442105
0.200000
0.600000
0.442105
0.336842
0.315789
0.305263
0.273684
0.126316
0.400000
0.442105
0.378947
0.326316
0.463158
0.263158
0.431579
0.526316
0.410526
0.484211
0.221053
0.252632
0.231579
0.347368
0.263158
0.400000
0.305263
0.242105
0.200000
0.231579
0.252632
0.294737
0.336842
0.231579
0.273684
0.305263
0.347368
0.242105
0.126316
0.284211
0.431579
0.600000
0.357895
0.221053
0.326316
0.547368
0.178947
0.368421
0.494737
0.400000
0.305263
0.873684
0.463158
0.315789
0.147368
0.315789
0.578947
0.484211
0.768421
0.368421
0.168421
0.568421
0.515789
0.189474
0.284211
0.515789
0.547368
0.442105
0.389474
0.221053
0.273684
0.452632
0.294737
0.452632
0.473684
0.305263
0.452632
0.168421
0.378947
0.757895
0.726316
0.157895
0.357895
0.315789
0.094737
0.410526
0.421053
0.747368
0.357895
0.442105
0.484211
0.578947
0.536842
0.526316
0.189474
0.400000
0.252632
0.800000
0.305263
0.284211
0.410526
0.347368
0.315789
0.315789
0.442105
0.547368
0.463158
0.357895
0.326316
0.242105
0.136842
0.357895
0.284211
0.400000
0.200000
0.631579
0.284211
0.484211
0.368421
0.168421
0.284211
0.200000
0.273684
0.263158
0.421053
0.105263
0.347368
0.210526
0.347368
0.484211
0.294737
0.242105
0.631579
0.252632
0.410526
0.284211
0.515789
0.305263
0.378947
0.263158
0.494737
0.231579
0.305263
0.600000
0.273684
0.221053
0.294737
0.410526
0.252632
0.442105
0.368421
0.178947
0.463158
0.431579
0.294737
0.389474
0.315789
0.115789
0.357895
0.357895
0.568421
0.536842
0.189474
0.357895
0.515789
0.936842
0.568421
0.621053
0.515789
0.136842
0.821053
0.400000
0.378947
0.210526
0.273684
0.294737
0.378947
0.421053
0.557895
0.652632
0.284211
0.400000
0.115789
0.347368
0.284211
0.242105
0.431579
0.231579
0.452632
0.442105
0.463158
0.389474
0.442105
0.357895
0.600000
0.273684
0.621053
0.494737
0.294737
0.242105
0.410526
0.410526
0.473684
0.210526
0.452632
0.094737
0.073684
0.357895
0.473684
0.347368
0.368421
0.494737
0.452632
0.157895
0.273684
0.442105
0.305263
0.526316
0.368421
0.421053
0.305263
0.557895
0.473684
0.115789
0.473684
0.326316
0.315789
0.400000
0.463158
0.147368
0.136842
0.147368
0.252632
0.400000
0.210526
0.484211
0.284211
0.284211
0.389474
0.136842
0.600000
0.789474
0.305263
0.347368
0.410526
0.315789
0.178947
0.326316
0.505263
0.210526
0.242105
0.347368
0.368421
0.336842
0.042105
0.242105
0.178947
0.400000
0.536842
0.147368
0.400000
0.631579
0.631579
0.400000
0.547368
0.378947
0.768421
0.473684
0.347368
0.136842
0.368421
0.263158
0.431579
0.368421
0.421053
0.178947
0.263158
0.126316
0.494737
0.273684
0.189474
0.336842
0.221053
0.410526
0.568421
0.273684
0.389474
0.147368
0.431579
0.463158
0.473684
0.463158
0.221053
0.389474
0.410526
0.715789
0.305263
0.252632
0.115789
0.168421
0.347368
0.621053
0.431579
0.378947
0.126316
0.431579
0.294737
0.147368
0.378947
0.621053
0.557895
0.326316
0.242105
0.347368
0.368421
0.031579
0.284211
0.357895
0.705263
0.252632
0.200000
0.400000
0.673684
0.578947
0.505263
0.336842
0.515789
0.378947
0.242105
0.326316
0.431579
0.357895
0.410526
0.242105
0.368421
0.263158
0.273684
0.400000
0.284211
0.578947
0.715789
0.136842
0.368421
0.589474
0.315789
0.136842
0.242105
0.326316
0.673684
0.368421
0.600000
0.336842
0.515789
0.421053
0.336842
0.189474
0.421053
0.389474
