0.556000
0.764000
0.648000
0.480000
0.644000
0.604000
0.588000
0.636000
0.596000
0.608000
0.460000
0.668000
0.480000
0.556000
0.580000
0.472000
0.452000
0.392000
0.388000
0.492000
0.424000
0.420000
0.528000
0.588000
0.428000
0.464000
0.524000
0.336000
0.540000
0.492000
0.524000
0.360000
0.368000
0.460000
0.352000
0.368000
0.464000
0.316000
0.480000
0.492000
0.364000
0.496000
0.380000
0.340000
0.400000
0.408000
0.320000
0.412000
0.484000
0.348000
0.356000
0.456000
0.472000
0.416000
0.444000
0.436000
0.348000
0.344000
0.252000
0.364000
0.420000
0.352000
0.388000
0.404000
0.412000
0.440000
0.464000
0.476000
0.464000
0.444000
0.360000
0.412000
0.408000
0.384000
0.456000
0.508000
0.484000
0.440000
0.404000
0.512000
0.504000
0.520000
0.448000
0.504000
0.612000
0.604000
0.620000
0.592000
0.548000
0.688000
0.620000
0.672000
0.720000
0.584000
0.512000
0.688000
0.492000
0.576000
0.548000
0.464000
0.744000
0.560000
0.480000
0.700000
0.592000
0.660000
0.444000
0.512000
0.536000
0.556000
0.440000
0.376000
0.532000
0.440000
0.524000
0.432000
0.432000
0.532000
0.404000
0.436000
0.376000
0.440000
0.532000
0.460000
0.340000
0.424000
0.464000
0.372000
0.372000
0.392000
0.488000
0.404000
0.440000
0.544000
0.384000
0.432000
0.380000
0.424000
0.476000
0.480000
0.416000
0.476000
0.464000
0.544000
0.480000
0.436000
0.464000
0.488000
0.532000
0.424000
0.324000
0.476000
0.400000
0.312000
0.356000
0.448000
0.344000
0.560000
0.368000
0.512000
0.464000
0.500000
0.460000
0.576000
0.448000
0.484000
0.420000
0.324000
0.444000
0.552000
0.456000
0.440000
0.680000
0.520000
0.564000
0.468000
0.588000
0.600000
0.580000
0.604000
0.624000
0.624000
0.660000
0.652000
0.760000
0.724000
0.732000
0.824000
0.692000
0.476000
0.700000
0.552000
0.612000
0.652000
0.516000
0.784000
0.588000
0.640000
0.564000
0.632000
0.580000
0.504000
0.528000
0.584000
0.460000
0.596000
0.632000
0.528000
0.484000
0.448000
0.448000
0.416000
0.496000
0.520000
0.496000
0.544000
0.380000
0.428000
0.472000
0.484000
0.416000
0.460000
0.444000
0.496000
0.476000
0.452000
0.448000
0.448000
0.388000
0.496000
0.456000
0.492000
0.388000
0.688000
0.496000
0.376000
0.348000
0.364000
0.396000
0.484000
0.420000
0.468000
0.476000
0.464000
0.504000
0.408000
0.536000
0.392000
0.324000
0.460000
0.536000
0.380000
0.312000
0.548000
0.460000
0.436000
0.444000
0.492000
0.456000
0.504000
0.452000
0.448000
0.504000
0.416000
0.544000
0.404000
0.560000
0.544000
0.616000
0.444000
0.472000
0.644000
0.416000
0.500000
0.640000
0.636000
0.652000
0.620000
0.668000
0.540000
0.800000
0.660000
0.848000
0.620000
0.672000
0.720000
0.604000
0.548000
0.692000
0.672000
0.660000
0.720000
0.672000
0.628000
0.608000
0.596000
0.648000
0.736000
0.576000
0.524000
0.592000
0.572000
0.472000
0.504000
0.412000
0.556000
0.420000
0.452000
0.420000
0.452000
0.500000
0.596000
0.584000
0.388000
0.352000
0.460000
0.432000
0.384000
0.520000
0.400000
0.384000
0.340000
0.460000
0.348000
0.412000
0.368000
0.452000
0.520000
0.380000
0.448000
0.544000
0.512000
0.440000
0.432000
0.552000
0.296000
0.440000
0.436000
0.448000
0.340000
0.444000
0.556000
0.344000
0.380000
0.464000
0.536000
0.424000
0.444000
0.372000
0.424000
0.552000
0.396000
0.448000
0.496000
0.432000
0.528000
0.516000
0.548000
0.516000
0.536000
0.408000
0.520000
0.420000
0.600000
0.640000
0.568000
0.592000
0.412000
0.588000
0.500000
0.548000
0.644000
0.608000
0.676000
1.000000
0.748000
0.888000
0.596000
0.652000
0.864000
0.832000
0.764000
0.696000
0.620000
0.608000
0.520000
0.536000
0.628000
0.592000
0.532000
0.564000
0.588000
0.400000
0.744000
0.472000
0.504000
0.444000
0.568000
0.652000
0.568000
0.424000
0.492000
0.420000
0.424000
0.452000
0.468000
0.392000
0.360000
0.288000
0.520000
0.408000
0.508000
0.512000
0.356000
0.376000
0.408000
0.536000
0.484000
0.468000
0.484000
0.508000
0.528000
0.484000
0.416000
0.456000
0.448000
0.512000
0.524000
0.516000
0.480000
0.512000
0.440000
0.356000
0.376000
0.420000
0.492000
0.408000
0.444000
0.312000
0.460000
0.464000
0.604000
0.408000
0.488000
0.304000
0.308000
0.568000
0.432000
0.560000
0.492000
0.416000
0.476000
0.412000
0.456000
0.480000
0.568000
0.644000
0.388000
0.616000
0.740000
0.480000
0.664000
0.564000
0.604000
0.628000
0.668000
0.488000
0.688000
0.632000
0.692000
0.796000
0.472000
0.660000
0.812000
0.676000
0.620000
0.728000
0.648000
0.548000
0.476000
0.488000
0.512000
0.656000
0.644000
0.560000
0.504000
0.516000
0.580000
0.432000
0.596000
0.540000
0.492000
0.500000
0.640000
0.484000
0.376000
0.536000
0.552000
0.448000
0.352000
0.380000
0.376000
0.472000
0.520000
0.448000
0.388000
0.424000
0.428000
0.412000
0.404000
0.464000
0.440000
0.508000
0.420000
0.400000
0.516000
0.368000
0.424000
0.432000
0.452000
0.384000
0.576000
0.444000
0.512000
0.360000
0.300000
0.368000
0.432000
0.512000
0.316000
0.504000
0.480000
0.484000
0.376000
0.488000
0.448000
0.496000
0.424000
0.484000
0.544000
0.488000
0.384000
0.476000
0.480000
0.500000
0.372000
0.436000
0.524000
0.556000
0.556000
0.516000
0.548000
0.600000
0.524000
0.540000
0.532000
0.656000
0.408000
0.620000
0.680000
0.576000
0.576000
0.680000
0.532000
0.652000
0.732000
0.492000
0.488000
0.588000
0.772000
0.480000
0.572000
0.652000
0.508000
0.508000
0.532000
0.416000
0.504000
0.524000
0.616000
0.452000
0.548000
0.520000
0.452000
0.560000
0.568000
0.460000
0.508000
0.460000
0.424000
0.504000
0.384000
0.576000
0.392000
0.412000
0.404000
0.380000
0.356000
0.428000
0.292000
0.432000
0.316000
0.420000
0.368000
0.452000
0.304000
0.424000
0.320000
0.392000
0.420000
0.456000
0.540000
0.424000
0.356000
0.440000
0.368000
0.348000
0.448000
0.540000
0.416000
0.348000
0.396000
0.416000
0.420000
0.280000
0.268000
0.484000
0.388000
0.436000
0.432000
0.468000
0.312000
0.404000
0.524000
0.412000
0.456000
0.504000
0.496000
0.472000
0.408000
0.384000
0.408000
0.464000
0.396000
0.528000
0.608000
0.596000
0.412000
0.640000
0.596000
0.492000
0.540000
0.596000
0.612000
0.544000
0.788000
0.444000
0.424000
0.484000
0.504000
0.564000
0.740000
0.656000
0.476000
0.624000
0.576000
0.572000
0.552000
0.620000
0.812000
0.532000
0.608000
0.552000
0.328000
0.512000
0.560000
0.468000
0.552000
0.480000
0.480000
0.368000
0.496000
0.440000
0.568000
0.468000
0.480000
0.280000
0.468000
0.432000
0.460000
0.356000
0.492000
0.408000
0.460000
0.320000
0.396000
0.348000
0.392000
0.520000
0.472000
0.424000
0.288000
0.448000
0.448000
0.504000
0.444000
0.468000
0.476000
0.424000
0.388000
0.380000
0.480000
0.352000
0.400000
0.504000
0.468000
0.536000
0.508000
0.360000
0.388000
0.524000
0.400000
0.404000
0.408000
0.420000
0.392000
0.500000
0.512000
0.332000
0.476000
0.536000
0.548000
0.388000
0.528000
0.412000
0.420000
0.552000
0.404000
0.512000
0.560000
0.524000
0.700000
0.564000
0.440000
0.516000
0.484000
0.416000
0.512000
0.700000
0.384000
0.452000
0.564000
0.468000
0.520000
0.620000
0.500000
0.412000
0.452000
0.496000
0.524000
0.512000
0.624000
0.552000
0.436000
0.564000
0.404000
0.472000
0.376000
0.376000
0.428000
0.492000
0.324000
0.472000
0.452000
0.492000
0.364000
0.416000
0.508000
0.460000
0.524000
0.416000
0.368000
0.496000
0.364000
0.352000
0.408000
0.424000
0.340000
0.340000
0.460000
0.468000
0.396000
0.404000
0.404000
0.392000
0.316000
0.432000
0.440000
0.392000
0.568000
0.392000
0.424000
0.272000
0.448000
0.372000
0.324000
0.388000
0.320000
0.404000
0.480000
0.452000
0.492000
0.444000
0.356000
0.380000
0.464000
0.448000
0.468000
0.468000
0.396000
0.560000
0.472000
0.448000
0.504000
0.496000
0.580000
0.468000
0.512000
0.500000
0.616000
0.520000
0.564000
0.580000
0.540000
0.420000
0.500000
0.536000
0.468000
0.516000
0.604000
0.532000
0.548000
0.528000
0.456000
0.424000
0.616000
0.516000
0.556000
0.444000
0.484000
0.592000
0.580000
0.520000
0.492000
0.560000
0.348000
0.472000
0.544000
0.544000
0.552000
0.360000
0.468000
0.440000
0.416000
0.440000
0.524000
0.380000
0.472000
0.416000
0.444000
0.488000
0.316000
0.368000
0.452000
0.436000
0.416000
0.428000
0.412000
0.296000
0.408000
0.428000
0.336000
0.464000
0.340000
0.344000
0.592000
0.556000
0.416000
0.468000
0.416000
0.460000
0.452000
0.368000
0.332000
0.408000
0.472000
0.412000
0.444000
0.364000
0.336000
0.384000
0.292000
0.500000
0.520000
0.320000
0.544000
0.392000
0.304000
0.336000
0.408000
0.436000
0.392000
0.460000
0.520000
0.452000
0.400000
0.464000
0.380000
0.484000
0.448000
0.516000
0.408000
0.464000
0.576000
0.476000
0.500000
0.424000
0.496000
0.564000
0.584000
0.580000
0.560000
0.432000
0.280000
0.432000
0.564000
0.428000
0.640000
0.356000
0.568000
0.568000
0.448000
0.512000
0.532000
0.476000
0.524000
0.508000
0.544000
0.440000
0.372000
0.572000
0.456000
0.448000
0.624000
0.336000
0.304000
0.632000
0.592000
0.392000
0.404000
0.452000
0.472000
0.524000
0.344000
0.404000
0.432000
0.448000
0.484000
0.464000
0.392000
0.508000
0.448000
0.372000
0.452000
0.448000
0.420000
0.556000
0.504000
0.444000
0.348000
0.376000
0.532000
0.428000
0.452000
0.328000
0.428000
0.324000
0.500000
0.424000
0.396000
0.408000
0.456000
0.348000
0.416000
0.320000
0.392000
0.308000
0.464000
0.308000
0.356000
0.420000
0.272000
0.448000
0.316000
0.448000
0.500000
0.428000
0.388000
0.416000
0.348000
0.496000
0.520000
0.540000
0.412000
0.436000
0.380000
0.468000
0.420000
0.528000
0.556000
0.516000
0.392000
0.488000
0.476000
0.400000
0.388000
0.508000
0.540000
0.436000
0.508000
0.456000
0.508000
0.448000
0.428000
0.368000
0.340000
0.580000
0.488000
0.556000
0.476000
0.524000
0.576000
0.624000
0.604000
0.384000
0.472000
0.636000
0.568000
0.500000
0.332000
0.468000
0.552000
0.396000
0.388000
0.440000
0.472000
0.448000
0.404000
0.440000
0.480000
0.464000
0.416000
0.380000
0.380000
0.464000
0.340000
0.416000
0.408000
0.440000
0.312000
0.324000
0.512000
0.400000
0.332000
0.352000
0.372000
0.284000
0.368000
0.492000
0.348000
0.388000
0.556000
0.460000
0.408000
0.220000
0.304000
0.404000
0.420000
0.468000
0.400000
0.444000
0.364000
0.504000
0.396000
0.300000
0.404000
0.504000
0.484000
0.404000
0.520000
0.380000
0.380000
0.480000
0.460000
0.416000
0.392000
0.460000
0.460000
0.368000
0.464000
0.436000
0.428000
0.444000
0.588000
0.444000
0.328000
0.368000
0.500000
0.420000
0.492000
0.396000
0.416000
0.532000
0.452000
0.468000
0.540000
0.328000
0.328000
0.436000
0.504000
0.536000
0.492000
0.652000
0.556000
0.496000
0.588000
0.452000
0.412000
0.496000
0.584000
0.552000
0.360000
0.492000
0.432000
0.416000
0.448000
0.400000
0.548000
0.508000
0.588000
0.408000
0.416000
0.424000
0.420000
0.384000
0.504000
0.464000
0.328000
0.496000
0.484000
0.404000
0.356000
0.380000
0.496000
0.496000
0.360000
0.608000
0.388000
0.420000
0.432000
0.436000
0.452000
0.504000
0.348000
0.420000
0.324000
0.440000
0.420000
0.396000
0.392000
0.400000
0.440000
0.392000
0.396000
0.424000
0.392000
0.408000
0.352000
0.412000
0.320000
0.384000
0.452000
0.428000
0.520000
0.380000
0.324000
0.476000
0.472000
0.428000
0.432000
0.544000
0.400000
0.356000
0.348000
0.496000
0.408000
0.452000
0.392000
0.292000
0.448000
0.348000
0.504000
0.488000
0.368000
0.536000
0.384000
0.368000
0.532000
0.476000
0.456000
0.496000
0.332000
0.456000
0.428000
0.552000
0.464000
0.508000
0.548000
0.500000
0.428000
0.492000
0.400000
0.540000
0.404000
0.352000
0.500000
0.412000
0.512000
0.392000
0.360000
0.368000
0.484000
0.440000
0.364000
0.416000
0.432000
0.532000
0.496000
0.452000
0.488000
0.436000
0.232000
0.452000
0.464000
0.476000
0.364000
0.340000
0.416000
0.360000
0.340000
0.308000
0.364000
0.420000
0.308000
0.492000
0.404000
0.468000
0.484000
0.348000
0.480000
0.416000
0.292000
0.484000
0.404000
0.352000
0.364000
0.356000
0.300000
0.440000
0.512000
0.472000
0.308000
0.528000
0.336000
0.376000
0.276000
0.408000
0.348000
0.516000
0.476000
0.416000
0.356000
0.408000
0.416000
0.324000
0.556000
0.436000
0.376000
0.392000
0.452000
0.444000
0.568000
0.468000
0.460000
0.372000
0.364000
0.440000
0.384000
0.460000
0.424000
0.416000
0.452000
0.344000
0.480000
