0.303030
0.166667
0.166667
0.257576
0.303030
0.227273
0.060606
0.318182
0.196970
0.075758
0.227273
0.363636
0.045455
0.196970
0.227273
0.121212
0.166667
0.015152
0.060606
0.136364
0.136364
0.378788
0.227273
0.181818
0.075758
0.196970
0.060606
0.015152
0.151515
0.090909
0.060606
0.151515
0.181818
0.212121
0.151515
0.303030
0.060606
0.196970
0.015152
0.090909
0.030303
0.212121
0.015152
0.136364
0.136364
0.181818
0.151515
0.015152
0.303030
0.075758
0.015152
0.015152
0.106061
0.242424
0.075758
0.090909
0.181818
0.045455
0.060606
0.030303
0.166667
0.151515
0.121212
0.121212
0.106061
0.015152
0.090909
0.090909
0.030303
0.015152
0.287879
0.106061
0.151515
0.181818
0.075758
0.075758
0.075758
0.090909
0.166667
0.196970
0.090909
0.242424
0.075758
0.272727
0.196970
0.151515
0.000000
0.333333
0.242424
0.136364
0.090909
0.212121
0.227273
0.136364
0.363636
0.303030
0.242424
0.166667
0.227273
0.212121
0.378788
0.136364
0.060606
0.227273
0.136364
0.378788
0.318182
0.151515
0.045455
0.212121
0.151515
0.121212
0.196970
0.196970
0.121212
0.106061
0.181818
0.242424
0.045455
0.212121
0.045455
0.121212
0.181818
0.030303
0.227273
0.090909
0.045455
0.136364
0.121212
0.181818
0.015152
0.045455
0.257576
0.060606
0.030303
0.045455
0.212121
0.015152
0.196970
0.121212
0.348485
0.136364
0.045455
0.015152
0.075758
0.272727
0.106061
0.075758
0.015152
0.196970
0.257576
0.151515
0.090909
0.045455
0.212121
0.015152
0.181818
0.136364
0.075758
0.106061
0.106061
0.166667
0.181818
0.181818
0.015152
0.136364
0.333333
0.075758
0.257576
0.257576
0.000000
0.287879
0.272727
0.242424
0.166667
0.045455
0.181818
0.272727
0.242424
0.136364
0.227273
0.227273
0.257576
0.166667
0.212121
0.409091
0.090909
0.303030
0.303030
0.196970
0.181818
0.212121
0.272727
0.242424
0.090909
0.363636
0.348485
0.242424
0.575758
0.272727
0.242424
0.303030
0.303030
0.015152
0.015152
0.075758
0.151515
0.287879
0.136364
0.060606
0.257576
0.000000
0.015152
0.151515
0.181818
0.303030
0.196970
0.015152
0.030303
0.090909
0.136364
0.166667
0.166667
0.287879
0.090909
0.000000
0.121212
0.060606
0.000000
0.272727
0.045455
0.121212
0.015152
0.030303
0.060606
0.136364
0.287879
0.030303
0.196970
0.015152
0.181818
0.045455
0.287879
0.166667
0.015152
0.045455
0.136364
0.318182
0.166667
0.045455
0.045455
0.151515
0.075758
0.090909
0.151515
0.272727
0.060606
0.151515
0.181818
0.075758
0.242424
0.075758
0.136364
0.075758
0.318182
0.136364
0.090909
0.136364
0.242424
0.045455
0.015152
0.333333
0.181818
0.424242
0.257576
0.212121
0.272727
0.318182
0.318182
0.272727
0.681818
0.484848
0.333333
0.151515
0.393939
0.469697
0.606061
0.500000
0.242424
0.378788
0.348485
0.363636
0.409091
0.075758
0.181818
0.242424
0.272727
0.015152
0.045455
0.015152
0.090909
0.015152
0.333333
0.045455
0.136364
0.212121
0.166667
0.121212
0.075758
0.227273
0.181818
0.060606
0.121212
0.090909
0.075758
0.151515
0.090909
0.136364
0.015152
0.181818
0.060606
0.257576
0.090909
0.045455
0.121212
0.181818
0.166667
0.090909
0.015152
0.015152
0.166667
0.181818
0.181818
0.015152
0.045455
0.030303
0.045455
0.045455
0.151515
0.090909
0.196970
0.166667
0.181818
0.106061
0.060606
0.136364
0.121212
0.121212
0.151515
0.045455
0.136364
0.090909
0.030303
0.121212
0.136364
0.015152
0.090909
0.287879
0.196970
0.060606
0.106061
0.090909
0.045455
0.015152
0.166667
0.227273
0.272727
0.060606
0.106061
0.378788
0.090909
0.333333
0.590909
0.454545
0.424242
0.439394
0.500000
0.484848
0.500000
0.106061
0.515152
0.287879
0.636364
0.242424
0.287879
0.348485
0.196970
0.181818
0.166667
0.196970
0.196970
0.257576
0.212121
0.151515
0.121212
0.015152
0.106061
0.075758
0.015152
0.181818
0.121212
0.212121
0.030303
0.136364
0.121212
0.136364
0.015152
0.045455
0.090909
0.075758
0.196970
0.030303
0.015152
0.090909
0.015152
0.015152
0.166667
0.030303
0.181818
0.227273
0.000000
0.090909
0.212121
0.060606
0.196970
0.166667
0.106061
0.090909
0.000000
0.136364
0.060606
0.151515
0.015152
0.181818
0.151515
0.030303
0.090909
0.136364
0.136364
0.000000
0.000000
0.075758
0.166667
0.030303
0.196970
0.060606
0.015152
0.075758
0.106061
0.106061
0.227273
0.181818
0.106061
0.075758
0.075758
0.090909
0.106061
0.303030
0.227273
0.196970
0.303030
0.151515
0.075758
0.181818
0.242424
0.075758
0.060606
0.227273
0.530303
0.393939
0.545455
0.378788
0.348485
0.772727
0.363636
0.075758
0.303030
0.530303
0.303030
0.166667
0.196970
0.272727
0.090909
0.136364
0.075758
0.106061
0.287879
0.212121
0.045455
0.303030
0.181818
0.196970
0.363636
0.015152
0.015152
0.151515
0.015152
0.212121
0.287879
0.257576
0.272727
0.136364
0.045455
0.151515
0.030303
0.287879
0.045455
0.136364
0.181818
0.075758
0.212121
0.181818
0.045455
0.015152
0.015152
0.227273
0.212121
0.106061
0.015152
0.136364
0.348485
0.196970
0.075758
0.151515
0.045455
0.030303
0.196970
0.015152
0.075758
0.015152
0.106061
0.000000
0.015152
0.181818
0.166667
0.075758
0.090909
0.151515
0.151515
0.060606
0.227273
0.106061
0.166667
0.090909
0.045455
0.045455
0.045455
0.181818
0.212121
0.272727
0.090909
0.166667
0.015152
0.060606
0.166667
0.212121
0.045455
0.045455
0.151515
0.196970
0.333333
0.090909
0.227273
0.166667
0.393939
0.393939
0.121212
0.272727
0.242424
0.242424
0.212121
0.121212
0.015152
0.272727
0.015152
0.106061
0.015152
0.136364
0.181818
0.136364
0.196970
0.121212
0.045455
0.242424
0.227273
0.151515
0.151515
0.075758
0.030303
0.287879
0.196970
0.045455
0.000000
0.136364
0.015152
0.030303
0.075758
0.181818
0.196970
0.181818
0.136364
0.196970
0.075758
0.121212
0.136364
0.030303
0.060606
0.090909
0.060606
0.000000
0.242424
0.075758
0.090909
0.166667
0.000000
0.151515
0.015152
0.121212
0.227273
0.212121
0.015152
0.015152
0.166667
0.060606
0.090909
0.015152
0.075758
0.090909
0.045455
0.090909
0.151515
0.090909
0.136364
0.121212
0.106061
0.045455
0.015152
0.075758
0.015152
0.060606
0.106061
0.136364
0.181818
0.166667
0.015152
0.075758
0.015152
0.015152
0.015152
0.272727
0.090909
0.075758
0.333333
0.257576
0.045455
0.060606
0.121212
0.303030
0.106061
0.257576
0.121212
0.515152
0.060606
0.090909
0.242424
0.227273
0.015152
0.166667
0.045455
0.015152
0.075758
0.318182
0.015152
0.090909
0.090909
0.136364
0.045455
0.227273
0.121212
0.121212
0.212121
0.287879
0.136364
0.075758
0.090909
0.242424
0.318182
0.015152
0.136364
0.242424
0.045455
0.257576
0.015152
0.106061
0.030303
0.136364
0.181818
0.121212
0.075758
0.151515
0.136364
0.242424
0.015152
0.030303
0.075758
0.030303
0.090909
0.151515
0.075758
0.090909
0.075758
0.151515
0.015152
0.318182
0.090909
0.166667
0.030303
0.060606
0.000000
0.075758
0.030303
0.227273
0.015152
0.030303
0.030303
0.151515
0.257576
0.075758
0.212121
0.060606
0.106061
0.075758
0.015152
0.015152
0.060606
0.181818
0.090909
0.106061
0.030303
0.090909
0.227273
0.166667
0.272727
0.181818
0.196970
0.121212
0.151515
0.121212
0.151515
0.075758
0.121212
0.439394
0.196970
0.409091
0.166667
0.378788
0.257576
0.030303
0.045455
0.272727
0.378788
0.212121
0.075758
0.151515
0.090909
0.030303
0.015152
0.166667
0.015152
0.030303
0.136364
0.151515
0.106061
0.196970
0.045455
0.242424
0.181818
0.106061
0.075758
0.030303
0.060606
0.060606
0.015152
0.075758
0.045455
0.090909
0.272727
0.106061
0.166667
0.060606
0.212121
0.030303
0.090909
0.030303
0.121212
0.075758
0.212121
0.151515
0.166667
0.212121
0.030303
0.060606
0.060606
0.030303
0.075758
0.015152
0.060606
0.060606
0.136364
0.136364
0.075758
0.151515
0.090909
0.121212
0.121212
0.045455
0.045455
0.242424
0.121212
0.106061
0.106061
0.090909
0.106061
0.090909
0.166667
0.212121
0.000000
0.015152
0.045455
0.075758
0.015152
0.257576
0.181818
0.181818
0.090909
0.318182
0.075758
0.257576
0.166667
0.363636
0.196970
0.090909
0.136364
0.136364
0.106061
0.166667
0.015152
0.227273
0.409091
0.090909
0.196970
0.212121
0.272727
0.287879
0.196970
0.303030
0.136364
0.348485
0.090909
0.075758
0.060606
0.196970
0.212121
0.196970
0.136364
0.090909
0.000000
0.181818
0.015152
0.015152
0.015152
0.075758
0.212121
0.106061
0.196970
0.030303
0.015152
0.015152
0.075758
0.015152
0.015152
0.015152
0.227273
0.075758
0.136364
0.151515
0.106061
0.196970
0.106061
0.272727
0.166667
0.136364
0.015152
0.151515
0.212121
0.196970
0.106061
0.045455
0.121212
0.196970
0.015152
0.015152
0.106061
0.090909
0.015152
0.257576
0.060606
0.030303
0.060606
0.045455
0.136364
0.015152
0.090909
0.181818
0.090909
0.181818
0.045455
0.015152
0.075758
0.166667
0.045455
0.075758
0.242424
0.015152
0.060606
0.212121
0.363636
0.212121
0.212121
0.212121
0.196970
0.257576
0.287879
0.196970
0.075758
0.181818
0.166667
0.121212
0.151515
0.121212
0.181818
0.151515
0.106061
0.166667
0.257576
0.075758
0.227273
0.212121
0.060606
0.075758
0.196970
0.106061
0.015152
0.136364
0.030303
0.257576
0.015152
0.106061
0.151515
0.045455
0.106061
0.181818
0.030303
0.287879
0.121212
0.090909
0.015152
0.121212
0.106061
0.015152
0.030303
0.015152
0.045455
0.121212
0.030303
0.121212
0.075758
0.030303
0.227273
0.136364
0.030303
0.060606
0.090909
0.015152
0.136364
0.030303
0.181818
0.030303
0.060606
0.212121
0.075758
0.121212
0.303030
0.181818
0.181818
0.136364
0.121212
0.196970
0.242424
0.121212
0.060606
0.106061
0.090909
0.060606
0.212121
0.015152
0.151515
0.196970
0.015152
0.015152
0.060606
0.015152
0.075758
0.166667
1.000000
0.227273
0.060606
0.106061
0.333333
0.166667
0.272727
0.136364
0.439394
0.196970
0.151515
0.196970
0.090909
0.030303
0.196970
0.303030
0.212121
0.015152
0.106061
0.136364
0.348485
0.136364
0.151515
0.121212
0.136364
0.166667
0.166667
0.303030
0.196970
0.181818
0.030303
0.166667
0.136364
0.060606
0.015152
0.181818
0.090909
0.090909
0.272727
0.136364
0.166667
0.136364
0.075758
0.196970
0.045455
0.090909
0.030303
0.030303
0.242424
0.030303
0.015152
0.166667
0.196970
0.090909
0.166667
0.242424
0.060606
0.060606
0.166667
0.060606
0.090909
0.136364
0.196970
0.151515
0.045455
0.015152
0.121212
0.106061
0.015152
0.212121
0.030303
0.106061
0.075758
0.212121
0.060606
0.075758
0.272727
0.060606
0.151515
0.136364
0.015152
0.060606
0.151515
0.106061
0.166667
0.030303
0.106061
0.212121
0.075758
0.181818
0.196970
0.060606
0.015152
0.030303
0.075758
0.181818
0.121212
0.151515
0.136364
0.212121
0.212121
0.090909
0.015152
0.196970
0.075758
0.212121
0.136364
0.121212
0.166667
0.090909
0.045455
0.121212
0.015152
0.090909
0.075758
0.151515
0.121212
0.090909
0.242424
0.136364
0.363636
0.090909
0.136364
0.242424
0.121212
0.030303
0.121212
0.075758
0.151515
0.242424
0.106061
0.075758
0.015152
0.212121
0.090909
0.318182
0.257576
0.075758
0.090909
0.136364
0.090909
0.136364
0.075758
0.090909
0.030303
0.151515
0.242424
0.015152
0.136364
0.030303
0.151515
0.060606
0.136364
0.045455
0.090909
0.121212
0.075758
0.060606
0.045455
0.181818
0.045455
0.090909
0.075758
0.106061
0.045455
0.060606
0.060606
0.060606
0.060606
0.136364
0.121212
0.060606
0.106061
0.030303
0.106061
0.121212
0.151515
0.045455
0.106061
0.075758
0.030303
0.121212
0.075758
0.136364
0.045455
0.136364
0.015152
0.090909
0.121212
0.015152
0.242424
0.166667
0.060606
0.181818
0.060606
0.181818
0.196970
0.303030
0.060606
0.318182
0.151515
0.045455
0.257576
0.075758
0.030303
0.196970
0.075758
0.136364
0.030303
0.227273
0.045455
0.227273
0.212121
0.015152
0.136364
0.151515
0.227273
0.151515
0.181818
0.090909
0.121212
0.257576
0.212121
0.212121
0.166667
0.121212
0.181818
0.166667
0.015152
0.121212
0.090909
0.212121
0.060606
0.045455
0.166667
0.151515
0.106061
0.136364
0.030303
0.060606
0.090909
0.212121
0.106061
0.106061
0.045455
0.151515
0.045455
0.166667
0.181818
0.121212
0.030303
0.090909
0.151515
0.106061
0.151515
0.015152
0.030303
0.075758
0.136364
0.060606
0.121212
0.090909
0.030303
0.181818
0.075758
0.106061
0.151515
0.121212
0.060606
0.166667
0.030303
0.106061
0.090909
0.106061
0.151515
0.030303
0.121212
0.045455
0.212121
0.166667
0.015152
0.030303
0.060606
0.015152
0.287879
0.181818
0.363636
0.030303
0.015152
0.136364
0.106061
0.166667
0.045455
0.106061
0.060606
0.000000
0.060606
0.090909
0.151515
0.106061
