0.571057
0.689775
0.719237
0.622184
0.545061
0.544194
0.609185
0.589255
0.517331
0.454939
0.545061
0.500867
0.447140
0.379549
0.307626
0.184575
0.077990
0.076256
0.051127
0.084055
0.072790
0.058059
0.057192
0.063258
0.154246
0.396014
0.590121
0.672444
0.530329
0.214905
0.039861
0.044194
0.051127
0.012132
0.025997
0.040728
0.139515
0.272097
0.305893
0.272097
0.264298
0.350087
0.235702
0.098787
0.057192
0.044194
0.042461
0.013865
0.036395
0.062392
0.056326
0.123917
0.218371
0.279029
0.198440
0.187175
0.227903
0.255633
0.218371
0.161179
0.085789
0.035529
0.043328
0.040728
0.036395
0.126516
0.361352
0.577990
0.659445
0.546794
0.264298
0.153380
0.057192
0.046794
0.057192
0.043328
0.039861
0.080589
0.053726
0.084922
0.128250
0.247834
0.350087
0.361352
0.419411
0.481802
0.525997
0.567591
0.577990
0.550260
0.575390
0.605719
0.638648
0.591854
0.422877
0.474003
0.606586
0.630849
0.505199
0.575390
0.584055
0.552860
0.484402
0.354419
0.318024
0.292894
0.265165
0.145581
0.103120
0.080589
0.110052
0.063258
0.062392
0.055459
0.095321
0.110919
0.131716
0.211438
0.311092
0.470537
0.689775
0.603986
0.349220
0.105719
0.045061
0.038128
0.042461
0.094454
0.228769
0.252166
0.233969
0.281629
0.246967
0.174177
0.174177
0.189775
0.276430
0.316291
0.146447
0.050260
0.045061
0.025997
0.050260
0.062392
0.194107
0.417678
0.364818
0.261698
0.215771
0.203640
0.197574
0.253899
0.181109
0.268631
0.226170
0.253899
0.136915
0.031196
0.051127
0.082322
0.287695
0.636915
0.616118
0.513865
0.390815
0.524263
0.585789
0.529463
0.454073
0.247834
0.149047
0.170711
0.256499
0.330156
0.212305
0.097920
0.178510
0.243501
0.231369
0.312825
0.422877
0.525130
0.652513
0.716638
0.638648
0.717504
0.807626
0.695841
0.590121
0.467071
0.583189
0.810225
0.742634
0.649913
0.675910
0.608319
0.472270
0.396880
0.334489
0.213172
0.109185
0.088388
0.195841
0.411612
0.648180
0.539861
0.414211
0.478336
0.547660
0.779896
0.890815
0.686308
0.504333
0.457539
0.422877
0.619584
0.486135
0.223570
0.044194
0.045061
0.116984
0.298960
0.379549
0.315425
0.392548
0.246967
0.137782
0.184575
0.318891
0.377816
0.484402
0.411612
0.194107
0.097054
0.033795
0.035529
0.026863
0.006932
0.046794
0.038128
0.034662
0.081456
0.155979
0.335355
0.324090
0.273830
0.207106
0.196707
0.364818
0.485269
0.487868
0.383882
0.370017
0.201040
0.107452
0.061525
0.169844
0.466205
0.657712
0.751300
0.891681
0.621317
0.500000
0.762565
0.730503
0.717504
0.813692
0.597920
0.437608
0.285962
0.242634
0.221837
0.175910
0.071057
0.090121
0.259099
0.360485
0.433276
0.553726
0.605719
0.613518
0.765165
0.755633
0.667244
0.719237
0.855286
0.742634
0.719237
0.609185
0.500000
0.367418
0.183709
0.090988
0.058059
0.153380
0.422010
0.428076
0.253033
0.160312
0.242634
0.352686
0.575390
0.492201
0.542461
0.538128
0.295494
0.433276
0.580589
0.511265
0.532929
0.292028
0.105719
0.081456
0.168111
0.246101
0.312825
0.347487
0.345754
0.250433
0.167244
0.153380
0.139515
0.129983
0.167244
0.130849
0.133449
0.068458
0.069324
0.052860
0.046794
0.038995
0.046794
0.039861
0.059792
0.083189
0.165511
0.239168
0.227903
0.159445
0.110052
0.147314
0.159445
0.115251
0.128250
0.264298
0.344887
0.483536
0.427210
0.287695
0.195841
0.100520
0.090988
0.186308
0.272097
0.200173
0.249567
0.316291
0.370017
0.393414
0.448873
0.304159
0.201040
0.196707
0.415078
0.600520
0.556326
0.351820
0.162912
0.054593
0.050260
0.075390
0.220104
0.409879
0.614385
0.767764
0.733969
0.774697
0.909879
0.629983
0.634315
0.621317
0.517331
0.525130
0.422010
0.172444
0.079723
0.069324
0.052860
0.061525
0.157712
0.214905
0.432409
0.592721
0.605719
0.418544
0.198440
0.185442
0.336222
0.446274
0.428076
0.523397
0.326690
0.273830
0.190641
0.110919
0.118718
0.206239
0.373484
0.453206
0.623050
0.596187
0.536395
0.379549
0.203640
0.124783
0.158579
0.163778
0.166378
0.150780
0.261698
0.303293
0.251300
0.155113
0.067591
0.040728
0.021664
0.040728
0.044194
0.096187
0.203640
0.279896
0.186308
0.057192
0.122184
0.181976
0.174177
0.161179
0.207106
0.362218
0.434142
0.426343
0.612652
0.660312
0.478336
0.311958
0.188908
0.124783
0.152513
0.174177
0.540728
0.436742
0.331889
0.238302
0.220971
0.233969
0.319757
0.397747
0.367418
0.335355
0.322357
0.293761
0.171577
0.112652
0.097920
0.057192
0.045061
0.058059
0.129116
0.270364
0.353553
0.461872
0.433276
0.397747
0.376950
0.213172
0.169844
0.080589
0.066724
0.083189
0.098787
0.201906
0.305026
0.497400
0.781629
0.655113
0.321490
0.217504
0.324090
0.311092
0.182842
0.176776
0.227036
0.210572
0.218371
0.325823
0.206239
0.239168
0.197574
0.250433
0.263432
0.294627
0.442808
0.461872
0.422877
0.362218
0.279029
0.175910
0.120451
0.090988
0.083189
0.039861
0.044194
0.051993
0.105719
0.077990
0.031196
0.038128
0.018198
0.031196
0.047660
0.029463
0.034662
0.043328
0.023397
0.035529
0.054593
0.033795
0.044194
0.084055
0.137782
0.229636
0.348354
0.500867
0.470537
0.376083
0.363951
0.463605
0.491334
0.460139
0.351820
0.290295
0.291161
0.201040
0.103120
0.077990
0.065858
0.101386
0.311958
0.403813
0.356153
0.635182
0.797227
0.814558
0.550260
0.442808
0.424610
0.292028
0.117851
0.071924
0.103120
0.113518
0.132582
0.196707
0.163778
0.142981
0.122184
0.080589
0.091854
0.094454
0.056326
0.172444
0.370884
0.519931
0.507799
0.545927
0.587522
0.946274
0.953206
0.405546
0.406412
0.272097
0.072790
0.040728
0.038128
0.088388
0.235702
0.349220
0.344021
0.468804
0.439341
0.382149
0.277296
0.254766
0.263432
0.295494
0.252166
0.294627
0.164645
0.075390
0.041594
0.027730
0.029463
0.034662
0.021664
0.039861
0.049393
0.024263
0.036395
0.054593
0.043328
0.027730
0.036395
0.038128
0.043328
0.079723
0.025997
0.035529
0.024263
0.026863
0.019931
0.032062
0.051993
0.067591
0.214038
0.319757
0.217504
0.284229
0.379549
0.428943
0.397747
0.358752
0.357019
0.439341
0.345754
0.264298
0.167244
0.070191
0.029463
0.035529
0.066724
0.357886
0.679376
0.436742
0.962738
0.935875
0.603986
0.577123
0.705373
0.611785
0.382149
0.127383
0.050260
0.065858
0.074523
0.069324
0.135182
0.089255
0.056326
0.061525
0.064125
0.071057
0.055459
0.048527
0.071057
0.112652
0.363951
0.552860
0.668977
0.523397
0.474870
0.613518
0.422010
0.461872
0.833622
0.617851
0.159445
0.021664
0.028596
0.087522
0.181976
0.235702
0.299827
0.292894
0.257366
0.325823
0.329289
0.341421
0.427210
0.375217
0.250433
0.272097
0.195841
0.099653
0.045061
0.038995
0.032929
0.031196
0.021664
0.055459
0.091854
0.087522
0.063258
0.037262
0.036395
0.025130
0.059792
0.093588
0.103986
0.113518
0.070191
0.042461
0.037262
0.031196
0.044194
0.074523
0.148180
0.340555
0.327556
0.376083
0.337088
0.279029
0.149047
0.128250
0.106586
0.158579
0.265165
0.236568
0.147314
0.116984
0.073657
0.035529
0.038995
0.115251
0.390815
0.381282
0.333622
0.408146
0.461872
0.404679
0.354419
0.370017
0.324090
0.207972
0.094454
0.048527
0.052860
0.039861
0.054593
0.050260
0.054593
0.043328
0.051993
0.045927
0.049393
0.047660
0.058925
0.055459
0.057192
0.109185
0.136049
0.168111
0.339688
0.525997
0.353553
0.230503
0.233969
0.279896
0.269497
0.133449
0.082322
0.060659
0.085789
0.251300
0.460139
0.517331
0.370017
0.136049
0.041594
0.084055
0.185442
0.344887
0.368284
0.400347
0.408146
0.260832
0.120451
0.040728
0.051127
0.055459
0.051993
0.086655
0.121317
0.128250
0.069324
0.048527
0.023397
0.022530
0.029463
0.031196
0.037262
0.051127
0.100520
0.095321
0.092721
0.075390
0.122184
0.124783
0.123917
0.222704
0.383882
0.341421
0.337088
0.277296
0.220104
0.109185
0.053726
0.126516
0.332756
0.610052
0.655979
0.597920
0.340555
0.114385
0.072790
0.141248
0.510399
0.726170
0.694974
0.517331
0.311092
0.331023
0.285095
0.140381
0.047660
0.053726
0.049393
0.020797
0.036395
0.035529
0.025130
0.038128
0.032929
0.064991
0.045061
0.026863
0.047660
0.024263
0.026863
0.025997
0.042461
0.045061
0.000000
0.028596
0.042461
0.053726
0.057192
0.056326
0.206239
0.459272
0.697574
0.785095
0.857886
0.865685
0.616118
0.303293
0.218371
0.322357
0.513865
0.682842
0.819757
0.790295
0.550260
0.221837
0.038995
0.092721
0.119584
0.141248
0.248700
0.386482
0.381282
0.293761
0.233969
0.188908
0.166378
0.110919
0.128250
0.076256
0.059792
0.038995
0.019064
0.023397
0.022530
0.027730
0.031196
0.020797
0.045061
0.089255
0.165511
0.152513
0.130849
0.159445
0.207972
0.308492
0.327556
0.282496
0.150780
0.112652
0.082322
0.061525
0.091854
0.342288
0.559792
0.573657
0.611785
0.483536
0.451473
0.299827
0.441075
0.869151
0.992201
0.917678
0.778163
0.606586
0.339688
0.155113
0.063258
0.051127
0.051127
0.062392
0.030329
0.025997
0.025997
0.044194
0.038128
0.031196
0.064991
0.023397
0.024263
0.050260
0.034662
0.018198
0.041594
0.021664
0.038995
0.037262
0.012998
0.037262
0.042461
0.053726
0.032929
0.022530
0.036395
0.048527
0.058059
0.120451
0.384749
0.659445
1.000000
0.875217
0.675043
0.429809
0.435009
0.435009
0.450607
0.283362
0.334489
0.390815
0.185442
0.055459
0.058925
0.077990
0.141248
0.211438
0.252166
0.215771
0.209705
0.226170
0.154246
0.162045
0.145581
0.091854
0.042461
0.032929
0.022530
0.038128
0.029463
0.018198
0.013865
0.040728
0.034662
0.071057
0.085789
0.103120
0.110052
0.209705
0.184575
0.143847
0.167244
0.179376
0.115251
0.077123
0.051127
0.077990
0.240035
0.287695
0.221837
0.291161
0.460139
0.590121
0.688908
0.460139
0.686308
0.599653
0.610052
0.285095
0.084922
0.053726
0.028596
0.038995
0.037262
0.032929
0.041594
0.037262
0.044194
0.012132
0.025130
0.038128
0.025130
0.025130
0.045061
0.041594
0.012132
0.029463
0.038128
0.010399
0.049393
0.025997
0.051127
0.019064
0.029463
0.032062
0.047660
0.019064
0.045061
0.039861
0.046794
0.033795
0.047660
0.048527
0.046794
0.064125
0.148180
0.223570
0.364818
0.259965
0.318024
0.420277
0.334489
0.214038
0.220104
0.272964
0.270364
0.175043
0.076256
0.050260
0.045061
0.127383
0.116118
0.137782
0.137782
0.133449
0.105719
0.037262
0.032062
0.030329
0.020797
0.012998
0.039861
0.020797
0.031196
0.032929
0.011265
0.022530
0.028596
0.037262
0.010399
0.046794
0.050260
0.057192
0.061525
0.064125
0.080589
0.042461
0.038995
0.025997
0.067591
0.238302
0.229636
0.237435
0.139515
0.079723
0.085789
0.054593
0.066724
0.066724
0.083189
0.042461
0.046794
0.024263
0.026863
0.008666
0.011265
0.028596
0.051127
0.049393
0.025997
0.042461
0.029463
0.038128
0.050260
0.038995
0.037262
0.024263
0.015598
0.028596
0.026863
0.022530
0.019931
0.046794
0.040728
0.032062
0.019064
0.018198
0.029463
0.033795
0.030329
0.033795
0.032062
0.023397
0.024263
0.035529
0.037262
0.015598
0.022530
0.028596
0.023397
0.032929
0.038128
0.035529
0.046794
0.013865
0.030329
0.037262
0.046794
0.046794
0.068458
0.071057
0.072790
0.029463
0.024263
0.045061
0.026863
0.038128
0.045927
0.036395
0.039861
0.050260
0.027730
0.038995
0.012132
0.020797
0.047660
0.033795
0.023397
0.013865
0.018198
0.029463
0.029463
0.021664
0.005199
0.033795
0.040728
0.046794
0.034662
0.028596
0.029463
0.035529
0.028596
0.028596
0.028596
0.033795
0.050260
0.031196
0.053726
0.033795
0.026863
0.034662
0.019064
0.035529
0.023397
0.021664
0.049393
0.021664
0.038995
0.039861
0.033795
0.035529
0.022530
0.021664
0.028596
0.018198
0.017331
0.019064
0.043328
0.045927
0.055459
0.020797
0.032062
0.042461
0.024263
0.051993
0.036395
0.014731
0.051127
0.022530
0.039861
0.028596
0.017331
0.019931
0.030329
0.025997
0.013865
0.024263
0.024263
0.047660
0.030329
0.036395
0.024263
0.026863
0.038995
0.020797
0.029463
0.008666
0.038128
0.035529
0.010399
0.018198
0.019064
0.036395
0.045061
0.051993
0.025130
0.039861
0.026863
0.038995
0.024263
0.026863
0.020797
0.027730
0.020797
0.020797
0.032062
0.028596
0.012998
0.011265
0.023397
0.032929
0.020797
0.022530
0.034662
0.020797
0.025997
0.025130
0.014731
0.027730
0.025997
0.020797
0.021664
0.026863
0.016464
0.024263
0.022530
0.023397
0.021664
0.019931
0.026863
0.030329
0.031196
0.015598
0.035529
0.026863
0.022530
0.025130
0.027730
0.030329
0.042461
0.034662
0.036395
0.024263
0.019064
0.030329
0.018198
0.042461
0.030329
0.032062
0.003466
0.020797
0.025130
0.010399
0.004333
0.032929
0.022530
0.025130
0.031196
