0.582090
0.358209
0.477612
0.358209
0.298507
0.686567
0.686567
0.194030
0.283582
0.686567
0.582090
0.268657
0.671642
0.343284
0.373134
0.134328
0.462687
0.417910
0.373134
0.701493
0.328358
0.417910
0.208955
0.179104
0.164179
0.373134
0.492537
0.432836
0.462687
0.358209
0.492537
0.298507
0.432836
0.522388
0.194030
0.552239
0.298507
0.447761
0.671642
0.313433
0.402985
0.313433
0.388060
0.477612
0.462687
0.358209
0.313433
0.194030
0.343284
0.492537
0.313433
0.388060
0.626866
0.343284
0.313433
0.373134
0.268657
0.432836
0.462687
0.402985
0.194030
0.343284
0.134328
0.462687
0.402985
0.447761
0.343284
0.567164
0.447761
0.567164
0.432836
0.373134
0.447761
0.611940
0.149254
0.388060
0.507463
0.492537
0.179104
0.119403
0.343284
0.194030
0.522388
0.611940
0.328358
0.641791
0.238806
0.268657
0.119403
0.179104
0.582090
0.537313
0.462687
0.432836
0.432836
0.313433
0.507463
0.328358
0.298507
0.776119
0.119403
0.388060
0.298507
0.432836
0.432836
0.164179
0.343284
0.641791
0.358209
0.313433
0.253731
0.641791
0.447761
0.074627
0.567164
0.328358
0.507463
0.537313
0.283582
0.313433
0.656716
0.626866
0.149254
0.343284
0.059701
0.328358
0.313433
0.388060
0.402985
0.328358
0.328358
0.328358
0.343284
0.567164
0.373134
0.417910
0.283582
0.432836
0.298507
0.298507
0.208955
0.388060
0.417910
0.402985
0.268657
0.537313
0.298507
0.268657
0.164179
0.492537
0.402985
0.417910
0.552239
0.104478
0.716418
0.447761
0.432836
0.417910
0.537313
0.238806
0.402985
0.492537
0.492537
0.567164
0.597015
0.179104
0.552239
0.686567
0.432836
0.477612
0.552239
0.328358
0.313433
0.432836
0.194030
0.552239
0.597015
0.298507
0.611940
0.611940
0.358209
0.044776
0.343284
0.567164
0.552239
0.611940
0.492537
0.373134
0.656716
0.462687
0.373134
0.582090
0.716418
0.268657
0.402985
0.447761
0.373134
0.402985
0.402985
0.179104
0.507463
0.656716
0.343284
0.283582
0.432836
0.462687
0.328358
0.582090
0.656716
0.373134
0.358209
0.492537
0.343284
0.447761
0.492537
0.208955
0.417910
0.373134
0.328358
0.582090
0.567164
0.522388
0.328358
0.507463
0.477612
0.343284
0.328358
0.477612
0.552239
0.149254
0.223881
0.552239
0.298507
0.731343
0.417910
0.417910
0.373134
0.417910
0.492537
0.268657
0.432836
0.447761
0.373134
0.447761
0.507463
0.208955
0.552239
0.119403
0.477612
0.582090
0.388060
0.402985
0.328358
0.522388
0.417910
0.402985
0.268657
0.582090
0.522388
0.373134
0.268657
0.701493
0.432836
0.462687
0.432836
0.582090
0.313433
0.611940
0.686567
0.761194
0.850746
0.238806
0.402985
0.402985
0.253731
0.343284
0.179104
0.716418
0.119403
0.537313
0.238806
0.507463
0.686567
0.522388
0.417910
0.611940
0.432836
0.373134
0.761194
0.597015
0.253731
0.328358
0.268657
0.298507
0.358209
0.626866
0.268657
0.328358
0.716418
0.417910
0.537313
0.208955
0.582090
0.462687
0.567164
0.626866
0.358209
0.522388
0.477612
0.522388
0.194030
0.283582
0.567164
0.358209
0.208955
0.373134
0.552239
0.477612
0.432836
0.447761
0.432836
0.373134
0.328358
0.402985
0.402985
0.313433
0.432836
0.343284
0.447761
0.417910
0.313433
0.343284
0.567164
0.313433
0.641791
0.477612
0.268657
0.447761
0.582090
0.328358
0.492537
0.373134
0.313433
0.462687
0.283582
0.522388
0.388060
0.626866
0.313433
0.432836
0.402985
0.582090
0.447761
0.582090
0.283582
0.447761
0.567164
0.194030
0.611940
0.492537
0.492537
0.731343
0.552239
0.776119
0.507463
0.716418
0.343284
0.373134
0.044776
0.447761
0.343284
0.343284
0.671642
0.432836
0.373134
0.522388
0.716418
0.522388
0.507463
0.731343
0.388060
0.552239
0.313433
0.582090
0.238806
0.522388
0.507463
0.507463
0.238806
0.447761
0.432836
0.194030
0.417910
1.000000
0.492537
0.746269
0.373134
0.477612
0.313433
0.477612
0.388060
0.373134
0.179104
0.432836
0.597015
0.582090
0.432836
0.447761
0.313433
0.597015
0.492537
0.447761
0.313433
0.343284
0.358209
0.313433
0.268657
0.179104
0.492537
0.462687
0.402985
0.447761
0.373134
0.238806
0.253731
0.432836
0.238806
0.134328
0.268657
0.328358
0.477612
0.402985
0.477612
0.343284
0.388060
0.447761
0.626866
0.447761
0.447761
0.388060
0.373134
0.567164
0.492537
0.492537
0.597015
0.447761
0.641791
0.283582
0.776119
0.417910
0.507463
0.417910
0.179104
0.208955
0.522388
0.477612
0.298507
0.611940
0.641791
0.298507
0.358209
0.432836
0.298507
0.358209
0.447761
0.552239
0.328358
0.597015
0.343284
0.104478
0.208955
0.373134
0.477612
0.537313
0.671642
0.597015
0.373134
0.298507
0.283582
0.223881
0.507463
0.388060
0.388060
0.298507
0.402985
0.343284
0.283582
0.597015
0.820896
0.447761
0.253731
0.492537
0.507463
0.402985
0.253731
0.417910
0.462687
0.567164
0.417910
0.402985
0.522388
0.492537
0.447761
0.582090
0.432836
0.388060
0.477612
0.373134
0.119403
0.328358
0.402985
0.149254
0.268657
0.253731
0.507463
0.552239
0.238806
0.283582
0.298507
0.432836
0.432836
0.313433
0.268657
0.328358
0.283582
0.686567
0.208955
0.149254
0.492537
0.567164
0.328358
0.746269
0.268657
0.298507
0.238806
0.402985
0.761194
0.537313
0.462687
0.462687
0.208955
0.313433
0.313433
0.402985
0.388060
0.208955
0.522388
0.194030
0.567164
0.507463
0.358209
0.597015
0.731343
0.179104
0.402985
0.223881
0.582090
0.626866
0.388060
0.447761
0.955224
0.298507
0.194030
0.417910
0.716418
0.507463
0.358209
0.507463
0.582090
0.238806
0.343284
0.089552
0.522388
0.537313
0.507463
0.537313
0.597015
0.835821
0.104478
0.776119
0.761194
0.358209
0.208955
0.343284
0.552239
0.582090
0.462687
0.388060
0.701493
0.417910
0.253731
0.671642
0.567164
0.388060
0.388060
0.552239
0.194030
0.253731
0.373134
0.537313
0.417910
0.358209
0.373134
0.626866
0.328358
0.402985
0.119403
0.313433
0.358209
0.164179
0.328358
0.492537
0.268657
0.268657
0.417910
0.582090
0.208955
0.447761
0.402985
0.164179
0.343284
0.238806
0.328358
0.477612
0.611940
0.208955
0.537313
0.208955
0.343284
0.298507
0.567164
0.432836
0.522388
0.194030
0.597015
0.402985
0.432836
0.388060
0.238806
0.402985
0.373134
0.268657
0.477612
0.626866
0.492537
0.447761
0.656716
0.731343
0.388060
0.373134
0.552239
0.492537
0.402985
0.462687
0.761194
0.238806
0.179104
0.611940
0.298507
0.194030
0.388060
0.582090
0.313433
0.462687
0.373134
0.462687
0.402985
0.358209
0.626866
0.716418
0.641791
0.582090
0.671642
0.447761
0.477612
0.313433
0.417910
0.402985
0.402985
0.597015
0.358209
0.492537
0.358209
0.238806
0.343284
0.402985
0.373134
0.417910
0.343284
0.537313
0.313433
0.373134
0.388060
0.328358
0.388060
0.164179
0.298507
0.656716
0.313433
0.208955
0.268657
0.253731
0.522388
0.373134
0.313433
0.253731
0.104478
0.388060
0.388060
0.194030
0.447761
0.373134
0.358209
0.477612
0.328358
0.298507
0.268657
0.208955
0.313433
0.432836
0.626866
0.522388
0.343284
0.582090
0.388060
0.402985
0.567164
0.402985
0.373134
0.373134
0.417910
0.358209
0.402985
0.417910
0.522388
0.134328
0.343284
0.567164
0.462687
0.194030
0.462687
0.268657
0.447761
0.582090
0.238806
0.194030
0.388060
0.388060
0.447761
0.164179
0.462687
0.313433
0.641791
0.238806
0.358209
0.149254
0.164179
0.388060
0.343284
0.373134
0.208955
0.044776
0.597015
0.343284
0.746269
0.522388
0.343284
0.641791
0.268657
0.358209
0.417910
0.343284
0.358209
0.223881
0.402985
0.447761
0.417910
0.432836
0.477612
0.343284
0.283582
0.597015
0.507463
0.462687
0.567164
0.253731
0.194030
0.417910
0.283582
0.268657
0.417910
0.298507
0.313433
0.402985
0.283582
0.432836
0.477612
0.567164
0.402985
0.492537
0.567164
0.402985
0.432836
0.268657
0.164179
0.208955
0.402985
0.358209
0.298507
0.477612
0.716418
0.253731
0.492537
0.552239
0.373134
0.298507
0.447761
0.507463
0.134328
0.298507
0.253731
0.358209
0.402985
0.164179
0.343284
0.417910
0.328358
0.253731
0.537313
0.537313
0.611940
0.432836
0.641791
0.313433
0.462687
0.343284
0.149254
0.149254
0.582090
0.507463
0.223881
0.268657
0.492537
0.582090
0.492537
0.417910
0.268657
0.388060
0.298507
0.373134
0.328358
0.298507
0.268657
0.388060
0.791045
0.223881
0.402985
0.373134
0.388060
0.208955
0.477612
0.328358
0.134328
0.492537
0.477612
0.417910
0.507463
0.582090
0.402985
0.477612
0.388060
0.537313
0.149254
0.253731
0.462687
0.373134
0.477612
0.373134
0.298507
0.298507
0.402985
0.164179
0.328358
0.507463
0.402985
0.462687
0.432836
0.402985
0.626866
0.402985
0.402985
0.283582
0.223881
0.537313
0.507463
0.537313
0.373134
0.447761
0.104478
0.223881
0.179104
0.238806
0.552239
0.388060
0.477612
0.417910
0.417910
0.223881
0.462687
0.283582
0.358209
0.432836
0.537313
0.358209
0.328358
0.507463
0.522388
0.373134
0.537313
0.582090
0.522388
0.328358
0.432836
0.208955
0.492537
0.582090
0.402985
0.417910
0.044776
0.373134
0.208955
0.089552
0.104478
0.149254
0.402985
0.597015
0.492537
0.358209
0.626866
0.417910
0.253731
0.074627
0.313433
0.611940
0.268657
0.104478
0.402985
0.477612
0.373134
0.343284
0.208955
0.462687
0.283582
0.388060
0.283582
0.402985
0.432836
0.462687
0.552239
0.417910
0.313433
0.477612
0.179104
0.522388
0.373134
0.701493
0.328358
0.462687
0.402985
0.358209
0.537313
0.477612
0.402985
0.507463
0.477612
0.149254
0.328358
0.164179
0.432836
0.358209
0.194030
0.402985
0.373134
0.283582
0.388060
0.089552
0.223881
0.358209
0.313433
0.164179
0.373134
0.328358
0.417910
0.313433
0.447761
0.298507
0.597015
0.641791
0.223881
0.253731
0.149254
0.313433
0.298507
0.283582
0.477612
0.074627
0.313433
0.313433
0.417910
0.313433
0.253731
0.641791
0.179104
0.388060
0.492537
0.432836
0.552239
0.223881
0.283582
0.417910
0.194030
0.492537
0.268657
0.388060
0.402985
0.283582
0.432836
0.194030
0.477612
0.791045
0.402985
0.626866
0.567164
0.253731
0.358209
0.552239
0.567164
0.298507
0.552239
0.552239
0.283582
0.597015
0.298507
0.597015
0.388060
0.462687
0.298507
0.417910
0.298507
0.343284
0.149254
0.462687
0.477612
0.358209
0.447761
0.447761
0.268657
0.283582
0.388060
0.417910
0.268657
0.119403
0.238806
0.313433
0.373134
0.253731
0.626866
0.328358
0.432836
0.402985
0.358209
0.507463
0.402985
0.597015
0.119403
0.283582
0.388060
0.223881
0.507463
0.164179
0.283582
0.253731
0.402985
0.253731
0.447761
0.194030
0.149254
0.238806
0.417910
0.432836
0.194030
0.552239
0.253731
0.283582
0.537313
0.283582
0.567164
0.492537
0.447761
0.611940
0.477612
0.343284
0.507463
0.134328
0.537313
0.149254
0.194030
0.194030
0.552239
0.597015
0.417910
0.104478
0.477612
0.283582
0.343284
0.134328
0.313433
0.253731
0.492537
0.402985
0.373134
0.388060
0.388060
0.402985
0.358209
0.462687
0.462687
0.462687
0.388060
0.373134
0.343284
0.253731
0.134328
0.343284
0.298507
0.164179
0.447761
0.597015
0.447761
0.671642
0.238806
0.432836
0.343284
0.373134
0.328358
0.283582
0.328358
0.313433
0.313433
0.552239
0.134328
0.447761
0.492537
0.507463
0.582090
0.462687
0.432836
0.343284
0.373134
0.298507
0.238806
0.328358
0.552239
0.328358
0.462687
0.283582
0.537313
0.343284
0.462687
0.298507
0.537313
0.477612
0.313433
0.507463
0.537313
0.477612
0.283582
0.432836
0.477612
0.432836
0.313433
0.238806
0.283582
0.716418
0.253731
0.313433
0.507463
0.313433
0.179104
0.417910
0.462687
0.507463
0.268657
0.208955
0.253731
0.402985
0.388060
0.388060
0.373134
0.373134
0.343284
0.268657
0.328358
0.343284
0.194030
0.432836
0.417910
0.298507
0.283582
0.328358
0.402985
0.208955
0.402985
0.462687
0.029851
0.402985
0.328358
0.432836
0.283582
0.164179
0.223881
0.432836
0.537313
0.328358
0.417910
0.313433
0.134328
0.179104
0.417910
0.626866
0.731343
0.238806
0.253731
0.328358
0.253731
0.402985
0.194030
0.313433
0.298507
0.104478
0.447761
0.358209
0.253731
0.537313
0.358209
0.298507
0.432836
0.432836
0.477612
0.268657
0.432836
0.522388
0.268657
0.388060
0.373134
0.313433
0.283582
0.268657
0.313433
0.208955
0.223881
0.283582
0.432836
0.432836
0.194030
0.313433
0.134328
0.402985
0.208955
0.388060
0.268657
0.462687
0.104478
0.432836
0.447761
0.298507
0.343284
0.537313
0.358209
0.223881
0.164179
0.238806
0.432836
0.432836
0.268657
0.119403
0.313433
0.059701
0.298507
0.298507
0.313433
0.432836
0.447761
0.164179
0.492537
0.373134
0.582090
0.462687
0.194030
0.194030
0.313433
0.313433
0.194030
0.626866
0.417910
0.283582
0.462687
0.358209
0.373134
0.268657
0.477612
0.402985
0.477612
0.388060
