0.538043
0.595109
0.722826
0.554348
0.470109
0.505435
0.500000
0.489130
0.440217
0.429348
0.451087
0.437500
0.331522
0.355978
0.255435
0.182065
0.027174
0.038043
0.051630
0.065217
0.005435
0.029891
0.021739
0.002717
0.116848
0.230978
0.364130
0.475543
0.355978
0.160326
0.008152
0.029891
0.002717
0.002717
0.002717
0.008152
0.002717
0.239130
0.244565
0.260870
0.258152
0.312500
0.190217
0.062500
0.021739
0.008152
0.002717
0.002717
0.002717
0.002717
0.024457
0.108696
0.187500
0.214674
0.116848
0.198370
0.209239
0.198370
0.184783
0.119565
0.005435
0.002717
0.019022
0.002717
0.021739
0.173913
0.336957
0.345109
0.247283
0.285326
0.225543
0.067935
0.038043
0.070652
0.024457
0.032609
0.005435
0.073370
0.002717
0.021739
0.092391
0.260870
0.377717
0.366848
0.298913
0.361413
0.489130
0.489130
0.529891
0.437500
0.559783
0.627717
0.668478
0.532609
0.494565
0.578804
0.654891
0.744565
0.668478
0.619565
0.486413
0.633152
0.519022
0.353261
0.298913
0.298913
0.163043
0.130435
0.043478
0.043478
0.059783
0.008152
0.008152
0.067935
0.081522
0.105978
0.100543
0.086957
0.255435
0.407609
0.358696
0.364130
0.233696
0.122283
0.005435
0.002717
0.002717
0.051630
0.209239
0.277174
0.192935
0.171196
0.274457
0.103261
0.067935
0.130435
0.192935
0.247283
0.024457
0.024457
0.024457
0.005435
0.002717
0.002717
0.076087
0.168478
0.271739
0.192935
0.187500
0.209239
0.173913
0.078804
0.141304
0.201087
0.217391
0.192935
0.076087
0.013587
0.035326
0.002717
0.279891
0.336957
0.309783
0.241848
0.285326
0.255435
0.334239
0.413043
0.323370
0.214674
0.105978
0.065217
0.179348
0.369565
0.192935
0.019022
0.214674
0.250000
0.206522
0.326087
0.519022
0.625000
0.676630
0.676630
0.665761
0.834239
0.828804
0.831522
0.676630
0.619565
0.760870
0.828804
0.866848
0.828804
0.739130
0.673913
0.576087
0.480978
0.418478
0.301630
0.125000
0.073370
0.187500
0.516304
0.790761
0.592391
0.312500
0.271739
0.423913
0.524457
0.529891
0.342391
0.282609
0.217391
0.271739
0.331522
0.315217
0.182065
0.073370
0.062500
0.105978
0.236413
0.320652
0.407609
0.097826
0.152174
0.070652
0.100543
0.195652
0.271739
0.279891
0.244565
0.092391
0.035326
0.002717
0.002717
0.024457
0.035326
0.002717
0.002717
0.038043
0.021739
0.133152
0.225543
0.250000
0.152174
0.116848
0.149457
0.171196
0.228261
0.203804
0.285326
0.399457
0.163043
0.008152
0.195652
0.220109
0.339674
0.383152
0.358696
0.448370
0.355978
0.377717
0.562500
0.557065
0.456522
0.453804
0.510870
0.679348
0.605978
0.573370
0.396739
0.160326
0.114130
0.097826
0.366848
0.301630
0.491848
0.584239
0.641304
0.730978
0.823370
0.771739
0.826087
0.828804
0.918478
0.858696
0.855978
0.603261
0.589674
0.304348
0.198370
0.065217
0.076087
0.070652
0.298913
0.339674
0.532609
0.500000
0.584239
0.519022
0.396739
0.445652
0.404891
0.489130
0.225543
0.252717
0.201087
0.192935
0.320652
0.236413
0.211957
0.114130
0.108696
0.179348
0.334239
0.135870
0.163043
0.119565
0.125000
0.144022
0.135870
0.111413
0.089674
0.051630
0.054348
0.032609
0.002717
0.013587
0.002717
0.002717
0.002717
0.046196
0.010870
0.048913
0.081522
0.168478
0.141304
0.067935
0.086957
0.144022
0.097826
0.073370
0.038043
0.114130
0.209239
0.307065
0.290761
0.285326
0.163043
0.225543
0.127717
0.149457
0.144022
0.152174
0.141304
0.198370
0.413043
0.271739
0.293478
0.407609
0.510870
0.404891
0.815217
0.695652
0.413043
0.198370
0.111413
0.065217
0.054348
0.067935
0.144022
0.554348
0.554348
0.782609
0.883152
1.000000
0.845109
0.902174
0.728261
0.782609
0.777174
0.519022
0.247283
0.146739
0.105978
0.059783
0.019022
0.097826
0.076087
0.125000
0.307065
0.557065
0.551630
0.527174
0.415761
0.301630
0.309783
0.391304
0.399457
0.353261
0.239130
0.255435
0.309783
0.187500
0.168478
0.154891
0.320652
0.326087
0.391304
0.402174
0.380435
0.323370
0.152174
0.067935
0.103261
0.070652
0.105978
0.168478
0.190217
0.201087
0.250000
0.119565
0.057065
0.010870
0.002717
0.002717
0.005435
0.038043
0.157609
0.250000
0.100543
0.048913
0.114130
0.057065
0.086957
0.163043
0.222826
0.383152
0.269022
0.309783
0.505435
0.426630
0.307065
0.347826
0.100543
0.146739
0.220109
0.279891
0.410326
0.236413
0.421196
0.342391
0.448370
0.407609
0.385870
0.309783
0.312500
0.304348
0.296196
0.157609
0.141304
0.051630
0.032609
0.048913
0.040761
0.095109
0.084239
0.326087
0.396739
0.513587
0.630435
0.502717
0.464674
0.274457
0.173913
0.089674
0.154891
0.114130
0.105978
0.176630
0.336957
0.464674
0.480978
0.470109
0.225543
0.054348
0.328804
0.323370
0.095109
0.119565
0.214674
0.236413
0.228261
0.437500
0.285326
0.380435
0.146739
0.108696
0.141304
0.144022
0.298913
0.252717
0.298913
0.241848
0.241848
0.130435
0.065217
0.092391
0.002717
0.005435
0.089674
0.002717
0.027174
0.065217
0.005435
0.010870
0.002717
0.013587
0.002717
0.046196
0.048913
0.010870
0.002717
0.029891
0.002717
0.013587
0.005435
0.019022
0.076087
0.244565
0.198370
0.146739
0.391304
0.309783
0.209239
0.271739
0.375000
0.230978
0.269022
0.269022
0.279891
0.179348
0.108696
0.070652
0.027174
0.040761
0.353261
0.404891
0.228261
0.304348
0.657609
0.616848
0.342391
0.576087
0.551630
0.266304
0.067935
0.122283
0.084239
0.184783
0.086957
0.228261
0.122283
0.252717
0.160326
0.184783
0.152174
0.103261
0.095109
0.135870
0.415761
0.605978
0.736413
0.491848
0.714674
0.801630
0.766304
0.388587
0.592391
0.239130
0.002717
0.002717
0.016304
0.084239
0.173913
0.274457
0.353261
0.236413
0.298913
0.285326
0.141304
0.149457
0.149457
0.228261
0.168478
0.239130
0.133152
0.010870
0.019022
0.005435
0.002717
0.002717
0.002717
0.002717
0.002717
0.002717
0.002717
0.002717
0.002717
0.048913
0.002717
0.002717
0.054348
0.002717
0.002717
0.002717
0.032609
0.002717
0.019022
0.005435
0.002717
0.043478
0.225543
0.241848
0.111413
0.206522
0.271739
0.225543
0.228261
0.266304
0.252717
0.293478
0.233696
0.116848
0.165761
0.002717
0.002717
0.002717
0.005435
0.217391
0.597826
0.502717
0.627717
0.869565
0.614130
0.638587
0.932065
0.752717
0.519022
0.100543
0.002717
0.002717
0.119565
0.089674
0.152174
0.108696
0.092391
0.051630
0.089674
0.043478
0.144022
0.002717
0.038043
0.108696
0.532609
0.755435
0.744565
0.701087
0.603261
0.586957
0.595109
0.565217
0.576087
0.440217
0.081522
0.002717
0.002717
0.029891
0.111413
0.141304
0.220109
0.187500
0.160326
0.195652
0.179348
0.312500
0.282609
0.274457
0.190217
0.190217
0.135870
0.051630
0.002717
0.021739
0.002717
0.002717
0.005435
0.002717
0.002717
0.057065
0.010870
0.021739
0.010870
0.002717
0.016304
0.051630
0.013587
0.054348
0.054348
0.008152
0.065217
0.002717
0.016304
0.008152
0.141304
0.203804
0.269022
0.288043
0.271739
0.154891
0.119565
0.013587
0.062500
0.010870
0.089674
0.165761
0.127717
0.089674
0.013587
0.019022
0.005435
0.122283
0.426630
0.470109
0.456522
0.470109
0.480978
0.456522
0.347826
0.402174
0.410326
0.220109
0.073370
0.002717
0.078804
0.076087
0.002717
0.097826
0.002717
0.062500
0.051630
0.013587
0.013587
0.046196
0.002717
0.029891
0.002717
0.002717
0.141304
0.130435
0.252717
0.521739
0.570652
0.543478
0.415761
0.358696
0.285326
0.065217
0.024457
0.013587
0.046196
0.247283
0.277174
0.236413
0.296196
0.054348
0.070652
0.146739
0.176630
0.176630
0.255435
0.312500
0.195652
0.173913
0.073370
0.057065
0.054348
0.043478
0.043478
0.046196
0.059783
0.076087
0.002717
0.005435
0.002717
0.002717
0.002717
0.029891
0.013587
0.008152
0.019022
0.043478
0.027174
0.024457
0.002717
0.032609
0.122283
0.149457
0.225543
0.228261
0.307065
0.214674
0.122283
0.168478
0.095109
0.046196
0.233696
0.274457
0.190217
0.266304
0.331522
0.146739
0.021739
0.040761
0.187500
0.410326
0.491848
0.483696
0.557065
0.440217
0.263587
0.097826
0.051630
0.078804
0.057065
0.027174
0.070652
0.048913
0.002717
0.032609
0.002717
0.002717
0.051630
0.065217
0.005435
0.002717
0.002717
0.002717
0.054348
0.038043
0.035326
0.002717
0.021739
0.032609
0.029891
0.038043
0.187500
0.296196
0.467391
0.665761
0.597826
0.391304
0.312500
0.250000
0.135870
0.290761
0.391304
0.345109
0.315217
0.258152
0.225543
0.103261
0.043478
0.065217
0.108696
0.133152
0.179348
0.165761
0.092391
0.184783
0.133152
0.149457
0.086957
0.070652
0.135870
0.084239
0.016304
0.008152
0.002717
0.005435
0.008152
0.010870
0.002717
0.008152
0.024457
0.038043
0.086957
0.165761
0.092391
0.089674
0.149457
0.198370
0.203804
0.084239
0.116848
0.067935
0.065217
0.173913
0.076087
0.214674
0.274457
0.290761
0.317935
0.309783
0.385870
0.209239
0.345109
0.532609
0.413043
0.361413
0.491848
0.410326
0.293478
0.059783
0.002717
0.051630
0.059783
0.029891
0.002717
0.013587
0.021739
0.005435
0.002717
0.002717
0.038043
0.002717
0.051630
0.002717
0.010870
0.076087
0.021739
0.040761
0.013587
0.035326
0.027174
0.002717
0.005435
0.002717
0.019022
0.002717
0.024457
0.032609
0.010870
0.089674
0.336957
0.336957
0.366848
0.519022
0.266304
0.260870
0.279891
0.317935
0.228261
0.206522
0.163043
0.323370
0.157609
0.141304
0.092391
0.043478
0.076087
0.160326
0.122283
0.154891
0.179348
0.225543
0.165761
0.173913
0.081522
0.029891
0.000000
0.005435
0.002717
0.021739
0.002717
0.024457
0.002717
0.002717
0.002717
0.010870
0.002717
0.059783
0.146739
0.171196
0.190217
0.119565
0.119565
0.092391
0.067935
0.048913
0.005435
0.114130
0.168478
0.252717
0.203804
0.312500
0.437500
0.228261
0.339674
0.282609
0.358696
0.336957
0.421196
0.195652
0.070652
0.010870
0.002717
0.010870
0.002717
0.008152
0.010870
0.021739
0.059783
0.002717
0.002717
0.027174
0.029891
0.016304
0.002717
0.002717
0.002717
0.002717
0.002717
0.027174
0.002717
0.002717
0.002717
0.046196
0.005435
0.002717
0.002717
0.021739
0.008152
0.002717
0.040761
0.002717
0.008152
0.002717
0.000000
0.059783
0.073370
0.241848
0.233696
0.149457
0.228261
0.176630
0.244565
0.157609
0.154891
0.149457
0.135870
0.163043
0.073370
0.008152
0.054348
0.059783
0.144022
0.078804
0.108696
0.046196
0.021739
0.005435
0.002717
0.002717
0.005435
0.002717
0.005435
0.002717
0.002717
0.002717
0.013587
0.013587
0.016304
0.002717
0.002717
0.002717
0.057065
0.002717
0.038043
0.019022
0.019022
0.002717
0.019022
0.002717
0.016304
0.217391
0.187500
0.135870
0.125000
0.002717
0.005435
0.013587
0.019022
0.051630
0.002717
0.081522
0.029891
0.002717
0.027174
0.021739
0.046196
0.010870
0.054348
0.046196
0.002717
0.002717
0.002717
0.024457
0.002717
0.002717
0.035326
0.013587
0.002717
0.002717
0.002717
0.002717
0.002717
0.002717
0.019022
0.019022
0.002717
0.008152
0.002717
0.065217
0.002717
0.021739
0.046196
0.010870
0.027174
0.002717
0.002717
0.002717
0.002717
0.010870
0.002717
0.013587
0.002717
0.002717
0.013587
0.002717
0.013587
0.024457
0.046196
0.038043
0.019022
0.002717
0.024457
0.002717
0.038043
0.032609
0.002717
0.008152
0.002717
0.002717
0.010870
0.021739
0.013587
0.002717
0.002717
0.002717
0.002717
0.002717
0.016304
0.002717
0.002717
0.002717
0.002717
0.002717
0.002717
0.002717
0.002717
0.002717
0.002717
0.002717
0.048913
0.002717
0.002717
0.005435
0.002717
0.008152
0.002717
0.002717
0.013587
0.002717
0.021739
0.002717
0.002717
0.002717
0.005435
0.010870
0.002717
0.002717
0.002717
0.002717
0.035326
0.002717
0.016304
0.002717
0.024457
0.002717
0.002717
0.010870
0.002717
0.005435
0.032609
0.002717
0.010870
0.010870
0.054348
0.016304
0.002717
0.002717
0.002717
0.008152
0.043478
0.002717
0.008152
0.013587
0.010870
0.013587
0.005435
0.005435
0.002717
0.002717
0.002717
0.024457
0.010870
0.013587
0.043478
0.002717
0.027174
0.002717
0.016304
0.002717
0.002717
0.008152
0.002717
0.019022
0.002717
0.002717
0.019022
0.002717
0.010870
0.002717
0.002717
0.002717
0.002717
0.002717
0.002717
0.010870
0.005435
0.059783
0.002717
0.021739
0.032609
0.002717
0.002717
0.002717
0.002717
0.002717
0.008152
0.002717
0.002717
0.002717
0.002717
0.024457
0.008152
0.002717
0.021739
0.002717
0.002717
0.002717
0.005435
0.029891
0.002717
0.002717
0.043478
0.002717
0.002717
0.002717
0.002717
0.029891
0.002717
0.002717
0.008152
0.005435
0.002717
0.038043
0.043478
0.002717
0.013587
0.002717
0.002717
0.002717
0.002717
0.002717
0.048913
0.005435
0.005435
0.002717
0.002717
0.002717
0.002717
