0.134328
0.358209
0.313433
0.477612
0.402985
0.283582
0.179104
0.373134
0.328358
0.417910
0.388060
0.268657
0.522388
0.462687
0.328358
0.268657
0.373134
0.208955
0.223881
0.298507
0.343284
0.283582
0.104478
0.194030
0.223881
0.283582
0.044776
0.014925
0.402985
0.014925
0.134328
0.119403
0.194030
0.194030
0.223881
0.298507
0.179104
0.268657
0.119403
0.179104
0.119403
0.104478
0.223881
0.074627
0.179104
0.223881
0.208955
0.089552
0.164179
0.149254
0.104478
0.298507
0.134328
0.164179
0.044776
0.208955
0.089552
0.059701
0.149254
0.194030
0.194030
0.208955
0.194030
0.074627
0.059701
0.179104
0.149254
0.194030
0.149254
0.194030
0.223881
0.358209
0.447761
0.119403
0.358209
0.343284
0.253731
0.223881
0.417910
0.567164
0.283582
0.492537
0.208955
0.223881
0.417910
0.358209
0.223881
0.208955
0.388060
0.328358
0.298507
0.238806
0.552239
0.477612
0.686567
0.402985
0.597015
0.477612
0.537313
0.432836
0.388060
0.388060
0.343284
0.447761
0.492537
0.477612
0.432836
0.388060
0.253731
0.417910
0.373134
0.343284
0.492537
0.358209
0.283582
0.462687
0.328358
0.373134
0.089552
0.223881
0.149254
0.164179
0.104478
0.119403
0.089552
0.179104
0.104478
0.149254
0.179104
0.208955
0.164179
0.089552
0.194030
0.268657
0.238806
0.238806
0.283582
0.179104
0.059701
0.164179
0.119403
0.104478
0.104478
0.253731
0.119403
0.104478
0.179104
0.208955
0.134328
0.208955
0.134328
0.223881
0.119403
0.223881
0.134328
0.119403
0.179104
0.059701
0.179104
0.223881
0.343284
0.208955
0.074627
0.208955
0.014925
0.358209
0.119403
0.283582
0.268657
0.373134
0.179104
0.223881
0.253731
0.686567
0.343284
0.298507
0.552239
0.522388
0.432836
0.417910
0.641791
0.358209
0.373134
0.507463
0.701493
0.731343
0.447761
0.820896
0.611940
0.432836
0.731343
0.373134
0.447761
0.626866
0.417910
0.477612
0.522388
0.522388
0.671642
0.432836
0.462687
0.537313
0.402985
0.194030
0.417910
0.462687
0.283582
0.313433
0.447761
0.313433
0.208955
0.253731
0.313433
0.238806
0.164179
0.253731
0.164179
0.238806
0.074627
0.134328
0.223881
0.149254
0.223881
0.194030
0.179104
0.059701
0.089552
0.119403
0.059701
0.313433
0.089552
0.134328
0.194030
0.313433
0.179104
0.194030
0.134328
0.223881
0.223881
0.134328
0.238806
0.164179
0.194030
0.194030
0.029851
0.134328
0.074627
0.089552
0.223881
0.134328
0.119403
0.179104
0.074627
0.014925
0.149254
0.402985
0.238806
0.194030
0.134328
0.208955
0.298507
0.253731
0.253731
0.194030
0.223881
0.567164
0.417910
0.328358
0.477612
0.447761
0.358209
0.552239
0.373134
0.597015
0.626866
0.671642
0.626866
0.641791
0.492537
0.522388
0.492537
0.417910
0.552239
0.656716
0.701493
0.626866
0.567164
0.626866
0.492537
0.626866
0.432836
0.567164
0.432836
0.522388
0.552239
0.432836
0.343284
0.268657
0.014925
0.253731
0.417910
0.373134
0.223881
0.253731
0.328358
0.223881
0.089552
0.283582
0.194030
0.208955
0.313433
0.194030
0.119403
0.074627
0.134328
0.313433
0.134328
0.134328
0.223881
0.149254
0.194030
0.194030
0.208955
0.223881
0.208955
0.179104
0.208955
0.179104
0.208955
0.089552
0.149254
0.388060
0.268657
0.253731
0.149254
0.179104
0.283582
0.149254
0.149254
0.149254
0.074627
0.388060
0.223881
0.104478
0.119403
0.253731
0.283582
0.238806
0.223881
0.208955
0.358209
0.313433
0.313433
0.089552
0.268657
0.149254
0.373134
0.417910
0.343284
0.417910
0.283582
0.208955
0.417910
0.343284
0.268657
0.671642
0.432836
0.253731
0.567164
0.641791
0.462687
0.656716
0.641791
0.626866
0.641791
0.985075
0.582090
1.000000
0.671642
0.910448
0.671642
0.641791
0.477612
0.656716
0.507463
0.522388
0.492537
0.402985
0.343284
0.537313
0.283582
0.402985
0.268657
0.611940
0.388060
0.253731
0.268657
0.283582
0.238806
0.298507
0.134328
0.179104
0.268657
0.149254
0.149254
0.328358
0.208955
0.194030
0.194030
0.134328
0.134328
0.208955
0.089552
0.149254
0.104478
0.134328
0.223881
0.134328
0.194030
0.223881
0.119403
0.238806
0.313433
0.253731
0.223881
0.238806
0.119403
0.298507
0.134328
0.358209
0.119403
0.223881
0.298507
0.283582
0.298507
0.104478
0.089552
0.164179
0.149254
0.223881
0.149254
0.134328
0.253731
0.164179
0.223881
0.343284
0.194030
0.253731
0.208955
0.313433
0.149254
0.343284
0.268657
0.298507
0.417910
0.179104
0.522388
0.313433
0.447761
0.283582
0.507463
0.447761
0.328358
0.298507
0.432836
0.417910
0.656716
0.895522
0.537313
0.626866
0.567164
0.462687
0.880597
0.761194
0.761194
0.641791
0.686567
0.597015
0.298507
0.582090
0.477612
0.253731
0.462687
0.507463
0.283582
0.194030
0.223881
0.208955
0.283582
0.223881
0.328358
0.462687
0.328358
0.208955
0.283582
0.179104
0.074627
0.223881
0.223881
0.134328
0.164179
0.134328
0.074627
0.253731
0.149254
0.104478
0.208955
0.253731
0.134328
0.044776
0.164179
0.223881
0.298507
0.194030
0.134328
0.074627
0.179104
0.268657
0.149254
0.238806
0.164179
0.104478
0.119403
0.194030
0.447761
0.298507
0.238806
0.164179
0.134328
0.149254
0.238806
0.104478
0.134328
0.238806
0.179104
0.149254
0.313433
0.059701
0.179104
0.223881
0.164179
0.238806
0.313433
0.238806
0.223881
0.208955
0.253731
0.253731
0.432836
0.462687
0.313433
0.208955
0.358209
0.477612
0.238806
0.313433
0.313433
0.611940
0.641791
0.537313
0.761194
0.656716
0.970149
0.582090
0.791045
0.865672
0.820896
0.686567
0.850746
0.626866
0.686567
0.328358
0.447761
0.388060
0.402985
0.238806
0.253731
0.223881
0.194030
0.358209
0.253731
0.179104
0.104478
0.253731
0.343284
0.373134
0.179104
0.164179
0.179104
0.104478
0.089552
0.119403
0.283582
0.044776
0.208955
0.179104
0.119403
0.104478
0.223881
0.238806
0.134328
0.074627
0.179104
0.119403
0.179104
0.134328
0.059701
0.164179
0.328358
0.029851
0.194030
0.194030
0.149254
0.164179
0.238806
0.134328
0.134328
0.044776
0.179104
0.089552
0.238806
0.074627
0.059701
0.089552
0.238806
0.089552
0.238806
0.268657
0.313433
0.164179
0.179104
0.074627
0.149254
0.208955
0.283582
0.089552
0.208955
0.194030
0.104478
0.134328
0.283582
0.059701
0.447761
0.343284
0.238806
0.373134
0.298507
0.208955
0.283582
0.417910
0.507463
0.388060
0.641791
0.731343
0.447761
0.611940
0.492537
0.522388
0.552239
0.626866
0.611940
0.761194
0.298507
0.597015
0.671642
0.298507
0.343284
0.179104
0.343284
0.179104
0.358209
0.432836
0.164179
0.298507
0.298507
0.238806
0.044776
0.104478
0.283582
0.253731
0.328358
0.179104
0.253731
0.298507
0.179104
0.134328
0.208955
0.104478
0.223881
0.104478
0.149254
0.149254
0.223881
0.089552
0.208955
0.089552
0.149254
0.164179
0.134328
0.089552
0.194030
0.253731
0.194030
0.089552
0.313433
0.238806
0.313433
0.223881
0.149254
0.134328
0.283582
0.194030
0.134328
0.089552
0.164179
0.253731
0.149254
0.149254
0.194030
0.208955
0.149254
0.328358
0.268657
0.119403
0.074627
0.238806
0.194030
0.119403
0.343284
0.149254
0.179104
0.014925
0.283582
0.268657
0.298507
0.223881
0.343284
0.268657
0.283582
0.194030
0.492537
0.089552
0.582090
0.656716
0.477612
0.507463
0.417910
0.671642
0.417910
0.447761
0.492537
0.343284
0.358209
0.582090
0.552239
0.507463
0.447761
0.447761
0.432836
0.552239
0.477612
0.373134
0.313433
0.432836
0.164179
0.179104
0.358209
0.283582
0.074627
0.194030
0.223881
0.208955
0.208955
0.119403
0.179104
0.208955
0.119403
0.089552
0.268657
0.179104
0.164179
0.194030
0.044776
0.059701
0.283582
0.179104
0.164179
0.223881
0.298507
0.074627
0.238806
0.179104
0.149254
0.089552
0.238806
0.059701
0.238806
0.358209
0.298507
0.283582
0.223881
0.119403
0.238806
0.149254
0.134328
0.000000
0.134328
0.208955
0.253731
0.134328
0.208955
0.074627
0.074627
0.238806
0.343284
0.283582
0.253731
0.194030
0.134328
0.223881
0.089552
0.149254
0.164179
0.134328
0.134328
0.208955
0.313433
0.253731
0.238806
0.328358
0.492537
0.656716
0.313433
0.238806
0.388060
0.313433
0.537313
0.537313
0.358209
0.611940
0.343284
0.537313
0.388060
0.373134
0.328358
0.462687
0.567164
0.567164
0.522388
0.373134
0.477612
0.417910
0.417910
0.373134
0.611940
0.507463
0.477612
0.223881
0.238806
0.298507
0.388060
0.432836
0.388060
0.298507
0.208955
0.208955
0.358209
0.298507
0.313433
0.238806
0.283582
0.104478
0.149254
0.223881
0.253731
0.164179
0.208955
0.119403
0.149254
0.059701
0.119403
0.194030
0.208955
0.164179
0.194030
0.179104
0.074627
0.268657
0.238806
0.298507
0.179104
0.238806
0.208955
0.089552
0.253731
0.179104
0.194030
0.059701
0.149254
0.238806
0.343284
0.164179
0.089552
0.104478
0.283582
0.268657
0.164179
0.134328
0.194030
0.149254
0.104478
0.044776
0.134328
0.313433
0.208955
0.089552
0.283582
0.208955
0.164179
0.283582
0.223881
0.313433
0.179104
0.238806
0.328358
0.552239
0.522388
0.388060
0.283582
0.343284
0.328358
0.417910
0.343284
0.268657
0.283582
0.402985
0.328358
0.283582
0.238806
0.253731
0.447761
0.298507
0.462687
0.223881
0.283582
0.477612
0.507463
0.402985
0.417910
0.402985
0.522388
0.313433
0.283582
0.313433
0.283582
0.238806
0.328358
0.343284
0.343284
0.313433
0.223881
0.268657
0.119403
0.119403
0.104478
0.253731
0.313433
0.208955
0.149254
0.089552
0.268657
0.149254
0.194030
0.044776
0.134328
0.223881
0.119403
0.104478
0.119403
0.208955
0.134328
0.223881
0.194030
0.179104
0.223881
0.089552
0.208955
0.253731
0.164179
0.208955
0.134328
0.104478
0.134328
0.208955
0.134328
0.164179
0.119403
0.164179
0.104478
0.223881
0.194030
0.238806
0.268657
0.044776
0.179104
0.253731
0.402985
0.268657
0.164179
0.179104
0.238806
0.268657
0.149254
0.194030
0.238806
0.358209
0.373134
0.179104
0.253731
0.134328
0.208955
0.253731
0.358209
0.432836
0.417910
0.552239
0.328358
0.402985
0.328358
0.358209
0.388060
0.014925
0.283582
0.194030
0.298507
0.298507
0.223881
0.522388
0.417910
0.283582
0.253731
0.194030
0.238806
0.492537
0.089552
0.298507
0.208955
0.283582
0.328358
0.208955
0.268657
0.402985
0.194030
0.149254
0.238806
0.402985
0.238806
0.194030
0.208955
0.194030
0.208955
0.164179
0.238806
0.194030
0.238806
0.149254
0.164179
0.119403
0.238806
0.074627
0.074627
0.149254
0.104478
0.134328
0.179104
0.223881
0.253731
0.074627
0.179104
0.194030
0.208955
0.149254
0.059701
0.194030
0.089552
0.194030
0.029851
0.194030
0.119403
0.164179
0.059701
0.089552
0.149254
0.179104
0.208955
0.194030
0.208955
0.268657
0.194030
0.373134
0.194030
0.074627
0.298507
0.268657
0.119403
0.388060
0.268657
0.194030
0.238806
0.298507
0.283582
0.373134
0.358209
0.164179
0.268657
0.373134
0.373134
0.179104
0.313433
0.238806
0.223881
0.238806
0.238806
0.253731
0.373134
0.298507
0.134328
0.164179
0.119403
0.194030
0.283582
0.179104
0.223881
0.134328
0.238806
0.194030
0.238806
0.253731
0.194030
0.462687
0.134328
0.313433
0.179104
0.238806
0.417910
0.208955
0.358209
0.343284
0.194030
0.253731
0.298507
0.238806
0.238806
0.208955
0.313433
0.164179
0.074627
0.134328
0.149254
0.238806
0.194030
0.134328
0.194030
0.208955
0.149254
0.253731
0.104478
0.194030
0.164179
0.313433
0.179104
0.194030
0.149254
0.134328
0.074627
0.179104
0.164179
0.164179
0.149254
0.104478
0.194030
0.089552
0.208955
0.238806
0.119403
0.074627
0.164179
0.208955
0.089552
0.119403
0.194030
0.104478
0.194030
0.343284
0.089552
0.223881
0.179104
0.238806
0.223881
0.313433
0.343284
0.358209
0.402985
0.194030
0.313433
0.388060
0.268657
0.149254
0.358209
0.388060
0.253731
0.388060
0.223881
0.253731
0.477612
0.253731
0.223881
0.179104
0.298507
0.313433
0.328358
0.194030
0.104478
0.134328
0.298507
0.388060
0.238806
0.268657
0.373134
0.208955
0.402985
0.328358
0.194030
0.268657
0.223881
0.373134
0.388060
0.283582
0.223881
0.223881
0.253731
0.268657
0.358209
0.298507
0.373134
0.402985
0.268657
0.119403
0.089552
0.208955
0.343284
0.164179
0.104478
0.074627
0.029851
0.089552
0.149254
0.134328
0.104478
0.208955
0.059701
0.149254
0.268657
0.179104
0.119403
0.104478
0.149254
0.223881
0.029851
0.194030
0.104478
0.194030
0.208955
0.119403
0.044776
0.194030
0.164179
0.134328
0.119403
0.194030
0.164179
0.179104
0.074627
0.119403
0.059701
0.164179
0.208955
0.149254
0.268657
0.179104
0.059701
0.208955
0.223881
0.119403
0.223881
0.343284
0.208955
0.283582
0.238806
0.328358
0.253731
0.164179
0.223881
0.268657
0.238806
0.298507
0.179104
0.253731
0.223881
0.089552
0.238806
0.402985
0.238806
0.268657
