0.490566
0.207547
0.226415
0.264151
0.358491
0.415094
0.339623
0.433962
0.245283
0.396226
0.339623
0.358491
0.660377
0.339623
0.452830
0.528302
0.301887
0.056604
0.622642
0.754717
0.207547
0.433962
0.150943
0.773585
0.245283
0.452830
0.132075
0.264151
0.471698
0.320755
0.547170
0.358491
0.433962
0.528302
0.415094
0.207547
0.339623
0.358491
0.320755
0.301887
0.396226
0.245283
0.283019
0.226415
0.358491
0.283019
0.339623
0.396226
0.339623
0.490566
0.698113
0.320755
0.264151
0.245283
0.320755
0.490566
0.490566
0.377358
0.207547
0.207547
0.207547
0.471698
0.339623
0.245283
0.264151
0.283019
0.415094
0.415094
0.339623
0.339623
0.320755
0.283019
0.433962
0.283019
0.490566
0.226415
0.471698
0.396226
0.207547
0.245283
0.226415
0.433962
0.339623
0.754717
0.509434
0.811321
0.547170
0.226415
0.716981
0.339623
0.490566
0.226415
0.433962
0.415094
0.471698
0.547170
0.245283
0.547170
0.358491
0.396226
0.283019
0.433962
0.207547
0.320755
0.528302
0.566038
0.377358
0.320755
0.452830
0.490566
0.415094
0.150943
0.301887
0.377358
0.301887
0.226415
0.283019
0.452830
0.320755
0.169811
0.301887
0.358491
0.358491
0.094340
0.415094
0.245283
0.301887
0.471698
0.207547
0.264151
0.226415
0.169811
0.150943
0.188679
0.358491
0.603774
0.283019
0.641509
0.622642
0.415094
0.452830
0.245283
0.358491
0.415094
0.207547
0.150943
0.377358
0.490566
0.358491
0.245283
0.301887
0.622642
0.320755
0.245283
0.301887
0.320755
0.150943
0.283019
0.094340
0.301887
0.169811
0.339623
0.528302
0.320755
0.264151
0.358491
0.339623
0.320755
0.283019
0.320755
0.169811
0.716981
0.471698
0.339623
0.188679
0.377358
0.301887
0.207547
0.358491
0.509434
0.207547
0.396226
0.075472
0.547170
0.641509
0.528302
0.320755
0.396226
0.433962
0.339623
0.264151
0.377358
0.264151
0.283019
0.339623
0.207547
0.415094
0.584906
0.584906
0.264151
0.584906
0.584906
0.150943
0.245283
0.245283
0.358491
0.301887
0.283019
0.584906
0.490566
0.075472
0.396226
0.301887
0.415094
0.301887
0.415094
0.377358
0.377358
0.207547
0.226415
0.245283
0.452830
0.094340
0.264151
0.226415
0.471698
0.283019
0.320755
0.377358
0.339623
0.566038
0.226415
0.245283
0.377358
0.320755
0.320755
0.283019
0.452830
0.603774
0.320755
0.339623
0.301887
0.433962
0.377358
0.471698
0.283019
0.396226
0.301887
0.377358
0.622642
0.377358
0.245283
0.339623
0.339623
0.301887
0.433962
0.509434
0.452830
0.377358
0.358491
0.075472
0.188679
0.132075
0.094340
0.283019
0.301887
0.320755
0.377358
0.603774
0.622642
1.000000
0.132075
0.264151
0.377358
0.679245
0.584906
0.981132
0.547170
0.452830
0.415094
0.283019
0.301887
0.358491
0.547170
0.584906
0.320755
0.377358
0.396226
0.226415
0.283019
0.754717
0.169811
0.547170
0.471698
0.245283
0.584906
0.132075
0.396226
0.867925
0.566038
0.433962
0.452830
0.415094
0.660377
0.452830
0.433962
0.377358
0.245283
0.245283
0.245283
0.396226
0.415094
0.433962
0.358491
0.452830
0.433962
0.433962
0.169811
0.245283
0.358491
0.339623
0.264151
0.283019
0.471698
0.226415
0.603774
0.320755
0.452830
0.377358
0.150943
0.339623
0.245283
0.264151
0.264151
0.622642
0.283019
0.377358
0.169811
0.452830
0.301887
0.283019
0.283019
0.358491
0.150943
0.264151
0.188679
0.320755
0.415094
0.320755
0.245283
0.509434
0.415094
0.188679
0.584906
0.415094
0.264151
0.377358
0.377358
0.603774
0.452830
0.452830
0.603774
0.698113
0.584906
0.226415
0.773585
0.773585
0.603774
0.264151
0.433962
0.660377
0.339623
0.339623
0.018868
0.188679
0.735849
0.339623
0.301887
0.264151
0.132075
0.490566
0.452830
0.528302
0.509434
0.433962
0.396226
0.509434
0.547170
0.509434
0.339623
0.679245
0.528302
0.075472
0.358491
0.396226
0.811321
0.641509
0.301887
0.433962
0.264151
0.490566
0.603774
0.283019
0.396226
0.358491
0.188679
0.377358
0.490566
0.358491
0.358491
0.207547
0.396226
0.245283
0.283019
0.301887
0.377358
0.698113
0.415094
0.679245
0.547170
0.547170
0.113208
0.415094
0.509434
0.264151
0.566038
0.320755
0.528302
0.339623
0.283019
0.207547
0.320755
0.339623
0.264151
0.320755
0.471698
0.358491
0.490566
0.566038
0.396226
0.264151
0.452830
0.264151
0.056604
0.264151
0.301887
0.433962
0.679245
0.377358
0.075472
0.132075
0.471698
0.301887
0.264151
0.377358
0.207547
0.188679
0.264151
0.566038
0.207547
0.716981
0.849057
0.528302
0.471698
0.811321
0.396226
0.283019
0.150943
0.377358
0.509434
0.452830
0.396226
0.245283
0.264151
0.452830
0.283019
0.301887
0.886792
0.188679
0.283019
0.415094
0.150943
0.188679
0.113208
0.132075
0.452830
0.320755
0.415094
0.320755
0.471698
0.415094
0.226415
0.245283
0.339623
0.301887
0.320755
0.396226
0.603774
0.188679
0.150943
0.150943
0.584906
0.396226
0.358491
0.396226
0.113208
0.283019
0.301887
0.377358
0.301887
0.339623
0.433962
0.320755
0.320755
0.415094
0.415094
0.150943
0.660377
0.301887
0.547170
0.490566
0.150943
0.264151
0.452830
0.320755
0.226415
0.377358
0.301887
0.415094
0.339623
0.339623
0.471698
0.188679
0.264151
0.433962
0.452830
0.452830
0.377358
0.056604
0.320755
0.150943
0.150943
0.415094
0.452830
0.056604
0.509434
0.566038
0.245283
0.396226
0.320755
0.396226
0.339623
0.377358
0.396226
0.207547
0.301887
0.301887
0.339623
0.377358
0.603774
0.584906
0.509434
0.396226
0.528302
0.377358
0.339623
0.433962
0.716981
0.471698
0.320755
0.226415
0.490566
0.584906
0.452830
0.396226
0.471698
0.339623
0.377358
0.320755
0.264151
0.320755
0.150943
0.679245
0.358491
0.566038
0.226415
0.433962
0.188679
0.226415
0.415094
0.433962
0.339623
0.283019
0.396226
0.716981
0.226415
0.320755
0.245283
0.301887
0.226415
0.396226
0.169811
0.264151
0.132075
0.226415
0.113208
0.339623
0.433962
0.433962
0.339623
0.018868
0.433962
0.433962
0.188679
0.264151
0.283019
0.150943
0.056604
0.283019
0.490566
0.698113
0.283019
0.132075
0.547170
0.207547
0.264151
0.339623
0.490566
0.207547
0.264151
0.056604
0.000000
0.245283
0.471698
0.396226
0.283019
0.641509
0.754717
0.867925
0.433962
0.301887
0.245283
0.264151
0.075472
0.188679
0.245283
0.245283
0.169811
0.283019
0.245283
0.981132
0.433962
0.641509
0.471698
0.339623
0.471698
0.754717
0.566038
0.528302
0.433962
0.716981
0.433962
0.415094
0.226415
0.735849
0.283019
0.358491
0.245283
0.396226
0.377358
0.075472
0.188679
0.113208
0.377358
0.433962
0.075472
0.339623
0.471698
0.377358
0.207547
0.037736
0.452830
0.867925
0.226415
0.452830
0.415094
0.264151
0.169811
0.207547
0.169811
0.169811
0.415094
0.415094
0.226415
0.547170
0.547170
0.452830
0.245283
0.207547
0.452830
0.339623
0.283019
0.320755
0.377358
0.377358
0.528302
0.471698
0.377358
0.094340
0.226415
0.283019
0.245283
0.301887
0.283019
0.150943
0.339623
0.471698
0.226415
0.471698
0.075472
0.377358
0.264151
0.471698
0.641509
0.150943
0.377358
0.433962
0.641509
0.264151
0.339623
0.169811
0.264151
0.377358
0.679245
0.283019
0.566038
0.377358
0.415094
0.452830
0.528302
0.358491
0.056604
0.471698
0.339623
0.226415
0.339623
0.490566
0.358491
0.490566
0.528302
0.301887
0.339623
0.358491
0.886792
0.490566
0.283019
0.471698
0.547170
0.396226
0.716981
0.320755
0.339623
0.396226
0.415094
0.698113
0.641509
0.452830
0.283019
0.320755
0.339623
0.490566
0.452830
0.584906
0.094340
0.226415
0.245283
0.283019
0.150943
0.339623
0.301887
0.245283
0.566038
0.226415
0.452830
0.622642
0.226415
0.698113
0.132075
0.320755
0.377358
0.283019
0.132075
0.320755
0.264151
0.113208
0.471698
0.566038
0.377358
0.396226
0.584906
0.301887
0.452830
0.320755
0.415094
0.150943
0.283019
0.188679
0.339623
0.320755
0.301887
0.207547
0.358491
0.320755
0.471698
0.169811
0.264151
0.283019
0.679245
0.490566
0.226415
0.622642
0.358491
0.339623
0.320755
0.301887
0.226415
0.188679
0.169811
0.320755
0.207547
0.509434
0.264151
0.339623
0.433962
0.396226
0.584906
0.415094
0.188679
0.471698
0.094340
0.283019
0.415094
0.150943
0.377358
0.226415
0.452830
0.339623
0.150943
0.377358
0.358491
0.264151
0.566038
0.452830
0.320755
0.301887
0.471698
0.490566
0.452830
0.226415
0.320755
0.490566
0.433962
0.226415
0.226415
0.547170
0.339623
0.150943
0.283019
0.396226
0.226415
0.339623
0.566038
0.264151
0.245283
0.264151
0.547170
0.415094
0.094340
0.207547
0.207547
0.433962
0.283019
0.245283
0.396226
0.226415
0.245283
0.452830
0.471698
0.509434
0.339623
0.433962
0.264151
0.377358
0.264151
0.415094
0.339623
0.226415
0.339623
0.415094
0.358491
0.396226
0.396226
0.641509
0.169811
0.207547
0.490566
0.471698
0.471698
0.207547
0.471698
0.603774
0.358491
0.226415
0.150943
0.283019
0.396226
0.301887
0.150943
0.339623
0.188679
0.169811
0.132075
0.264151
0.169811
0.301887
0.471698
0.528302
0.735849
0.320755
0.547170
0.188679
0.377358
0.773585
0.207547
0.716981
0.377358
0.603774
0.188679
0.396226
0.245283
0.207547
0.490566
0.622642
0.433962
0.283019
0.509434
0.528302
0.245283
0.207547
0.245283
0.490566
0.188679
0.396226
0.603774
0.339623
0.566038
0.264151
0.075472
0.283019
0.415094
0.566038
0.169811
0.188679
0.150943
0.490566
0.339623
0.320755
0.264151
0.301887
0.094340
0.339623
0.433962
0.283019
0.320755
0.377358
0.264151
0.188679
0.471698
0.245283
0.339623
0.377358
0.207547
0.415094
0.433962
0.528302
0.207547
0.226415
0.566038
0.377358
0.188679
0.188679
0.188679
0.339623
0.339623
0.452830
0.320755
0.188679
0.132075
0.377358
0.132075
0.207547
0.396226
0.415094
0.075472
0.207547
0.264151
0.528302
0.452830
0.415094
0.358491
0.339623
0.509434
0.207547
0.396226
0.415094
0.452830
0.301887
0.603774
0.490566
0.660377
0.226415
0.509434
0.603774
0.433962
0.207547
0.377358
0.283019
0.396226
0.226415
0.320755
0.415094
0.358491
0.207547
0.320755
0.226415
0.490566
0.452830
0.301887
0.660377
0.471698
0.660377
0.301887
0.377358
0.433962
0.471698
0.283019
0.094340
0.528302
0.377358
0.301887
0.056604
0.754717
0.433962
0.320755
0.358491
0.169811
0.245283
0.037736
0.150943
0.226415
0.377358
0.150943
0.207547
0.283019
0.264151
0.396226
0.245283
0.415094
0.377358
0.245283
0.188679
0.433962
0.169811
0.415094
0.584906
0.245283
0.301887
0.320755
0.188679
0.264151
0.471698
0.188679
0.396226
0.358491
0.207547
0.358491
0.490566
0.188679
0.377358
0.584906
0.377358
0.452830
0.283019
0.264151
0.150943
0.207547
0.226415
0.283019
0.301887
0.169811
0.188679
0.264151
0.547170
0.226415
0.320755
0.132075
0.415094
0.433962
0.358491
0.471698
0.188679
0.264151
0.452830
0.547170
0.452830
0.245283
0.396226
0.415094
0.075472
0.301887
0.433962
0.358491
0.452830
0.132075
0.226415
0.339623
0.660377
0.226415
0.245283
0.490566
0.264151
0.245283
0.622642
0.226415
0.301887
0.377358
0.169811
0.528302
0.226415
0.188679
0.283019
0.245283
0.679245
0.528302
0.433962
0.150943
0.283019
0.113208
0.603774
0.226415
0.641509
0.358491
0.301887
0.528302
0.452830
0.433962
0.075472
0.245283
0.264151
0.113208
0.339623
0.188679
0.509434
0.188679
0.377358
0.358491
0.264151
0.301887
0.207547
0.377358
0.301887
0.301887
0.283019
0.547170
0.358491
0.226415
0.377358
0.264151
0.301887
0.415094
0.320755
0.301887
0.245283
0.169811
0.509434
0.358491
0.339623
0.264151
0.490566
0.339623
0.452830
0.547170
0.358491
0.415094
0.207547
0.452830
0.471698
0.396226
0.339623
0.490566
0.452830
0.547170
0.283019
0.698113
0.358491
0.188679
0.396226
0.471698
0.094340
0.339623
0.433962
0.584906
0.226415
0.396226
0.188679
0.603774
0.358491
0.169811
0.396226
0.641509
0.528302
0.226415
0.339623
0.226415
0.358491
0.490566
0.679245
0.509434
0.547170
0.132075
0.584906
0.169811
0.075472
0.339623
0.339623
0.301887
0.264151
0.490566
0.452830
0.452830
0.415094
0.377358
0.415094
0.037736
0.207547
0.245283
0.188679
0.490566
0.320755
0.433962
0.207547
0.415094
0.339623
0.603774
0.452830
0.320755
0.320755
0.207547
0.226415
0.584906
0.132075
0.207547
0.320755
0.377358
0.358491
0.245283
0.320755
0.358491
0.188679
0.301887
0.188679
0.320755
0.018868
0.339623
0.264151
0.264151
0.377358
0.301887
0.433962
0.301887
0.188679
0.264151
0.264151
0.396226
0.264151
0.471698
0.622642
0.377358
0.377358
0.188679
0.377358
0.452830
0.452830
0.264151
0.358491
0.547170
0.301887
0.415094
0.339623
0.169811
0.433962
0.433962
0.490566
0.283019
0.264151
0.622642
0.433962
0.433962
0.358491
0.132075
0.528302
0.264151
0.452830
0.226415
