0.345794
0.504673
0.271028
0.280374
0.570093
0.186916
0.345794
0.168224
0.626168
0.429907
0.289720
0.233645
0.635514
0.196262
0.728972
0.616822
0.542056
0.476636
0.280374
0.383178
0.448598
0.299065
0.345794
0.373832
0.429907
0.420561
0.757009
0.411215
0.271028
0.261682
0.355140
0.271028
0.242991
0.364486
0.420561
0.345794
0.439252
0.355140
0.242991
0.289720
0.373832
0.439252
0.448598
0.467290
0.308411
0.383178
0.401869
0.485981
0.168224
0.570093
0.149533
0.271028
0.299065
0.448598
0.214953
0.327103
0.373832
0.242991
0.196262
0.373832
0.485981
0.429907
0.317757
0.401869
0.401869
0.355140
0.420561
0.317757
0.336449
0.158879
0.280374
0.317757
0.345794
0.000000
0.242991
0.672897
0.672897
0.392523
0.448598
0.411215
0.308411
0.392523
0.214953
0.644860
0.457944
0.317757
0.626168
0.233645
0.411215
0.495327
0.514019
0.476636
0.467290
0.551402
0.598131
0.336449
0.345794
0.803738
0.429907
0.719626
0.588785
0.504673
0.401869
0.747664
0.186916
0.934579
0.579439
0.579439
0.411215
0.448598
0.233645
0.757009
0.504673
0.364486
0.457944
0.271028
0.327103
0.457944
0.252336
0.420561
0.299065
0.448598
0.299065
0.392523
0.420561
0.570093
0.429907
0.121495
0.177570
0.401869
0.392523
0.401869
0.186916
0.551402
0.364486
0.084112
0.327103
0.271028
0.345794
0.299065
0.467290
0.242991
0.457944
0.467290
0.504673
0.392523
0.514019
0.336449
0.336449
0.317757
0.448598
0.345794
0.345794
0.308411
0.514019
0.392523
0.364486
0.158879
0.214953
0.327103
0.411215
0.476636
0.345794
0.299065
0.588785
0.420561
0.130841
0.355140
0.551402
0.224299
0.635514
0.317757
0.084112
0.551402
0.439252
0.467290
0.588785
0.327103
0.523364
0.616822
0.401869
0.495327
0.560748
0.495327
0.383178
0.457944
0.429907
0.654206
0.401869
0.261682
0.532710
0.532710
0.504673
0.626168
0.504673
0.411215
0.448598
0.635514
0.224299
0.457944
0.457944
0.457944
0.420561
0.598131
0.327103
0.345794
0.401869
0.392523
0.700935
0.345794
0.551402
0.252336
0.467290
0.635514
0.336449
0.271028
0.308411
0.327103
0.224299
0.504673
0.261682
0.149533
0.411215
0.429907
0.373832
0.289720
0.336449
0.504673
0.158879
0.542056
0.299065
0.299065
0.233645
0.345794
0.420561
0.121495
0.327103
0.448598
0.214953
0.214953
0.214953
0.214953
0.401869
0.373832
0.364486
0.149533
0.327103
0.186916
0.383178
0.327103
0.355140
0.214953
0.233645
0.401869
0.177570
0.420561
0.504673
0.233645
0.373832
0.504673
0.579439
0.588785
0.420561
0.485981
0.299065
0.635514
0.644860
0.467290
0.401869
0.317757
0.570093
0.355140
0.383178
0.495327
0.719626
0.383178
0.467290
0.364486
0.383178
0.570093
0.570093
0.719626
0.504673
0.448598
0.598131
0.429907
0.682243
0.551402
0.663551
0.579439
0.420561
0.514019
0.355140
0.373832
0.467290
0.140187
0.457944
0.383178
0.626168
0.317757
0.355140
0.420561
0.121495
0.242991
0.242991
0.383178
0.355140
0.439252
0.383178
0.336449
0.280374
0.317757
0.289720
0.299065
0.224299
0.355140
0.355140
0.523364
0.532710
0.532710
0.532710
0.401869
0.607477
0.457944
0.448598
0.383178
0.149533
0.411215
0.476636
0.420561
0.271028
0.242991
0.383178
0.373832
0.336449
0.271028
0.252336
0.308411
0.485981
0.327103
0.411215
0.186916
0.364486
0.392523
0.242991
0.467290
0.383178
0.448598
0.233645
0.056075
0.551402
0.233645
0.345794
0.439252
0.373832
0.401869
0.598131
0.485981
0.663551
0.196262
0.252336
0.411215
0.233645
0.467290
0.429907
0.373832
0.373832
0.476636
0.495327
0.663551
0.514019
0.467290
0.523364
0.588785
0.411215
0.514019
0.532710
0.859813
0.794393
0.448598
0.308411
0.392523
0.672897
0.822430
0.485981
0.392523
0.700935
0.523364
0.813084
0.579439
0.495327
0.411215
0.280374
0.289720
0.327103
0.280374
0.327103
0.523364
0.439252
0.598131
0.448598
0.364486
0.504673
0.327103
0.439252
0.467290
0.280374
0.448598
0.373832
0.476636
0.261682
0.224299
0.327103
0.168224
0.327103
0.355140
0.429907
0.327103
0.280374
0.233645
0.336449
0.196262
0.495327
0.532710
0.392523
0.448598
0.308411
0.317757
0.271028
0.588785
0.570093
0.299065
0.158879
0.411215
0.327103
0.411215
0.401869
0.588785
0.327103
0.383178
0.663551
0.299065
0.317757
0.635514
0.280374
0.364486
0.345794
0.401869
0.570093
0.261682
0.429907
0.373832
0.233645
0.177570
0.383178
0.457944
0.392523
0.420561
0.158879
0.280374
0.691589
0.551402
0.420561
0.439252
0.476636
0.560748
0.411215
0.542056
0.579439
0.551402
0.560748
0.467290
0.766355
0.542056
0.878505
0.598131
0.485981
0.635514
0.439252
0.392523
0.542056
0.271028
0.439252
0.355140
0.439252
0.457944
0.439252
0.355140
0.355140
0.411215
0.476636
0.504673
0.383178
0.280374
0.560748
0.317757
0.420561
0.383178
0.196262
0.392523
0.355140
0.289720
0.252336
0.439252
0.364486
0.411215
0.476636
0.401869
0.205607
0.271028
0.102804
0.345794
0.214953
0.420561
0.551402
0.485981
0.364486
0.093458
0.476636
0.364486
0.401869
0.158879
0.495327
0.205607
0.205607
0.308411
0.299065
0.364486
0.065421
0.495327
0.476636
0.345794
0.392523
0.542056
0.196262
0.205607
0.224299
0.542056
0.336449
0.327103
0.392523
0.514019
0.373832
0.616822
0.401869
0.327103
0.411215
0.364486
0.635514
0.308411
0.224299
0.289720
0.429907
0.467290
0.224299
0.373832
0.383178
0.719626
0.327103
0.485981
0.570093
0.700935
0.738318
0.672897
0.710280
0.672897
0.401869
0.663551
0.289720
0.551402
0.532710
0.439252
0.504673
0.551402
0.457944
0.261682
0.532710
0.457944
0.261682
0.336449
0.383178
0.327103
0.355140
0.495327
0.663551
0.429907
0.252336
0.373832
0.280374
0.280374
0.261682
0.299065
0.401869
0.168224
0.373832
0.308411
0.252336
0.439252
0.579439
0.336449
0.186916
0.336449
0.299065
0.327103
0.289720
0.457944
0.327103
0.551402
0.345794
0.542056
0.252336
0.317757
0.373832
0.261682
0.383178
0.429907
0.570093
0.327103
0.233645
0.355140
0.261682
0.196262
0.158879
0.271028
0.355140
0.345794
0.317757
0.299065
0.383178
0.476636
0.224299
0.523364
0.149533
0.373832
0.485981
0.457944
0.420561
0.364486
0.420561
0.308411
0.710280
0.504673
0.429907
0.373832
0.411215
0.551402
0.289720
0.448598
0.551402
0.439252
0.317757
0.532710
0.411215
0.523364
0.822430
0.411215
0.401869
0.177570
0.672897
0.383178
0.626168
0.289720
0.411215
0.560748
0.485981
0.429907
0.532710
0.467290
0.485981
0.355140
0.560748
0.420561
0.327103
0.467290
0.299065
0.121495
0.186916
0.093458
0.345794
0.439252
0.345794
0.336449
0.205607
0.364486
0.420561
0.336449
0.271028
0.364486
0.710280
0.485981
0.420561
0.411215
0.177570
0.392523
0.336449
0.467290
0.317757
0.280374
0.476636
0.130841
0.345794
0.299065
0.299065
0.364486
0.373832
0.429907
0.448598
0.392523
0.308411
0.271028
0.373832
0.336449
0.439252
0.336449
0.168224
0.186916
0.205607
0.299065
0.112150
0.289720
0.383178
0.261682
0.186916
0.252336
0.485981
0.448598
0.242991
0.504673
0.373832
0.271028
0.485981
0.177570
0.317757
0.233645
0.317757
0.420561
0.420561
0.289720
0.299065
0.364486
0.299065
0.401869
0.252336
0.429907
0.672897
0.635514
0.560748
0.345794
0.355140
0.364486
0.542056
0.401869
0.429907
0.532710
0.841121
0.663551
0.383178
0.542056
0.570093
0.485981
0.570093
0.467290
0.205607
0.607477
0.635514
0.196262
0.467290
0.327103
0.495327
0.560748
0.644860
0.345794
0.299065
0.289720
0.317757
0.177570
0.392523
0.495327
0.588785
0.345794
0.336449
0.140187
0.448598
0.364486
0.542056
0.224299
0.345794
0.280374
0.345794
0.271028
0.336449
0.401869
0.420561
0.429907
0.168224
0.439252
0.224299
0.336449
0.336449
0.345794
0.196262
0.336449
0.261682
0.383178
0.439252
0.271028
0.280374
0.299065
0.308411
0.214953
0.214953
0.383178
0.467290
0.429907
0.280374
0.355140
0.317757
0.383178
0.485981
0.233645
0.271028
0.271028
0.308411
0.242991
0.383178
0.551402
0.289720
0.392523
0.224299
0.411215
0.504673
0.644860
0.607477
0.196262
0.682243
0.392523
0.570093
0.626168
0.560748
0.897196
0.551402
0.514019
0.663551
0.728972
0.317757
0.523364
0.644860
0.551402
0.560748
0.401869
0.476636
0.439252
0.308411
0.383178
0.373832
0.467290
0.214953
0.579439
0.345794
0.401869
0.542056
0.308411
0.457944
0.289720
0.373832
0.420561
0.439252
0.345794
0.439252
0.420561
0.299065
0.233645
0.205607
0.504673
0.261682
0.168224
0.364486
0.420561
0.355140
0.467290
0.271028
0.233645
0.242991
0.364486
0.448598
0.196262
0.186916
0.457944
0.523364
0.327103
0.373832
0.271028
0.551402
0.457944
0.327103
0.345794
0.224299
0.392523
0.439252
0.233645
0.420561
0.271028
0.383178
0.691589
0.224299
0.186916
0.102804
0.308411
0.401869
0.289720
0.308411
0.392523
0.224299
0.177570
0.401869
0.149533
0.205607
0.467290
0.242991
0.429907
0.327103
0.242991
0.392523
0.299065
0.560748
0.401869
0.112150
0.448598
0.626168
0.196262
0.280374
0.336449
0.467290
0.523364
0.495327
0.411215
0.345794
0.252336
0.738318
0.355140
0.336449
0.514019
0.327103
0.794393
0.411215
0.429907
0.271028
0.551402
0.317757
0.336449
0.570093
0.850467
0.224299
0.411215
0.289720
0.327103
0.355140
0.271028
0.205607
0.289720
0.523364
0.373832
0.383178
0.570093
0.373832
0.579439
0.299065
0.205607
0.607477
0.495327
0.299065
0.355140
0.383178
0.420561
0.112150
0.336449
0.177570
0.233645
0.289720
0.289720
0.364486
0.317757
0.392523
0.383178
0.570093
0.336449
0.429907
0.261682
0.495327
0.214953
0.383178
0.439252
0.411215
0.467290
0.336449
0.271028
0.355140
0.233645
0.411215
0.392523
0.327103
0.308411
0.327103
0.598131
0.654206
0.214953
0.392523
0.457944
0.485981
0.467290
0.280374
0.411215
0.299065
0.327103
0.635514
0.654206
0.364486
0.457944
0.289720
0.392523
0.570093
0.429907
0.401869
0.345794
0.485981
0.476636
0.476636
0.289720
0.420561
0.635514
0.532710
0.495327
0.429907
0.252336
0.588785
0.504673
0.373832
0.336449
0.121495
0.439252
0.373832
0.186916
0.467290
0.383178
0.448598
0.598131
0.373832
0.327103
0.495327
0.401869
0.345794
0.252336
0.168224
0.476636
0.261682
0.355140
0.242991
0.429907
0.364486
0.457944
0.261682
0.289720
0.271028
0.448598
0.224299
0.532710
0.308411
0.018692
0.532710
0.177570
0.242991
0.364486
0.457944
0.289720
0.345794
0.242991
0.457944
0.560748
0.289720
0.392523
0.439252
0.205607
0.551402
0.383178
0.308411
0.261682
0.252336
0.299065
0.420561
0.224299
0.299065
0.355140
0.420561
0.485981
0.168224
0.308411
0.364486
0.271028
0.308411
0.401869
0.392523
0.280374
0.364486
0.327103
0.411215
0.308411
0.345794
0.448598
0.280374
0.448598
0.747664
0.420561
0.345794
0.532710
0.560748
0.523364
1.000000
0.345794
0.420561
0.495327
0.411215
0.476636
0.514019
0.439252
0.327103
0.308411
0.261682
0.457944
0.308411
0.327103
0.560748
0.345794
0.411215
0.607477
0.401869
0.401869
0.373832
0.448598
0.485981
0.542056
0.177570
0.439252
0.392523
0.467290
0.401869
0.345794
0.448598
0.280374
0.383178
0.242991
0.439252
0.373832
0.214953
0.233645
0.373832
0.233645
0.280374
0.327103
0.261682
0.280374
0.233645
0.149533
0.355140
0.327103
0.485981
0.336449
0.514019
0.168224
0.252336
0.429907
0.336449
0.224299
0.504673
0.383178
0.579439
0.177570
0.485981
0.168224
0.242991
0.373832
0.233645
0.560748
0.130841
0.317757
0.196262
0.373832
0.299065
0.214953
0.299065
0.392523
0.439252
0.551402
0.242991
0.616822
0.598131
0.383178
0.429907
0.392523
0.485981
0.448598
0.439252
0.401869
0.476636
0.551402
0.514019
0.616822
0.485981
0.280374
0.336449
0.514019
0.532710
0.242991
0.289720
0.383178
0.308411
0.439252
0.411215
0.523364
0.383178
0.317757
0.289720
0.308411
0.336449
0.299065
0.233645
0.635514
0.327103
0.280374
0.345794
0.448598
0.373832
0.158879
0.373832
0.233645
0.196262
0.467290
0.373832
0.364486
0.401869
0.242991
0.476636
0.345794
0.504673
0.542056
0.411215
0.420561
0.355140
0.542056
0.214953
0.168224
0.345794
0.467290
0.327103
0.327103
0.280374
0.289720
0.514019
0.401869
0.654206
0.186916
0.364486
0.299065
0.439252
0.420561
0.018692
0.345794
0.457944
0.205607
0.401869
0.158879
0.186916
0.242991
0.224299
0.177570
0.719626
0.411215
0.411215
0.514019
0.252336
0.420561
0.205607
0.299065
0.280374
0.467290
0.252336
0.364486
0.355140
0.345794
0.252336
0.317757
0.327103
0.271028
0.336449
0.242991
0.401869
0.785047
0.476636
0.327103
0.495327
0.719626
0.336449
0.775701
0.383178
0.336449
0.364486
0.429907
0.476636
0.532710
0.149533
0.392523
0.457944
0.280374
0.448598
0.224299
