0.063333
0.026667
0.080000
0.086667
0.040000
0.060000
0.130000
0.066667
0.060000
0.070000
0.043333
0.030000
0.016667
0.006667
0.020000
0.106667
0.066667
0.050000
0.116667
0.080000
0.036667
0.056667
0.056667
0.066667
0.093333
0.073333
0.060000
0.100000
0.090000
0.036667
0.086667
0.026667
0.060000
0.036667
0.013333
0.050000
0.026667
0.053333
0.033333
0.070000
0.036667
0.043333
0.026667
0.076667
0.010000
0.043333
0.060000
0.056667
0.063333
0.040000
0.040000
0.096667
0.076667
0.013333
0.076667
0.063333
0.050000
0.073333
0.036667
0.040000
0.063333
0.016667
0.030000
0.030000
0.063333
0.056667
0.003333
0.053333
0.073333
0.093333
0.170000
0.146667
0.036667
0.073333
0.020000
0.076667
0.050000
0.050000
0.130000
0.063333
0.083333
0.023333
0.073333
0.060000
0.063333
0.076667
0.126667
0.120000
0.060000
0.060000
0.083333
0.026667
0.043333
0.070000
0.083333
0.106667
0.093333
0.093333
0.053333
0.006667
0.013333
0.080000
0.013333
0.100000
0.106667
0.103333
0.076667
0.006667
0.083333
0.013333
0.103333
0.046667
0.120000
0.030000
0.060000
0.000000
0.043333
0.393333
0.710000
0.166667
0.150000
0.096667
0.030000
0.050000
0.066667
0.010000
0.020000
0.053333
0.000000
0.020000
0.083333
0.076667
0.103333
0.073333
0.060000
0.056667
0.056667
0.053333
0.050000
0.106667
0.026667
0.070000
0.036667
0.036667
0.050000
0.063333
0.066667
0.030000
0.070000
0.023333
0.043333
0.013333
0.080000
0.053333
0.040000
0.080000
0.013333
0.046667
0.016667
0.066667
0.430000
0.426667
0.273333
0.140000
0.076667
0.570000
0.260000
0.016667
0.053333
0.030000
0.056667
0.063333
0.050000
0.080000
0.056667
0.086667
0.080000
0.090000
0.050000
0.100000
0.080000
0.040000
0.030000
0.040000
0.040000
0.056667
0.083333
0.050000
0.080000
0.066667
0.086667
0.066667
0.013333
0.026667
0.056667
0.030000
0.033333
0.026667
0.143333
0.033333
0.073333
0.100000
0.070000
0.070000
0.003333
0.116667
0.313333
0.280000
0.153333
0.036667
0.036667
0.100000
0.076667
0.060000
0.110000
0.476667
0.333333
0.193333
0.133333
0.016667
0.040000
0.056667
0.013333
0.083333
0.053333
0.013333
0.150000
0.083333
0.056667
0.036667
0.113333
0.086667
0.083333
0.056667
0.070000
0.036667
0.060000
0.043333
0.053333
0.050000
0.090000
0.033333
0.050000
0.073333
0.056667
0.070000
0.143333
0.273333
0.183333
0.133333
0.086667
0.080000
0.093333
0.060000
0.026667
0.110000
0.063333
0.243333
0.460000
0.113333
0.086667
0.033333
0.000000
0.040000
0.063333
0.256667
1.000000
0.630000
0.170000
0.020000
0.123333
0.063333
0.093333
0.106667
0.053333
0.040000
0.063333
0.006667
0.053333
0.033333
0.070000
0.020000
0.050000
0.033333
0.056667
0.056667
0.133333
0.083333
0.116667
0.113333
0.013333
0.090000
0.040000
0.050000
0.096667
0.040000
0.043333
0.013333
0.070000
0.143333
0.020000
0.266667
0.080000
0.000000
0.026667
0.040000
0.053333
0.063333
0.196667
0.283333
0.193333
0.153333
0.063333
0.026667
0.023333
0.040000
0.030000
0.166667
0.030000
0.033333
0.186667
0.116667
0.056667
0.046667
0.036667
0.033333
0.060000
0.070000
0.016667
0.020000
0.083333
0.023333
0.066667
0.096667
0.033333
0.073333
0.040000
0.056667
0.100000
0.073333
0.036667
0.026667
0.010000
0.056667
0.046667
0.053333
0.056667
0.053333
0.010000
0.040000
0.033333
0.076667
0.136667
0.123333
0.053333
0.023333
0.066667
0.023333
0.056667
0.070000
0.113333
0.033333
0.080000
0.030000
0.070000
0.026667
0.053333
0.050000
0.080000
0.063333
0.043333
0.076667
0.050000
0.073333
0.056667
0.080000
0.050000
0.086667
0.070000
0.020000
0.133333
0.023333
0.113333
0.110000
0.050000
0.063333
0.016667
0.090000
0.046667
0.036667
0.023333
0.076667
0.010000
0.040000
0.046667
0.136667
0.063333
0.070000
0.016667
0.036667
0.006667
0.066667
0.080000
0.000000
0.090000
0.066667
0.030000
0.056667
0.060000
0.056667
0.046667
0.063333
0.046667
0.100000
0.043333
0.083333
0.076667
0.036667
0.056667
0.030000
0.033333
0.050000
0.016667
0.096667
0.026667
0.033333
0.060000
0.060000
0.056667
0.063333
0.056667
0.036667
0.036667
0.030000
0.010000
0.070000
0.046667
0.076667
0.030000
0.050000
0.030000
0.050000
0.020000
0.020000
0.070000
0.080000
0.136667
0.023333
0.043333
0.093333
0.046667
0.056667
0.040000
0.093333
0.126667
0.060000
0.020000
0.016667
0.013333
0.020000
0.023333
0.046667
0.120000
0.043333
0.126667
0.116667
0.043333
0.033333
0.076667
0.046667
0.033333
0.050000
0.033333
0.050000
0.123333
0.056667
0.056667
0.133333
0.063333
0.030000
0.130000
0.023333
0.063333
0.100000
0.080000
0.030000
0.086667
0.080000
0.066667
0.023333
0.016667
0.000000
0.060000
0.056667
0.043333
0.013333
0.053333
0.030000
0.043333
0.020000
0.080000
0.093333
0.030000
0.053333
0.033333
0.020000
0.036667
0.010000
0.060000
0.073333
0.040000
0.093333
0.063333
0.036667
0.070000
0.023333
0.046667
0.060000
0.026667
0.080000
0.036667
0.066667
0.073333
0.003333
0.056667
0.040000
0.036667
0.036667
0.116667
0.180000
0.023333
0.053333
0.000000
0.023333
0.073333
0.016667
0.086667
0.000000
0.050000
0.046667
0.040000
0.000000
0.080000
0.013333
0.046667
0.090000
0.063333
0.063333
0.113333
0.026667
0.033333
0.006667
0.030000
0.100000
0.056667
0.000000
0.053333
0.013333
0.083333
0.046667
0.050000
0.063333
0.066667
0.046667
0.053333
0.096667
0.046667
0.033333
0.100000
0.050000
0.050000
0.070000
0.000000
0.056667
0.080000
0.000000
0.000000
0.140000
0.053333
0.066667
0.010000
0.056667
0.053333
0.026667
0.023333
0.056667
0.070000
0.060000
0.073333
0.033333
0.023333
0.013333
0.063333
0.076667
0.013333
0.040000
0.063333
0.056667
0.030000
0.033333
0.023333
0.056667
0.043333
0.043333
0.016667
0.026667
0.050000
0.056667
0.070000
0.023333
0.083333
0.026667
0.060000
0.030000
0.030000
0.023333
0.050000
0.020000
0.016667
0.043333
0.053333
0.056667
0.093333
0.013333
0.023333
0.010000
0.106667
0.080000
0.026667
0.013333
0.080000
0.026667
0.076667
0.080000
0.053333
0.053333
0.030000
0.040000
0.040000
0.066667
0.026667
0.030000
0.046667
0.083333
0.076667
0.066667
0.006667
0.090000
0.063333
0.020000
0.090000
0.053333
0.033333
0.026667
0.040000
0.093333
0.060000
0.036667
0.103333
0.040000
0.043333
0.043333
0.080000
0.053333
0.086667
0.036667
0.040000
0.020000
0.066667
0.043333
0.063333
0.093333
0.116667
0.093333
0.060000
0.036667
0.033333
0.053333
0.066667
0.043333
0.033333
0.016667
0.046667
0.086667
0.070000
0.083333
0.013333
0.070000
0.063333
0.073333
0.053333
0.080000
0.000000
0.060000
0.090000
0.040000
0.123333
0.033333
0.046667
0.026667
0.016667
0.080000
0.013333
0.036667
0.026667
0.030000
0.043333
0.036667
0.046667
0.043333
0.050000
0.036667
0.013333
0.036667
0.066667
0.060000
0.113333
0.103333
0.033333
0.003333
0.053333
0.050000
0.056667
0.023333
0.080000
0.056667
0.066667
0.036667
0.030000
0.030000
0.016667
0.013333
0.100000
0.076667
0.050000
0.000000
0.083333
0.066667
0.123333
0.036667
0.073333
0.033333
0.110000
0.050000
0.066667
0.063333
0.076667
0.030000
0.050000
0.083333
0.036667
0.103333
0.090000
0.053333
0.013333
0.110000
0.073333
0.100000
0.070000
0.080000
0.103333
0.053333
0.073333
0.010000
0.016667
0.083333
0.033333
0.056667
0.000000
0.043333
0.066667
0.070000
0.113333
0.320000
0.506667
0.133333
0.023333
0.040000
0.063333
0.106667
0.023333
0.056667
0.026667
0.053333
0.023333
0.086667
0.053333
0.036667
0.036667
0.033333
0.043333
0.063333
0.086667
0.116667
0.073333
0.040000
0.060000
0.036667
0.040000
0.036667
0.056667
0.040000
0.020000
0.086667
0.016667
0.093333
0.043333
0.013333
0.020000
0.090000
0.006667
0.066667
0.030000
0.043333
0.020000
0.026667
0.030000
0.093333
0.083333
0.450000
0.463333
0.060000
0.020000
0.056667
0.080000
0.046667
0.023333
0.016667
0.063333
0.063333
0.000000
0.036667
0.113333
0.086667
0.150000
0.050000
0.053333
0.030000
0.086667
0.050000
0.120000
0.036667
0.043333
0.086667
0.126667
0.090000
0.120000
0.050000
0.040000
0.070000
0.053333
0.050000
0.076667
0.060000
0.080000
0.016667
0.013333
0.023333
0.003333
0.076667
0.000000
0.083333
0.073333
0.050000
0.040000
0.063333
0.073333
0.056667
0.350000
0.156667
0.086667
0.070000
0.066667
0.026667
0.036667
0.023333
0.020000
0.076667
0.063333
0.073333
0.043333
0.066667
0.050000
0.113333
0.010000
0.043333
0.013333
0.056667
0.060000
0.020000
0.046667
0.050000
0.050000
0.060000
0.076667
0.043333
0.016667
0.046667
0.036667
0.130000
0.160000
0.100000
0.026667
0.026667
0.050000
0.063333
0.023333
0.073333
0.050000
0.050000
0.026667
0.053333
0.106667
0.040000
0.050000
0.083333
0.160000
0.063333
0.096667
0.143333
0.216667
0.103333
0.076667
0.033333
0.036667
0.110000
0.076667
0.036667
0.043333
0.040000
0.036667
0.073333
0.050000
0.006667
0.063333
0.056667
0.070000
0.100000
0.060000
0.010000
0.046667
0.100000
0.026667
0.050000
0.050000
0.113333
0.076667
0.036667
0.110000
0.000000
0.026667
0.056667
0.023333
0.033333
0.056667
0.283333
0.533333
0.426667
0.173333
0.283333
0.320000
0.050000
0.043333
0.003333
0.050000
0.030000
0.050000
0.046667
0.046667
0.076667
0.076667
0.096667
0.003333
0.053333
0.050000
0.126667
0.113333
0.023333
0.060000
0.026667
0.050000
0.080000
0.056667
0.046667
0.096667
0.040000
0.010000
0.066667
0.023333
0.030000
0.040000
0.026667
0.030000
0.083333
0.016667
0.026667
0.050000
0.046667
0.043333
0.023333
0.100000
0.050000
0.056667
0.026667
0.033333
0.000000
0.043333
0.013333
0.043333
0.076667
0.320000
0.366667
0.246667
0.183333
0.250000
0.030000
0.080000
0.053333
0.043333
0.036667
0.006667
0.060000
0.056667
0.036667
0.083333
0.000000
0.046667
0.086667
0.080000
0.060000
0.023333
0.110000
0.043333
0.060000
0.076667
0.016667
0.063333
0.046667
0.050000
0.020000
0.053333
0.113333
0.080000
0.023333
0.033333
0.050000
0.083333
0.110000
0.056667
0.003333
0.120000
0.073333
0.043333
0.016667
0.060000
0.056667
0.073333
0.113333
0.066667
0.006667
0.040000
0.090000
0.093333
0.096667
0.130000
0.020000
0.056667
0.026667
0.033333
0.040000
0.046667
0.060000
0.046667
0.086667
0.080000
0.006667
0.046667
0.006667
0.103333
0.053333
0.053333
0.060000
0.043333
0.063333
0.030000
0.066667
0.066667
0.050000
0.040000
0.030000
0.026667
0.040000
0.073333
0.060000
0.063333
0.036667
0.086667
0.056667
0.080000
0.033333
0.026667
0.090000
0.040000
0.090000
0.006667
0.086667
0.053333
0.040000
0.023333
0.066667
0.060000
0.050000
0.046667
0.046667
0.060000
0.030000
0.076667
0.030000
0.030000
0.006667
0.066667
0.106667
0.033333
0.120000
0.063333
0.063333
0.053333
0.016667
0.026667
0.040000
0.036667
0.063333
0.050000
0.080000
0.043333
0.033333
0.033333
0.106667
0.080000
0.043333
0.150000
0.053333
0.113333
0.080000
0.023333
0.000000
0.050000
0.073333
0.076667
0.043333
0.000000
0.030000
0.020000
0.053333
0.026667
0.016667
0.076667
0.060000
0.046667
0.050000
0.056667
0.086667
0.083333
0.020000
0.036667
0.043333
0.013333
0.103333
0.063333
0.046667
0.073333
0.060000
0.063333
0.036667
0.043333
0.070000
0.033333
0.033333
0.023333
0.050000
0.040000
0.013333
0.060000
0.000000
0.066667
0.030000
0.023333
0.056667
0.030000
0.000000
0.010000
0.020000
0.026667
0.053333
0.060000
0.020000
0.040000
0.093333
0.073333
0.040000
0.100000
0.040000
0.086667
0.026667
0.080000
0.073333
0.043333
0.070000
0.056667
0.066667
0.043333
0.026667
0.010000
0.000000
0.033333
0.073333
0.043333
0.076667
0.020000
0.040000
0.000000
0.023333
0.053333
0.073333
0.116667
0.090000
0.066667
0.026667
0.106667
0.070000
0.053333
0.066667
0.056667
0.090000
0.033333
0.013333
0.116667
0.026667
0.050000
0.026667
0.050000
0.006667
0.043333
0.090000
0.013333
0.083333
0.036667
0.050000
0.086667
0.020000
0.050000
0.050000
0.026667
0.066667
0.040000
0.033333
0.040000
0.030000
0.060000
0.020000
0.063333
0.026667
0.006667
0.063333
0.043333
0.013333
0.036667
0.083333
0.050000
0.016667
0.030000
0.036667
0.020000
0.033333
0.020000
0.020000
0.010000
0.003333
0.073333
0.030000
0.030000
0.080000
0.033333
0.016667
0.046667
0.043333
0.050000
0.023333
0.073333
0.096667
0.076667
0.016667
0.126667
0.013333
0.026667
0.100000
0.030000
0.036667
0.036667
0.046667
0.053333
0.013333
0.050000
0.040000
0.070000
0.023333
0.056667
0.053333
0.016667
0.083333
0.036667
0.050000
0.000000
0.043333
