0.012648
0.011121
0.014066
0.012683
0.007887
0.012465
0.010693
0.011857
0.012154
0.013181
0.008493
0.012643
0.010743
0.011375
0.012712
0.008820
0.012768
0.010868
0.012475
0.009859
0.012216
0.011689
0.009481
0.012077
0.012384
0.011421
0.009820
0.010925
0.010547
0.013517
0.012269
0.012516
0.013922
0.011625
0.013174
0.011562
0.011398
0.012412
0.007037
0.009403
0.010454
0.011822
0.014090
0.010838
0.013729
0.012353
0.006389
0.012258
0.011635
0.013438
0.013372
0.013552
0.011620
0.007507
0.006934
0.012135
0.007774
0.012307
0.013662
0.008277
0.011086
0.012104
0.014057
0.013192
0.012048
0.007469
0.007241
0.012558
0.009385
0.005799
0.011996
0.011325
0.012042
0.012583
0.012511
0.012557
0.010781
0.012526
0.013204
0.006427
0.009721
0.011865
0.009602
0.008361
0.012549
0.013164
0.009242
0.020243
0.011551
0.010217
0.013898
0.010173
0.013243
0.011535
0.013203
0.012025
0.006262
0.007181
0.011762
0.012721
