0.003682
0.003630
0.003915
0.004036
0.003612
0.003895
0.003508
0.003536
0.003755
0.003772
0.003920
0.003976
0.002981
0.003832
0.003831
0.004132
0.004306
0.003610
0.004274
0.003861
0.003491
0.003294
0.004083
0.003550
0.003385
0.004127
0.003795
0.003499
0.003624
0.003777
0.003891
0.003702
0.004020
0.003965
0.003469
0.003436
0.003745
0.003883
0.004076
0.004018
0.003352
0.003032
0.003807
0.003522
0.003874
0.003281
0.004388
0.004283
0.003548
0.004031
0.004150
0.004077
0.003897
0.003902
0.003691
0.003762
0.004078
0.004078
0.003953
0.003853
0.004033
0.003898
0.003424
0.004248
0.004287
0.004305
0.004145
0.003925
0.004006
0.003346
0.003489
0.004082
0.003586
0.004028
0.003558
0.003401
0.003806
0.003640
0.003567
0.004058
0.004033
0.003528
0.003756
0.003885
0.003793
0.003790
0.003952
0.003737
0.003699
0.003855
0.004427
0.003888
0.003052
0.003140
0.003914
0.003417
0.003631
0.003748
0.004036
0.003900
