0.011610
0.009579
0.010958
0.010367
0.011876
0.008645
0.009063
0.014699
0.006057
0.019472
0.012470
0.016423
0.010655
0.014445
0.004473
0.008494
0.016520
0.008905
0.021037
0.008827
0.010836
0.011348
0.010199
0.013467
0.011901
0.011703
0.008936
0.011955
0.010533
0.011108
0.007111
0.013900
0.018904
0.012571
0.012249
0.011882
0.013702
0.009824
0.021171
0.007227
0.011444
0.011828
0.012014
0.007422
0.005279
0.010971
0.024217
0.025971
0.016140
0.011128
0.011795
0.008892
0.023869
0.011443
0.019091
0.010712
0.017411
0.004753
0.013938
0.008159
0.008153
0.008237
0.008286
0.011997
0.007975
0.006984
0.018074
0.019085
0.014068
0.011262
0.013158
0.011325
0.015186
0.017340
0.018787
0.010529
0.011117
0.009116
0.015440
0.005042
0.011180
0.009216
0.011602
0.021614
0.006843
0.006528
0.015678
0.011225
0.006102
0.017230
0.014527
0.014381
0.010082
0.018674
0.012974
0.017513
0.011388
0.014474
0.009972
0.009955
