0.001613
0.001433
0.001423
0.001218
0.001653
0.001567
0.001589
0.001412
0.001432
0.001767
0.001372
0.001321
0.001326
0.001516
0.001562
0.001432
0.001471
0.001594
0.001554
0.001587
0.001904
0.001722
0.001377
0.001630
0.001429
0.002064
0.001745
0.001460
0.001599
0.001473
0.001717
0.002267
0.001822
0.001659
0.001482
0.001778
0.001462
0.002011
0.001371
0.001496
0.001403
0.001362
0.001304
0.001223
0.001524
0.001738
0.001592
0.001817
0.001373
0.001858
0.001484
0.001571
0.001504
0.001536
0.001536
0.001708
0.001481
0.001528
0.001314
0.001603
0.001413
0.001610
0.001519
0.001355
0.001332
0.001218
0.001376
0.001491
0.001791
0.001597
0.001709
0.001579
0.002143
0.001634
0.001548
0.001599
0.001672
0.001606
0.001324
0.001716
0.001336
0.001447
0.001583
0.001283
0.001731
0.001289
0.001641
0.001250
0.001883
0.002259
0.001570
0.001223
0.001681
0.001457
0.001417
0.001399
0.001521
0.001267
0.001310
0.001815
