0.013578
0.005680
0.011666
0.005298
0.004524
0.016280
0.010482
0.015419
0.016238
0.004277
0.012400
0.005941
0.006757
0.017274
0.015308
0.004769
0.020257
0.007943
0.004861
0.017244
0.016327
0.006344
0.014181
0.004444
0.010285
0.013340
0.013215
0.013745
0.009481
0.021479
0.013021
0.015177
0.014677
0.012105
0.013187
0.012998
0.009427
0.011943
0.006056
0.013706
0.005445
0.018970
0.014067
0.008132
0.002570
0.004530
0.012705
0.005964
0.012156
0.005315
0.012463
0.006885
0.015761
0.011976
0.014660
0.009483
0.011828
0.012162
0.017423
0.013269
0.013729
0.008840
0.007880
0.019470
0.011726
0.005946
0.012393
0.008657
0.013503
0.008075
0.013481
0.004429
0.012146
0.012419
0.012751
0.008012
0.004098
0.015050
0.019253
0.013401
0.013820
0.003391
0.012039
0.015799
0.006144
0.013715
0.017488
0.013590
0.013783
0.012694
0.003667
0.014166
0.016880
0.011289
0.011735
0.019035
0.006049
0.008950
0.004821
0.007142
