0.030192
0.029200
0.021356
0.019574
0.020320
0.033054
0.023348
0.023184
0.023962
0.028266
0.031463
0.033888
0.030203
0.027084
0.033487
0.023637
0.025483
0.022864
0.040426
0.021417
0.029647
0.035372
0.031447
0.029320
0.049276
0.022838
0.023288
0.029539
0.023714
0.026131
0.029735
0.026265
0.035208
0.032617
0.033556
0.034388
0.032974
0.030475
0.032051
0.031562
0.016025
0.025688
0.023225
0.028754
0.020137
0.020777
0.024192
0.035755
0.032510
0.022168
0.028126
0.033056
0.031152
0.027225
0.023368
0.024392
0.027258
0.019531
0.024503
0.032657
0.020299
0.037390
0.025910
0.022695
0.026232
0.028410
0.033204
0.024659
0.028901
0.034439
0.032812
0.023800
0.017658
0.027125
0.026461
0.025088
0.030520
0.030815
0.014465
0.035133
0.026525
0.029833
0.022378
0.030889
0.022675
0.031653
0.037936
0.028529
0.026215
0.024050
0.026370
0.024947
0.025353
0.024749
0.022175
0.021699
0.037329
0.021106
0.022635
0.022489
