0.014031
0.013475
0.007290
0.013950
0.012038
0.015473
0.015195
0.017305
0.014016
0.008456
0.013062
0.007484
0.014547
0.015300
0.015107
0.009567
0.007380
0.012209
0.013634
0.005818
0.002859
0.013443
0.003308
0.013502
0.013700
0.013962
0.006624
0.012793
0.013223
0.005198
0.015616
0.005168
0.015056
0.015224
0.015098
0.013973
0.015015
0.007688
0.013538
0.014234
0.003381
0.013476
0.014075
0.014339
0.005104
0.014868
0.012954
0.008317
0.013872
0.012277
0.017303
0.003407
0.002627
0.013534
0.009295
0.004179
0.002661
0.004682
0.014108
0.016890
0.006755
0.013403
0.023881
0.015348
0.012514
0.015415
0.030125
0.013490
0.003288
0.005177
0.013337
0.003754
0.009748
0.014142
0.013194
0.005989
0.016209
0.013448
0.019329
0.002419
0.005600
0.028831
0.009864
0.004831
0.014937
0.013397
0.003709
0.013508
0.012641
0.005770
0.013505
0.013813
0.015151
0.013951
0.014191
0.013483
0.007640
0.013306
0.014088
0.012440
