0.028112
0.028779
0.042008
0.036932
0.033715
0.033470
0.029410
0.027147
0.042900
0.031712
0.036440
0.028868
0.029579
0.027680
0.033060
0.033811
0.035827
0.030791
0.029870
0.032549
0.038092
0.029235
0.038066
0.048227
0.036876
0.034831
0.033589
0.031114
0.036187
0.047355
0.031698
0.032444
0.036938
0.038158
0.047966
0.027011
0.043748
0.038789
0.041149
0.032587
0.033213
0.038842
0.035240
0.028111
0.027470
0.024644
0.031261
0.035365
0.049081
0.028090
0.028847
0.032517
0.031115
0.028003
0.040327
0.042062
0.040475
0.028317
0.044886
0.031809
0.045004
0.033468
0.032375
0.040117
0.031109
0.033842
0.025920
0.028780
0.035876
0.030535
0.038920
0.041288
0.039843
0.024590
0.045964
0.032773
0.033553
0.035445
0.032080
0.030565
0.038978
0.036410
0.032271
0.032480
0.029152
0.030930
0.035122
0.036321
0.031416
0.041899
0.031504
0.030402
0.026908
0.040545
0.031983
0.032727
0.039695
0.033380
0.026301
0.028752
