0.027056
0.030239
0.026781
0.009476
0.020576
0.025056
0.022029
0.021932
0.014916
0.017895
0.032346
0.019597
0.021273
0.013014
0.024545
0.016705
0.021808
0.018968
0.021020
0.024624
0.023186
0.027645
0.012909
0.019671
0.027603
0.011841
0.011101
0.022009
0.022411
0.032555
0.029091
0.023601
0.015521
0.023950
0.029385
0.023628
0.024322
0.026915
0.017846
0.021478
0.023283
0.020554
0.027335
0.020803
0.018463
0.020229
0.023310
0.009766
0.022117
0.014374
0.023175
0.012121
0.012635
0.019378
0.015140
0.017861
0.017754
0.025233
0.028419
0.017515
0.011534
0.016863
0.029299
0.010788
0.030667
0.026146
0.010714
0.017846
0.016462
0.022705
0.024653
0.024295
0.011449
0.024663
0.022090
0.023020
0.020715
0.020952
0.026257
0.015897
0.019659
0.013072
0.027172
0.017924
0.033814
0.019011
0.026868
0.019277
0.024816
0.019706
0.019610
0.020712
0.009792
0.028548
0.024681
0.018736
0.008759
0.019352
0.029252
0.007126
