0.370071
0.125488
0.149615
0.191812
0.139815
0.156309
0.330989
0.250575
0.097026
0.154958
0.067071
0.093273
0.125011
0.236853
0.085299
0.293909
0.041669
0.563043
0.554620
0.354199
0.160055
0.550261
0.190625
0.290809
0.250608
0.299171
0.185648
0.193348
0.095772
0.333246
0.412371
0.316576
0.363395
0.480806
0.485707
0.090498
0.100677
0.213339
0.486462
0.574010
0.121542
0.127315
0.099975
0.182478
0.241434
0.271534
0.485377
0.136777
0.605073
0.143956
0.109035
0.091236
0.179591
0.385842
0.379328
0.522387
0.360596
0.150986
0.150778
0.065589
0.209566
0.104708
0.520161
0.067077
0.241842
0.206082
0.081605
0.140473
0.060852
0.235542
0.094518
0.258049
0.063873
0.485639
0.048291
0.082290
0.181984
0.121988
0.428137
0.087424
0.124949
0.421896
0.205499
0.089709
0.245359
0.079898
0.140887
0.414953
0.559956
0.084209
0.105441
0.114612
0.096743
0.065207
0.470537
0.298879
0.064118
0.126070
0.286849
0.288795
