0.079295
0.137558
0.132279
0.139934
0.357264
0.106102
0.153438
0.269544
0.244044
0.360113
0.232033
0.213472
0.230665
0.212921
0.084312
0.186661
0.132892
0.112985
0.473313
0.272952
0.108955
0.429003
0.270736
0.356647
0.054507
0.320253
0.368563
0.274611
0.097005
0.147459
0.088194
0.240454
0.167433
0.440367
0.163281
0.136169
0.227971
0.123611
0.324858
0.126883
0.233244
0.061627
0.090724
0.299405
0.123905
0.088787
0.121489
0.289367
0.101732
0.046843
0.394258
0.260693
0.273411
0.142823
0.064358
0.381327
0.077743
0.292390
0.106663
0.330745
0.352029
0.088526
0.411050
0.402806
0.111724
0.177429
0.052254
0.069855
0.408294
0.153463
0.197254
0.097276
0.432577
0.439729
0.074403
0.065288
0.101659
0.284472
0.338191
0.181708
0.145212
0.140946
0.077093
0.259798
0.148137
0.364437
0.193098
0.325481
0.065729
0.374804
0.073296
0.126179
0.238716
0.077059
0.485007
0.430402
0.156890
0.094654
0.202115
0.079428
