0.091083
0.192419
0.109302
0.108602
0.558340
0.252040
0.335021
0.335439
0.407600
0.552621
0.296073
0.266657
0.326827
0.104728
0.457410
0.108603
0.060695
0.211248
0.120393
0.248850
0.173947
0.252368
0.321034
0.260106
0.144553
0.077988
0.122758
0.197447
0.459130
0.292835
0.428638
0.118956
0.299982
0.496184
0.512347
0.081324
0.385908
0.189824
0.287553
0.430892
0.412268
0.080358
0.099493
0.392388
0.599581
0.504080
0.463599
0.128116
0.143577
0.479071
0.085824
0.094501
0.111182
0.070646
0.130447
0.139798
0.520414
0.473868
0.143045
0.072511
0.079399
0.082070
0.110651
0.090879
0.080617
0.316447
0.067250
0.091524
0.094380
0.130903
0.183856
0.248382
0.061269
0.666883
0.136447
0.108842
0.074765
0.246370
0.551510
0.117480
0.330566
0.384252
0.563837
0.123920
0.206183
0.542202
0.223947
0.127156
0.095997
0.430454
0.110334
0.320564
0.088984
0.097382
0.091411
0.542346
0.214703
0.345649
0.471225
0.318434
