0.141655
0.104600
0.213132
0.119807
0.117479
0.083869
0.131892
0.152331
0.096867
0.104984
0.148417
0.099392
0.098000
0.070016
0.137121
0.076255
0.070434
0.091233
0.082016
0.091901
0.251851
0.159215
0.053065
0.149815
0.090751
0.215353
0.114436
0.129786
0.210802
0.125625
0.090533
0.144018
0.085654
0.162769
0.078774
0.087274
0.170538
0.168652
0.093105
0.093297
0.074449
0.074594
0.195474
0.083255
0.108402
0.112217
0.100058
0.154932
0.073211
0.093096
0.100650
0.083931
0.076205
0.105618
0.092362
0.222228
0.115956
0.087428
0.098238
0.209515
0.142406
0.150549
0.078004
0.066338
0.137125
0.167192
0.239062
0.168457
0.137565
0.067006
0.255140
0.083804
0.120530
0.104451
0.096412
0.122000
0.068297
0.145116
0.140307
0.128735
0.086309
0.118626
0.223583
0.164281
0.122604
0.076200
0.095261
0.108135
0.127309
0.094014
0.131505
0.108585
0.123276
0.132294
0.109053
0.106871
0.129766
0.088030
0.119577
0.123987
