0.077448
0.275617
0.159454
0.161342
0.077075
0.108256
0.366828
0.305535
0.092309
0.370384
0.113002
0.114630
0.098413
0.225419
0.046777
0.256658
0.288942
0.272682
0.208562
0.054834
0.077373
0.388221
0.218300
0.242065
0.067156
0.161467
0.283335
0.364275
0.119954
0.155644
0.076219
0.214912
0.252210
0.194734
0.213124
0.069837
0.099410
0.147644
0.078144
0.421257
0.173943
0.447907
0.098797
0.229667
0.079103
0.166577
0.304014
0.091044
0.090265
0.150419
0.049023
0.203245
0.341023
0.488622
0.383658
0.099095
0.059102
0.062997
0.285492
0.315521
0.149105
0.062269
0.453775
0.237012
0.169644
0.202115
0.075736
0.092227
0.096039
0.251083
0.076385
0.419024
0.366322
0.310861
0.355018
0.321449
0.149286
0.146344
0.413071
0.272299
0.167576
0.342080
0.071916
0.451450
0.277784
0.255194
0.188892
0.176589
0.089096
0.242283
0.065369
0.169413
0.263401
0.109307
0.415773
0.073935
0.223193
0.154717
0.096541
0.231725
