773.978915
0.392205
0.016303
11.909553
440.712126
5.700597
1.268894
0.023706
1.850360
33.470652
106.482407
1.331864
42.851515
5.926431
1351804.112769
0.064197
4.782148
19.772676
0.017888
0.013489
20.155152
4.201847
0.041693
0.137714
0.075317
0.642252
343.123207
1767.291784
0.017647
12.150050
0.018412
0.023900
45.136169
0.241011
48.482776
0.036475
53.413032
83.601202
2.342805
2.911234
12.486629
0.079281
0.129029
344.380829
0.405919
9.330834
232.541149
94.650149
0.031331
5.837143
0.026900
50.521316
19896.514263
0.025492
0.145054
0.622579
0.016351
24.019470
0.057875
4.468079
467.496241
0.023873
0.016135
6.952068
2466.444639
0.020047
2.828537
0.066131
10.608694
687.921213
1.618453
127.799117
6.132629
595.888061
0.013021
0.027168
32.035411
0.023481
4.930479
171.783099
0.124722
0.274877
0.046407
241.217061
0.078976
1.679630
6289.068009
16.171115
2.335254
421.671443
0.094616
0.166119
0.106785
23.453179
2.491492
280.472006
0.021729
0.085898
7.831982
1.332433
