0.026230
0.045432
0.017917
0.026841
0.040286
0.011393
0.026757
0.050132
0.032039
0.036654
0.054980
0.039470
0.026865
0.025328
0.036231
0.046969
0.029470
0.025687
0.035482
0.039094
0.010967
0.013085
0.019924
0.020358
0.016658
0.048759
0.023140
0.049545
0.047885
0.016244
0.016546
0.031403
0.022461
0.026775
0.028653
0.022112
0.033498
0.021974
0.019232
0.014912
0.013143
0.053722
0.010598
0.016987
0.031976
0.017363
0.041751
0.022513
0.052036
0.022152
0.031413
0.018429
0.010456
0.033991
0.026498
0.019296
0.019399
0.019222
0.031376
0.011641
0.027030
0.046017
0.024826
0.031359
0.022888
0.014986
0.014326
0.038013
0.008465
0.014040
0.039414
0.025381
0.031829
0.021715
0.013789
0.013257
0.046339
0.016502
0.024349
0.014817
0.037320
0.018639
0.018197
0.024045
0.020288
0.019354
0.048338
0.015619
0.024354
0.025762
0.020134
0.037086
0.030628
0.034623
0.027900
0.043186
0.043374
0.022781
0.041532
0.017673
