0.001138
0.003318
0.003177
0.005581
0.030800
0.004486
0.004791
2.453542
0.002874
0.004616
0.001702
0.002365
0.006070
0.067098
727.697075
4.632475
0.003743
0.001448
0.002037
0.004394
0.007781
0.003226
0.003894
0.003756
0.001745
0.004672
0.002950
0.025082
0.008456
0.003918
0.003555
0.029927
0.003468
0.306431
0.003268
66.368183
0.013550
0.032794
0.005251
0.030982
0.032665
0.004367
0.978309
0.004581
0.001318
0.004867
0.003528
0.006431
0.002497
0.003330
0.030370
0.029720
0.001865
0.030408
0.228488
0.002553
0.030861
0.003299
0.003919
0.031861
269.973527
290.167454
0.004907
0.005435
0.030534
0.002384
0.003829
0.002478
0.031275
0.003629
0.002920
0.002164
0.004426
0.030819
0.001229
0.003132
0.004330
0.003889
0.002732
0.002763
0.008873
0.008112
0.003149
0.124273
0.002305
0.005265
0.002347
0.002281
0.002555
0.005374
0.084525
0.007219
0.203938
0.032433
0.034046
0.005063
0.029502
0.007406
0.056865
0.016573
