0.116371
0.113802
0.077307
0.103927
0.177162
0.134104
0.203809
0.071804
0.194880
0.080758
0.067171
0.085306
0.082591
0.052750
0.076082
0.112828
0.068432
0.130250
0.050706
0.076852
0.066613
0.063291
0.057393
0.122235
0.156546
0.057615
0.302086
0.136804
0.041662
0.228012
0.158981
0.107985
0.108487
0.169576
0.122182
0.096355
0.101533
0.141291
0.074699
0.096073
0.064079
0.104601
0.078392
0.098355
0.062685
0.054136
0.106531
0.083726
0.108873
0.098113
0.072428
0.115046
0.055889
0.064552
0.163849
0.119362
0.182103
0.145304
0.117350
0.073864
0.076662
0.041367
0.058835
0.088346
0.104691
0.082215
0.089089
0.176709
0.392961
0.118138
0.143725
0.078628
0.104857
0.121158
0.091473
0.069676
0.159771
0.098130
0.077285
0.171635
0.271154
0.078411
0.084051
0.103478
0.030638
0.060199
0.186667
0.109461
0.060150
0.136914
0.053027
0.085025
0.066396
0.052882
0.054834
0.146797
0.089524
0.098909
0.089697
0.136997
