0.005710
0.030306
0.037509
0.009289
0.010416
0.047285
0.034279
0.008382
0.016006
0.008645
0.004992
0.011212
0.027172
0.009481
0.007303
0.008652
0.006493
0.033657
0.008959
0.032488
0.013013
0.014410
0.010974
0.012852
0.009835
0.013081
0.008925
0.012674
0.032740
0.036458
0.005263
0.042585
0.033542
0.007974
0.066152
0.014168
0.005670
0.013787
0.028890
0.037915
0.037816
0.013577
0.020672
0.027263
0.008125
0.011342
0.032485
0.027763
0.010719
0.026910
0.011039
0.007790
0.024566
0.028677
0.034173
0.009775
0.033332
0.033083
0.024847
0.009281
0.009820
0.036006
0.036261
0.028565
0.013227
0.010281
0.008066
0.038611
0.011806
0.033839
0.036390
0.032786
0.010802
0.009299
0.011438
0.009818
0.013151
0.008980
0.034387
0.038342
0.024273
0.013377
0.031669
0.031375
0.009733
0.036541
0.057779
0.010454
0.011902
0.035594
0.006092
0.009573
0.017035
0.042725
0.039495
0.007750
0.012709
0.007284
0.027823
0.007223
