0.004134
0.017771
0.006000
0.010573
0.016160
0.004472
0.004215
0.007942
0.011319
0.005271
0.016339
0.002694
0.007210
0.016049
0.008262
0.006852
0.011087
0.004205
0.013450
0.004455
0.004341
0.010807
0.018768
0.021062
0.004203
0.020561
0.016561
0.017098
0.014378
0.015835
0.007822
0.006093
0.021393
0.003776
0.006639
0.008228
0.016953
0.004623
0.007194
0.009416
0.004774
0.006239
0.005093
0.017954
0.020306
0.004731
0.002785
0.004563
0.004933
0.016185
0.010051
0.004472
0.004959
0.015245
0.006156
0.016295
0.004406
0.004760
0.024022
0.003472
0.003769
0.015422
0.015843
0.014689
0.017018
0.014454
0.016257
0.018381
0.014906
0.008542
0.014060
0.004136
0.015157
0.009688
0.006219
0.015347
0.003737
0.008385
0.007451
0.006967
0.007803
0.004885
0.015185
0.005370
0.013200
0.014929
0.002945
0.010969
0.017421
0.018246
0.003888
0.005912
0.006304
0.016558
0.013078
0.005718
0.014086
0.008037
0.017467
0.003779
