0.022987
0.030731
0.034486
0.016360
0.027349
0.020504
0.035355
0.030013
0.026495
0.036849
0.014749
0.022303
0.031320
0.022453
0.035033
0.013176
0.023895
0.029636
0.023622
0.031316
0.029028
0.021750
0.020832
0.029188
0.042525
0.032174
0.018565
0.018850
0.021414
0.016173
0.022186
0.033809
0.027880
0.023315
0.020743
0.025397
0.035387
0.023909
0.041975
0.035901
0.029361
0.018277
0.031877
0.027351
0.033811
0.040366
0.043286
0.026707
0.025896
0.013937
0.027499
0.023874
0.025195
0.029007
0.037178
0.024920
0.024663
0.026888
0.023632
0.031858
0.034238
0.019019
0.026879
0.013204
0.036619
0.034613
0.014334
0.038976
0.034945
0.021039
0.050328
0.022358
0.028047
0.032501
0.041913
0.029822
0.034667
0.032455
0.023909
0.031451
0.027007
0.030720
0.015330
0.029222
0.033406
0.027771
0.016552
0.017888
0.029246
0.019729
0.025656
0.029546
0.029341
0.020605
0.037467
0.022095
0.026419
0.035552
0.025679
0.044062
