0.010032
0.006158
0.017197
0.016232
0.016978
0.019029
0.018415
0.006184
0.006489
0.016748
0.015264
0.018488
0.016407
0.017371
0.014045
0.006203
0.010651
0.019905
0.016207
0.017758
0.005425
0.003066
0.018141
0.018816
0.017125
0.011557
0.001983
0.016303
0.005862
0.009136
0.007745
0.015917
0.018822
0.011457
0.003786
0.004367
0.017278
0.009123
0.017451
0.006132
0.010173
0.007843
0.017875
0.003578
0.003146
0.003414
0.008962
0.006467
0.007272
0.003573
0.015292
0.022809
0.009680
0.016235
0.004058
0.016054
0.018040
0.003386
0.016944
0.017088
0.002140
0.003149
0.015931
0.003101
0.023021
0.017051
0.006748
0.016328
0.011240
0.016035
0.017884
0.010951
0.010398
0.017753
0.005441
0.012976
0.008010
0.018415
0.005805
0.007870
0.006632
0.012197
0.014636
0.010011
0.015365
0.001980
0.002951
0.016974
0.007442
0.002163
0.017609
0.010402
0.016774
0.015459
0.002500
0.002117
0.006503
0.003603
0.002170
0.016818
