0.035874
0.021183
0.026427
0.028613
0.032078
0.033351
0.022144
0.026359
0.043400
0.031772
0.033974
0.029375
0.028185
0.026247
0.027855
0.033053
0.034284
0.025506
0.028417
0.045722
0.036883
0.041836
0.035984
0.041135
0.030576
0.035747
0.039222
0.032721
0.034394
0.031436
0.024405
0.027906
0.036917
0.051391
0.027890
0.034585
0.029282
0.030340
0.028653
0.035568
0.039070
0.031461
0.029780
0.035515
0.039004
0.031422
0.031356
0.032772
0.032115
0.024573
0.028889
0.028542
0.025231
0.028896
0.024424
0.034637
0.021175
0.042989
0.042126
0.048752
0.032490
0.051820
0.032687
0.030143
0.029252
0.030250
0.029052
0.029645
0.045454
0.035897
0.031438
0.028541
0.039636
0.035611
0.029512
0.035252
0.029869
0.041807
0.031366
0.038091
0.038721
0.028598
0.033327
0.025444
0.033622
0.029314
0.034601
0.028611
0.027575
0.030099
0.036914
0.031997
0.027875
0.027234
0.033576
0.030395
0.037146
0.032618
0.023115
0.033231
