0.022540
0.008928
0.011570
0.014288
0.037300
0.032903
0.011338
0.012520
0.032989
0.023938
0.010962
0.024740
0.016510
0.010850
0.032843
0.023858
0.010199
0.014631
0.021817
0.021623
0.006979
0.020288
0.012698
0.036941
0.013840
0.012145
0.033181
0.028095
0.023062
0.019589
0.021255
0.008972
0.025809
0.032244
0.011548
0.021223
0.011250
0.035057
0.022204
0.021937
0.012052
0.012489
0.010789
0.030845
0.013203
0.011167
0.008686
0.024347
0.027386
0.018212
0.022179
0.020757
0.025619
0.020456
0.007829
0.027066
0.026835
0.021258
0.025896
0.023071
0.034829
0.010733
0.009196
0.023239
0.022234
0.012265
0.025783
0.011471
0.027960
0.032194
0.012450
0.012720
0.009965
0.018162
0.018052
0.009248
0.026224
0.016243
0.020561
0.026098
0.010194
0.028071
0.024185
0.026089
0.021980
0.020208
0.024132
0.033650
0.009374
0.021365
0.021717
0.021522
0.014461
0.029482
0.008406
0.021832
0.024795
0.024386
0.027461
0.010810
