0.010908
0.105982
0.008896
0.011738
0.030575
0.023894
0.020615
0.008728
0.012284
0.013281
0.036281
0.031200
0.006493
0.037118
0.010697
0.012139
0.026038
0.075629
0.035757
0.048339
0.016549
0.011479
0.040209
0.090375
0.022988
0.051898
0.030943
0.047243
0.029596
0.039431
0.044097
0.060437
0.094199
0.010794
0.024693
0.010938
0.029438
0.031630
0.011008
0.013552
0.010295
0.007714
0.039097
0.021279
0.053903
0.020041
0.043253
0.005482
0.012008
0.025163
0.010878
0.008875
0.035258
0.023788
0.027284
0.045939
0.009220
0.010636
0.034569
0.011126
0.013960
0.039893
0.060883
0.044726
0.086965
0.032524
0.017782
0.034104
0.077694
0.009080
0.021592
0.006242
0.026166
0.011172
0.006222
0.021736
0.009696
0.013524
0.011186
0.026017
0.039386
0.024364
0.049185
0.026477
0.015444
0.018860
0.027159
0.010245
0.099217
0.015368
0.007372
0.012901
0.014106
0.066650
0.023518
0.011514
0.015244
0.006972
0.058521
0.011375
