0.071490
0.065344
0.057446
0.042386
0.060025
0.047476
0.074601
0.050556
0.043081
0.045128
0.086178
0.063322
0.076545
0.057111
0.061616
0.045636
0.051713
0.046445
0.050059
0.056084
0.045793
0.045801
0.035181
0.076255
0.057946
0.045422
0.068227
0.045212
0.040088
0.055379
0.063009
0.064506
0.046513
0.072205
0.044915
0.049543
0.035386
0.082685
0.068749
0.046740
0.051384
0.071222
0.036389
0.110821
0.081811
0.054637
0.058218
0.049070
0.117508
0.090218
0.040647
0.060334
0.054609
0.052647
0.101761
0.057823
0.071675
0.030996
0.133359
0.043354
0.045031
0.063458
0.043932
0.067665
0.078719
0.058317
0.062511
0.063208
0.069897
0.029532
0.057597
0.039581
0.044771
0.228477
0.075051
0.114679
0.072098
0.065681
0.048907
0.048431
0.047676
0.062806
0.103458
0.054686
0.071640
0.033172
0.044330
0.041853
0.043097
0.043346
0.058524
0.093765
0.066697
0.082117
0.067856
0.046344
0.041387
0.056906
0.122897
0.170479
