0.024708
0.238690
0.097155
0.159320
0.091960
0.047576
0.046810
0.226082
0.080049
0.093302
0.205304
0.063879
0.176803
0.060361
0.034240
0.036249
0.026082
0.065961
0.075644
0.074318
0.005578
0.172847
0.090827
0.183843
0.101837
0.032444
0.162204
0.248214
0.020806
0.041658
0.031043
0.118726
0.057571
0.076304
0.299756
0.013436
0.062401
0.037751
0.157073
0.055345
0.030401
0.236410
0.053005
0.006507
0.304571
0.006241
0.021239
0.033738
0.025852
0.278723
0.084145
0.042737
0.142088
0.153134
0.188091
0.060272
0.078740
0.229333
0.107179
0.054483
0.005673
0.270633
0.113179
0.011384
0.035679
0.326426
0.092520
0.093706
0.141605
0.121303
0.138910
0.055204
0.035726
0.378461
0.163455
0.029557
0.032291
0.135275
0.025634
0.033511
0.014698
0.024494
0.038387
0.028735
0.036113
0.010701
0.101447
0.194753
0.021033
0.011278
0.091611
0.032522
0.066444
0.336492
0.062660
0.008265
0.014008
0.189443
0.049847
0.325306
