0.037382
0.027555
0.034472
0.035576
0.045910
0.036967
0.031554
0.035475
0.045279
0.035890
0.052115
0.048915
0.029938
0.036538
0.031418
0.041476
0.054551
0.031954
0.033559
0.054182
0.038889
0.058086
0.038076
0.043918
0.044080
0.040263
0.052903
0.046110
0.036622
0.031785
0.029543
0.028932
0.034242
0.054078
0.039973
0.053597
0.038722
0.042563
0.030212
0.060714
0.037031
0.059630
0.039741
0.064093
0.044465
0.033553
0.039920
0.032589
0.051714
0.021894
0.047926
0.035346
0.024055
0.037707
0.055503
0.041111
0.033032
0.055373
0.060440
0.051855
0.037524
0.060163
0.035089
0.040076
0.040502
0.040044
0.072224
0.040270
0.071707
0.035401
0.043469
0.037182
0.043283
0.054099
0.035143
0.042041
0.040486
0.056441
0.048096
0.050062
0.048761
0.046930
0.053111
0.040713
0.036450
0.046271
0.044554
0.040574
0.033562
0.040926
0.042998
0.036464
0.053892
0.042685
0.053315
0.039435
0.055051
0.033591
0.028798
0.055629
