0.037368
0.155596
0.049336
0.035534
0.055121
0.060058
0.037787
0.123486
0.090450
0.028027
0.038614
0.043335
0.029835
0.054334
0.087489
0.038240
0.055526
0.038592
0.043693
0.041640
0.012851
0.048338
0.055081
0.092516
0.054551
0.073270
0.190170
0.063377
0.043350
0.035212
0.048139
0.042068
0.049522
0.110186
0.129434
0.026241
0.074333
0.065833
0.115270
0.035567
0.066008
0.108501
0.040388
0.073793
0.123240
0.031173
0.017153
0.041037
0.035713
0.150562
0.062609
0.056600
0.044683
0.051807
0.037603
0.043237
0.036250
0.130311
0.040121
0.057957
0.062068
0.116778
0.045765
0.029358
0.045849
0.188673
0.037619
0.033058
0.052085
0.079235
0.073608
0.072163
0.032964
0.033286
0.063964
0.034533
0.032579
0.030832
0.036811
0.029463
0.055473
0.077481
0.035243
0.043047
0.049779
0.028608
0.035023
0.162992
0.043239
0.032563
0.038335
0.069363
0.040353
0.125133
0.031393
0.049981
0.058617
0.111783
0.042869
0.114329
