0.023224
0.029622
0.019467
0.023087
0.039546
0.022996
0.030474
0.018197
0.024630
0.021794
0.018235
0.023637
0.026161
0.022171
0.026831
0.022949
0.025424
0.036319
0.015719
0.018712
0.016769
0.019882
0.026416
0.018880
0.022921
0.026189
0.021605
0.021210
0.024434
0.026626
0.029275
0.036624
0.024015
0.019958
0.015798
0.044734
0.038868
0.026599
0.023000
0.037932
0.021967
0.027354
0.032729
0.019107
0.032786
0.038145
0.026899
0.011443
0.026352
0.026560
0.016962
0.020925
0.024534
0.021302
0.028275
0.036090
0.027720
0.025869
0.034233
0.055067
0.021457
0.020935
0.013558
0.022288
0.018824
0.031548
0.029212
0.022974
0.021551
0.016317
0.017181
0.025993
0.036722
0.021890
0.022184
0.025522
0.036114
0.020418
0.020880
0.012080
0.024740
0.029822
0.021442
0.023809
0.043068
0.014810
0.027635
0.023558
0.018406
0.029424
0.025028
0.025240
0.077804
0.029975
0.014754
0.023308
0.019868
0.027120
0.029686
0.020814
