0.044457
0.049284
0.052001
0.044727
0.051605
0.048467
0.051130
0.044809
0.054194
0.036665
0.051028
0.044172
0.042702
0.045814
0.050414
0.046673
0.050910
0.044719
0.042578
0.049787
0.048732
0.038866
0.054588
0.053032
0.036150
0.047379
0.052642
0.049038
0.045167
0.047848
0.048997
0.048071
0.042558
0.037243
0.038116
0.044560
0.044879
0.049148
0.052457
0.054635
0.049236
0.046146
0.050614
0.047882
0.052891
0.033769
0.049489
0.046487
0.049472
0.046429
0.050753
0.046719
0.037482
0.041600
0.049969
0.050284
0.042742
0.046062
0.046062
0.043267
0.051868
0.048411
0.053499
0.049344
0.049061
0.045123
0.044410
0.040445
0.044353
0.043706
0.049692
0.050755
0.047669
0.050474
0.052085
0.050349
0.043219
0.053088
0.043126
0.044682
0.051427
0.039995
0.050370
0.050653
0.043892
0.041309
0.053240
0.053145
0.047766
0.050457
0.044781
0.050069
0.045713
0.039755
0.049715
0.049105
0.045255
0.039476
0.049460
0.047902
