0.010744
0.002884
0.010518
0.003499
0.010018
0.011153
0.010208
0.011033
0.011196
0.011207
0.010582
0.003339
0.010124
0.011035
0.011074
0.010813
0.010304
0.010801
0.009139
0.010109
0.003351
0.003516
0.009952
0.010913
0.010843
0.010817
0.010975
0.010043
0.003609
0.011407
0.010537
0.003467
0.011181
0.010447
0.009571
0.011393
0.010509
0.010949
0.009651
0.011551
0.011087
0.009949
0.011756
0.010826
0.010693
0.002843
0.009993
0.011566
0.010133
0.009876
0.011268
0.011050
0.003220
0.010254
0.010558
0.011145
0.010224
0.011029
0.009909
0.010921
0.010295
0.010176
0.009823
0.011000
0.010753
0.009997
0.010928
0.010854
0.010630
0.003529
0.010666
0.009598
0.010491
0.010144
0.004228
0.010584
0.010139
0.011420
0.003168
0.003367
0.009207
0.003663
0.009371
0.010771
0.002467
0.010887
0.010873
0.010557
0.002881
0.010925
0.010216
0.010860
0.003244
0.010302
0.011769
0.003922
0.010247
0.009328
0.010032
0.003632
