0.064827
0.060787
0.054071
0.075826
0.082795
0.043838
0.088532
0.074836
0.060198
0.086817
0.059419
0.050024
0.059903
0.064953
0.078483
0.068442
0.086476
0.077811
0.085839
0.057046
0.051396
0.053074
0.062818
0.057946
0.073097
0.063281
0.055816
0.084517
0.086339
0.068351
0.043695
0.079674
0.069411
0.052156
0.062684
0.072028
0.051706
0.073186
0.049127
0.076774
0.063231
0.053237
0.069827
0.056000
0.053578
0.054504
0.047442
0.055682
0.053845
0.056387
0.049438
0.064312
0.069549
0.048864
0.054931
0.072432
0.066225
0.058281
0.066063
0.078367
0.062884
0.075151
0.073781
0.064058
0.073259
0.074796
0.067208
0.077560
0.051612
0.065118
0.066181
0.064103
0.067333
0.065949
0.061094
0.061092
0.055383
0.056199
0.057655
0.053074
0.042794
0.065197
0.054989
0.047615
0.066074
0.060330
0.064404
0.086142
0.058924
0.087357
0.077074
0.063504
0.055427
0.050276
0.061286
0.066986
0.053275
0.064686
0.063829
0.067663
