0.059795
0.016694
0.021030
0.027903
0.039472
0.031726
0.032286
0.025332
0.026371
0.041002
0.022572
0.034576
0.039941
0.028165
0.025163
0.029074
0.024770
0.036988
0.037773
0.035532
0.026304
0.037906
0.022529
0.031157
0.031335
0.029249
0.034830
0.016763
0.023403
0.030317
0.019507
0.046391
0.036700
0.030003
0.031079
0.027578
0.040424
0.028082
0.017500
0.032436
0.031834
0.027391
0.039877
0.022838
0.021612
0.028640
0.036788
0.022423
0.024596
0.032825
0.023580
0.036082
0.028827
0.027375
0.029828
0.051916
0.033449
0.035803
0.025387
0.027075
0.024091
0.035305
0.032180
0.024886
0.035115
0.037159
0.032031
0.038245
0.035978
0.024296
0.022717
0.031691
0.032493
0.029978
0.026116
0.026199
0.032596
0.029233
0.021440
0.030404
0.037223
0.024880
0.024190
0.036289
0.018722
0.037182
0.025591
0.031460
0.054779
0.027234
0.041365
0.024531
0.028916
0.031208
0.027507
0.020501
0.034291
0.030646
0.038064
0.028818
