0.005797
0.002817
0.002695
0.006417
0.002635
0.006155
0.043814
0.012619
0.002530
0.003497
0.023981
0.002005
0.002483
0.002014
0.002764
0.057895
0.002629
0.005459
0.057302
0.001386
0.001271
0.007383
0.040358
0.004828
0.001889
0.004120
0.013787
0.006115
0.002466
0.002414
0.001508
0.004170
0.014973
0.001471
0.005958
0.013541
0.001589
0.005808
0.002076
0.013673
0.010240
0.004505
0.052296
0.001916
0.002462
0.003733
0.003516
0.003299
0.002183
0.021192
0.012615
0.011152
0.003105
0.003656
0.011313
0.001044
0.002290
0.048011
0.003377
0.002014
0.012246
0.013752
0.002468
0.001259
0.003392
0.000871
0.002815
0.004880
0.015966
0.015173
0.003263
0.001366
0.044230
0.004022
0.005189
0.003586
0.004053
0.001082
0.005015
0.002330
0.044408
0.002673
0.004171
0.002143
0.048679
0.003792
0.002722
0.002254
0.002132
0.002829
0.005728
0.043269
0.003827
0.013777
0.005230
0.022771
0.048330
0.002394
0.013687
0.003158
