0.004503
0.038490
0.011198
0.013737
0.056613
0.011194
0.029819
0.009930
0.013774
0.028765
0.009642
0.040266
0.026697
0.012973
0.016091
0.010830
0.010064
0.006187
0.018413
0.041415
0.027103
0.014563
0.016071
0.008587
0.031100
0.050404
0.047057
0.009290
0.022074
0.011259
0.028742
0.011850
0.012251
0.014204
0.057628
0.030709
0.040610
0.030550
0.009810
0.052062
0.057469
0.026817
0.010320
0.017654
0.009286
0.035613
0.012612
0.042884
0.057506
0.020906
0.021628
0.007509
0.016253
0.024301
0.011671
0.013851
0.008804
0.048204
0.030125
0.017405
0.012115
0.013317
0.004050
0.017022
0.021941
0.045274
0.034627
0.005924
0.013019
0.051470
0.010673
0.026670
0.031386
0.040095
0.019985
0.013984
0.003045
0.012066
0.004562
0.007080
0.014019
0.026199
0.023950
0.029295
0.010690
0.056327
0.020059
0.010610
0.039221
0.043372
0.011651
0.012793
0.043292
0.015550
0.044367
0.011852
0.093100
0.057085
0.017634
0.008163
