0.004467
0.004664
0.060940
0.000708
0.013694
0.001261
0.001753
0.001270
0.001314
0.002151
0.004164
0.001465
0.007145
0.013275
0.003725
0.002652
0.003245
0.012599
0.002532
0.059566
0.005581
0.000799
0.004968
0.001577
0.001220
0.003003
0.059006
0.004517
0.000508
0.041755
0.057584
0.001419
0.000279
0.014850
0.056632
0.003159
0.012355
0.004546
0.016986
0.002626
0.002314
0.006262
0.001472
0.002974
0.000412
0.004881
0.002997
0.013011
0.015622
0.001877
0.003163
0.002196
0.002663
0.001123
0.000887
0.001786
0.004021
0.001653
0.001257
0.001574
0.001580
0.014259
0.002280
0.004236
0.057692
0.013691
0.003318
0.002916
0.003121
0.023036
0.002351
0.004380
0.003691
0.001657
0.015020
0.016034
0.004823
0.002543
0.003311
0.001315
0.003043
0.005570
0.001711
0.059329
0.002148
0.002056
0.000574
0.001099
0.021771
0.013434
0.003075
0.014576
0.057002
0.002838
0.000761
0.002318
0.001109
0.055901
0.036596
0.006533
