0.006604
0.004477
0.025018
0.052341
0.052573
0.006043
0.006943
0.019762
0.004650
0.008540
0.053488
0.005976
0.010413
0.006428
0.004477
0.004739
0.051720
0.048891
0.007049
0.020716
0.008311
0.052687
0.005394
0.030415
0.010816
0.013789
0.017435
0.007149
0.004975
0.015952
0.010789
0.012868
0.019965
0.011393
0.055580
0.004304
0.093819
0.007950
0.012968
0.011546
0.011190
0.012587
0.014610
0.004182
0.053866
0.067772
0.006211
0.007240
0.006952
0.002833
0.005160
0.005122
0.014624
0.006712
0.004743
0.056750
0.048709
0.019805
0.005863
0.004071
0.060952
0.013375
0.014178
0.012537
0.011860
0.012413
0.005701
0.007554
0.005695
0.005502
0.007861
0.018994
0.004584
0.009778
0.006114
0.004940
0.005464
0.011911
0.063397
0.006638
0.054913
0.006571
0.008880
0.020761
0.061061
0.014002
0.004685
0.028575
0.004727
0.011005
0.021873
0.007152
0.063068
0.057205
0.006744
0.017293
0.007328
0.062137
0.096750
0.003683
