0.012718
0.012030
0.011882
0.013590
0.011209
0.012759
0.012523
0.012426
0.009649
0.012495
0.013917
0.011300
0.010721
0.013640
0.013059
0.013846
0.011626
0.013004
0.014482
0.012246
0.010740
0.012070
0.012295
0.013739
0.013005
0.014453
0.011834
0.012550
0.011630
0.013889
0.012765
0.013607
0.011610
0.012031
0.013167
0.013739
0.012474
0.013575
0.012674
0.013271
0.012551
0.011992
0.012086
0.012923
0.011315
0.012082
0.012204
0.012119
0.012280
0.014538
0.012548
0.011985
0.013778
0.013298
0.014626
0.010772
0.012225
0.013178
0.013166
0.012060
0.013430
0.012778
0.012768
0.012258
0.013318
0.013088
0.011696
0.009488
0.012467
0.011101
0.014030
0.012230
0.010662
0.012626
0.013905
0.012884
0.011736
0.011321
0.011301
0.013045
0.012925
0.012319
0.012463
0.013374
0.010590
0.011966
0.012866
0.011999
0.011855
0.013143
0.010974
0.012656
0.012787
0.013965
0.012701
0.013071
0.014230
0.011546
0.014724
0.013137
