0.034081
0.034298
0.035222
0.035789
0.035441
0.036690
0.036708
0.037132
0.035440
0.035496
0.036265
0.035803
0.036233
0.036007
0.036322
0.036643
0.038505
0.035729
0.034747
0.036050
0.032714
0.036151
0.036721
0.035719
0.035432
0.036051
0.033704
0.037468
0.035681
0.035004
0.033642
0.036098
0.036328
0.036091
0.035395
0.035083
0.035423
0.036031
0.035057
0.034824
0.037355
0.037349
0.037019
0.033552
0.035660
0.036792
0.036164
0.037310
0.035807
0.036241
0.035479
0.034150
0.036018
0.034421
0.037663
0.035169
0.033297
0.036172
0.035585
0.037427
0.036850
0.035677
0.035971
0.036020
0.038459
0.036281
0.034862
0.034308
0.034790
0.037803
0.036073
0.035088
0.034502
0.036518
0.035006
0.035509
0.036550
0.035699
0.034613
0.037737
0.035262
0.034967
0.035430
0.037895
0.037566
0.034185
0.035101
0.037054
0.035522
0.034347
0.038227
0.034737
0.037054
0.038908
0.036744
0.036120
0.034082
0.034909
0.034688
0.034666
