0.006292
0.006230
0.005131
0.005565
0.005276
0.004859
0.006192
0.006162
0.005254
0.007372
0.005627
0.004646
0.007029
0.004516
0.006042
0.005819
0.004653
0.004643
0.006381
0.005076
0.007255
0.003120
0.003962
0.004274
0.005636
0.006025
0.005213
0.006464
0.004450
0.003915
0.004982
0.006061
0.004600
0.004879
0.005316
0.006352
0.005011
0.006629
0.004900
0.004434
0.006420
0.006214
0.003496
0.005586
0.005821
0.005662
0.005318
0.003689
0.005949
0.006317
0.005886
0.004447
0.004552
0.005467
0.004293
0.005875
0.006301
0.005632
0.004993
0.005676
0.006234
0.005050
0.004170
0.003541
0.004931
0.004787
0.006334
0.004597
0.006940
0.006821
0.003030
0.005365
0.003782
0.004121
0.006878
0.003587
0.006430
0.004276
0.006370
0.006156
0.005158
0.003454
0.005239
0.006925
0.004317
0.006885
0.006322
0.004641
0.005683
0.005041
0.005192
0.004555
0.005803
0.004973
0.003749
0.005651
0.005885
0.004978
0.004495
0.005740
