0.055167
0.052640
0.051214
0.054148
0.054588
0.054950
0.055727
0.054455
0.052146
0.053641
0.053385
0.052360
0.052544
0.052679
0.054233
0.054374
0.056384
0.053425
0.057093
0.054210
0.052808
0.053216
0.052947
0.054781
0.053004
0.051824
0.053357
0.055475
0.054246
0.054750
0.052608
0.053013
0.053123
0.057029
0.052536
0.057831
0.054396
0.054381
0.052727
0.052240
0.053107
0.052527
0.054205
0.054013
0.056128
0.053447
0.055675
0.053610
0.053280
0.053436
0.051562
0.054134
0.054154
0.052664
0.053429
0.054166
0.052590
0.054140
0.053092
0.054165
0.056270
0.051596
0.052907
0.055045
0.052952
0.053402
0.051359
0.051904
0.051450
0.054102
0.052530
0.053643
0.053910
0.056894
0.053249
0.053237
0.054635
0.051988
0.050784
0.055349
0.051509
0.056970
0.053622
0.053707
0.053892
0.053141
0.055645
0.055672
0.055072
0.053814
0.055001
0.054487
0.056035
0.054163
0.051736
0.052622
0.055168
0.054173
0.051880
0.053214
