0.018962
0.019963
0.019354
0.018276
0.020675
0.018473
0.020031
0.020430
0.017706
0.019916
0.020521
0.019973
0.020468
0.018601
0.018788
0.019116
0.021673
0.018926
0.020383
0.019297
0.018919
0.019115
0.019700
0.017931
0.019241
0.019265
0.018837
0.018454
0.018990
0.019272
0.018301
0.021102
0.019626
0.019237
0.019820
0.019697
0.019780
0.019238
0.019108
0.018988
0.019128
0.020057
0.018708
0.019507
0.019287
0.019522
0.019646
0.019648
0.018856
0.019589
0.019345
0.019289
0.018788
0.018405
0.020276
0.018552
0.019275
0.020042
0.018568
0.020695
0.020030
0.018973
0.019757
0.020750
0.019976
0.019079
0.020334
0.019600
0.017918
0.019583
0.021115
0.020003
0.020053
0.020007
0.018065
0.021743
0.020113
0.020405
0.019283
0.020539
0.020412
0.019000
0.019291
0.019231
0.019681
0.019210
0.019262
0.019800
0.019570
0.018627
0.021460
0.019792
0.019398
0.019062
0.019419
0.019134
0.018984
0.019541
0.019290
0.020094
