0.013039
0.005673
0.011306
0.005325
0.004524
0.016332
0.010278
0.014822
0.016233
0.004439
0.012634
0.005875
0.006616
0.017508
0.015332
0.004501
0.020673
0.008115
0.005020
0.016954
0.016402
0.006077
0.014380
0.004347
0.010005
0.013295
0.013555
0.013767
0.009125
0.021244
0.013328
0.015323
0.014786
0.012210
0.013427
0.013244
0.009018
0.012330
0.006109
0.013308
0.005492
0.018905
0.014126
0.007681
0.002543
0.004266
0.013011
0.005892
0.012322
0.005331
0.012715
0.006920
0.015546
0.011339
0.014563
0.009218
0.012057
0.011876
0.017689
0.013376
0.013871
0.008589
0.007682
0.019321
0.012022
0.005881
0.012676
0.008278
0.013610
0.008026
0.013630
0.004381
0.012406
0.012060
0.012885
0.008267
0.004121
0.015410
0.018928
0.013612
0.014239
0.003356
0.012134
0.015803
0.006211
0.013629
0.017044
0.013670
0.013776
0.012794
0.003700
0.013355
0.016846
0.011511
0.011572
0.018946
0.005718
0.008765
0.004841
0.007057
