0.031021
0.030198
0.024409
0.018216
0.019787
0.032382
0.022998
0.022813
0.024449
0.029920
0.031268
0.032803
0.029887
0.026441
0.035512
0.031746
0.025686
0.023496
0.040279
0.021308
0.030887
0.034643
0.034238
0.029416
0.047485
0.023739
0.025062
0.028594
0.026765
0.030987
0.029209
0.025229
0.034518
0.036139
0.036840
0.038983
0.033374
0.030336
0.032477
0.033004
0.016400
0.024586
0.024701
0.025283
0.021536
0.020746
0.026237
0.037089
0.035241
0.021224
0.027110
0.037581
0.032019
0.026398
0.024206
0.024426
0.027400
0.019664
0.023801
0.036713
0.021078
0.039068
0.030207
0.023747
0.026378
0.031915
0.034668
0.026399
0.028238
0.035401
0.033776
0.026317
0.019707
0.034546
0.027822
0.027437
0.029683
0.029377
0.015223
0.033937
0.025640
0.029456
0.021976
0.029616
0.023771
0.030978
0.039222
0.029008
0.026434
0.024290
0.030279
0.023974
0.025463
0.027062
0.023000
0.021871
0.037063
0.022070
0.022379
0.026019
