0.014027
0.013924
0.007097
0.013619
0.010646
0.015627
0.015203
0.014573
0.013885
0.007714
0.012939
0.008108
0.014725
0.015558
0.015343
0.009316
0.007218
0.011309
0.013634
0.005680
0.002830
0.013566
0.003286
0.013646
0.013788
0.013860
0.006455
0.012293
0.013436
0.005013
0.014246
0.005062
0.015072
0.015166
0.015358
0.013905
0.014747
0.007428
0.013525
0.014234
0.003143
0.013482
0.014139
0.014265
0.005573
0.014990
0.011832
0.007845
0.014033
0.015439
0.016015
0.003300
0.002601
0.013566
0.008552
0.004117
0.002635
0.004600
0.012540
0.015295
0.006628
0.013973
0.022416
0.015027
0.012755
0.013724
0.024905
0.013649
0.003228
0.005660
0.013046
0.003709
0.008958
0.014250
0.013416
0.005885
0.016210
0.013628
0.017683
0.002608
0.005457
0.023462
0.009558
0.004715
0.014892
0.012745
0.003601
0.013734
0.011727
0.005649
0.013797
0.013795
0.014261
0.014204
0.014148
0.013443
0.007405
0.013422
0.014076
0.011272
