0.029136
0.029932
0.039929
0.032985
0.033667
0.035377
0.028036
0.026929
0.043301
0.031206
0.035144
0.027617
0.027828
0.027017
0.031584
0.033142
0.034938
0.031511
0.027890
0.032545
0.034192
0.028463
0.037911
0.050094
0.036084
0.032930
0.033866
0.032059
0.035503
0.046895
0.031360
0.034235
0.040683
0.041193
0.044205
0.028288
0.043818
0.051527
0.040860
0.031399
0.032500
0.039132
0.035689
0.027567
0.027031
0.023516
0.031701
0.036110
0.062535
0.027768
0.025958
0.033269
0.033863
0.026867
0.037968
0.046154
0.040128
0.028424
0.041110
0.031648
0.039213
0.032935
0.031235
0.040030
0.031576
0.033247
0.025725
0.027727
0.031779
0.031388
0.036525
0.038831
0.040573
0.024542
0.048246
0.032133
0.034950
0.035030
0.031252
0.028668
0.034607
0.037187
0.032079
0.030994
0.031184
0.031051
0.035053
0.037560
0.031844
0.040023
0.035854
0.030743
0.024370
0.038888
0.032176
0.032793
0.038900
0.034460
0.024689
0.029124
