0.024713
0.030668
0.027228
0.009312
0.020551
0.026053
0.021916
0.024393
0.014615
0.018346
0.032231
0.020946
0.022377
0.012178
0.026918
0.016705
0.022418
0.018725
0.021554
0.024152
0.024045
0.027382
0.012069
0.020603
0.028535
0.011402
0.010944
0.021810
0.022124
0.032741
0.030051
0.023613
0.017324
0.023917
0.029402
0.023319
0.024312
0.026469
0.018898
0.021478
0.023311
0.020948
0.027547
0.020905
0.019019
0.019801
0.024674
0.009133
0.021901
0.015171
0.027637
0.012086
0.011184
0.019435
0.015806
0.017786
0.018092
0.026153
0.028343
0.017773
0.011377
0.016532
0.029260
0.011163
0.030565
0.026314
0.013559
0.018103
0.016847
0.023881
0.024580
0.024814
0.011430
0.024404
0.022940
0.022708
0.020572
0.020937
0.027339
0.015846
0.019683
0.015035
0.027269
0.020568
0.033417
0.019627
0.026950
0.019277
0.024840
0.022293
0.019781
0.019658
0.010350
0.028404
0.024959
0.018941
0.010505
0.021369
0.029082
0.007751
