0.006462
0.008247
0.006695
0.006793
0.010504
0.006815
0.011543
0.009009
0.009654
0.008190
0.008869
0.009661
0.011597
0.008604
0.008607
0.012397
0.012579
0.008042
0.008537
0.010141
0.007980
0.006119
0.006688
0.008640
0.010995
0.011872
0.012148
0.008588
0.010205
0.010702
0.013171
0.009379
0.011168
0.007225
0.007343
0.006453
0.011413
0.008460
0.011147
0.006941
0.007972
0.008696
0.006359
0.011444
0.007853
0.008396
0.009579
0.008093
0.008687
0.011011
0.008528
0.007591
0.008585
0.009754
0.008872
0.009558
0.010879
0.009893
0.010950
0.006235
0.007353
0.008461
0.011186
0.007284
0.005944
0.009683
0.012348
0.007269
0.011303
0.009853
0.008273
0.010232
0.008441
0.006985
0.008064
0.012530
0.006869
0.007104
0.007338
0.012153
0.008206
0.009210
0.009344
0.008761
0.008178
0.009261
0.007151
0.008372
0.007365
0.011293
0.012667
0.006960
0.010407
0.008887
0.008455
0.010811
0.008642
0.007248
0.009415
0.007818
