0.004080
0.003706
0.004460
0.004200
0.001805
0.004521
0.002976
0.003793
0.003471
0.004482
0.003843
0.003531
0.003232
0.004312
0.003572
0.003367
0.003309
0.003169
0.005533
0.003588
0.004079
0.002239
0.003452
0.003087
0.002791
0.002862
0.003846
0.003481
0.004013
0.003290
0.002883
0.003915
0.002829
0.002850
0.003658
0.002954
0.003887
0.004963
0.003909
0.004010
0.005163
0.003603
0.005117
0.003193
0.002780
0.004179
0.003966
0.003354
0.004334
0.002817
0.004082
0.003625
0.002787
0.003677
0.004592
0.002461
0.003595
0.003074
0.004850
0.003428
0.003664
0.005238
0.004091
0.003386
0.003030
0.003515
0.004744
0.004583
0.003413
0.004343
0.003121
0.004022
0.005005
0.005597
0.003505
0.004841
0.004565
0.003316
0.004863
0.004416
0.005084
0.003635
0.003538
0.002697
0.004704
0.002438
0.004463
0.005077
0.004259
0.004799
0.004241
0.004660
0.003065
0.003486
0.002997
0.003653
0.002933
0.003744
0.002742
0.002725
