0.001597
0.001743
0.001686
0.001788
0.001628
0.001830
0.001872
0.001739
0.001792
0.001727
0.001627
0.001684
0.001791
0.001966
0.001741
0.001896
0.001987
0.001614
0.001900
0.001732
0.001727
0.001775
0.001985
0.001675
0.001920
0.001816
0.001771
0.001631
0.001669
0.001761
0.001593
0.001648
0.001768
0.001733
0.001892
0.001826
0.001716
0.001833
0.001944
0.001713
0.001905
0.001715
0.001691
0.001769
0.001671
0.001871
0.001757
0.001697
0.001946
0.001699
0.001612
0.002014
0.001562
0.001642
0.001693
0.001604
0.001793
0.001872
0.001867
0.001717
0.001997
0.001999
0.001768
0.001895
0.002029
0.001847
0.001589
0.002028
0.001859
0.001704
0.001679
0.001724
0.001895
0.002024
0.001915
0.001888
0.001714
0.001711
0.002076
0.001867
0.001699
0.001762
0.001802
0.001782
0.001750
0.001762
0.001684
0.001701
0.001737
0.001865
0.001799
0.001852
0.001747
0.001783
0.001739
0.001745
0.001754
0.001692
0.001686
0.001730
