0.010890
0.006601
0.014978
0.014907
0.008066
0.012193
0.006388
0.013552
0.016233
0.013290
0.005672
0.016701
0.016915
0.016653
0.014089
0.007975
0.017739
0.013766
0.013637
0.009370
0.017547
0.015404
0.007241
0.006943
0.013662
0.015047
0.014100
0.007951
0.015843
0.015991
0.015782
0.004033
0.008467
0.007063
0.009270
0.014189
0.006878
0.013790
0.008719
0.005944
0.013396
0.006205
0.012748
0.015330
0.009537
0.012981
0.017577
0.013261
0.016205
0.008527
0.015057
0.005964
0.013353
0.013769
0.014752
0.015734
0.012794
0.014955
0.016362
0.012768
0.014176
0.015315
0.015674
0.008978
0.013369
0.009633
0.015480
0.015518
0.016613
0.014617
0.005735
0.021014
0.006538
0.012554
0.016821
0.016658
0.016046
0.017952
0.016532
0.015386
0.006522
0.011917
0.013945
0.005929
0.015204
0.015065
0.007841
0.006488
0.013045
0.010151
0.013616
0.005032
0.013720
0.015585
0.017996
0.017256
0.004876
0.014804
0.014791
0.015956
