0.029874
0.023168
0.023719
0.031294
0.035824
0.030361
0.023013
0.032671
0.034407
0.034369
0.032683
0.030128
0.023237
0.024644
0.026044
0.019973
0.030342
0.026905
0.041196
0.022851
0.029453
0.029744
0.032831
0.032087
0.033176
0.031120
0.021765
0.028132
0.032140
0.030297
0.034341
0.039706
0.026163
0.025160
0.020146
0.028422
0.028741
0.032391
0.036421
0.035357
0.039051
0.026539
0.017688
0.027995
0.033990
0.031116
0.031820
0.022098
0.036095
0.034207
0.029905
0.030297
0.022074
0.020271
0.031441
0.024276
0.024983
0.023274
0.028903
0.035036
0.034838
0.020534
0.027698
0.035299
0.032278
0.027116
0.027831
0.016284
0.028281
0.031738
0.030883
0.026355
0.029211
0.031892
0.029810
0.033772
0.029925
0.026735
0.018997
0.023619
0.035431
0.030691
0.030113
0.029498
0.023647
0.031019
0.033093
0.036912
0.032178
0.030262
0.028323
0.028143
0.023331
0.034023
0.032018
0.028654
0.031401
0.028158
0.026816
0.026461
