0.012396
0.012414
0.011798
0.013264
0.013191
0.005246
0.012357
0.004043
0.003768
0.045509
0.012212
0.011914
0.011784
0.003578
0.011917
0.011531
0.003756
0.011966
0.003717
0.011310
0.013454
0.011988
0.013266
0.011163
0.003666
0.011540
0.003378
0.012859
0.004918
0.012653
0.003864
0.003300
0.006513
0.011628
0.011432
0.012100
0.009138
0.010786
0.013414
0.012795
0.012850
0.010543
0.012322
0.003193
0.013836
0.003752
0.004937
0.013022
0.012819
0.012197
0.006408
0.003894
0.010733
0.012316
0.004181
0.077749
0.011695
0.012214
0.011015
0.011956
0.012649
0.012973
0.011592
0.003722
0.012153
0.003015
0.017098
0.011850
0.012329
0.011444
0.011904
0.012303
0.012642
0.004315
0.012124
0.003993
0.012146
0.003862
0.011511
0.012406
0.013102
0.003457
0.011587
0.017146
0.020182
0.012725
0.012455
0.012403
0.012114
0.012305
0.002825
0.004769
0.049225
0.003846
0.003866
0.004357
0.013197
0.026665
0.003300
0.006540
