0.053153
0.050141
0.050763
0.046347
0.057104
0.052037
0.051187
0.050537
0.042271
0.043974
0.050354
0.054255
0.055562
0.045053
0.050493
0.037363
0.052423
0.048951
0.051458
0.042383
0.049404
0.045058
0.039324
0.047159
0.057961
0.049262
0.054813
0.054945
0.044644
0.046584
0.046123
0.042943
0.033211
0.039894
0.034575
0.049884
0.051889
0.052042
0.043412
0.038252
0.046319
0.044855
0.051913
0.053450
0.048542
0.046831
0.048791
0.046069
0.033984
0.044321
0.050446
0.055754
0.053864
0.050105
0.053644
0.045011
0.049245
0.044365
0.051566
0.038257
0.051349
0.053639
0.037254
0.053797
0.043105
0.048701
0.042134
0.038644
0.047770
0.049134
0.041821
0.039376
0.055418
0.049974
0.042274
0.048978
0.052244
0.044734
0.051575
0.055429
0.040643
0.049784
0.028935
0.050113
0.043824
0.057428
0.047632
0.045943
0.054584
0.050818
0.044770
0.044756
0.051558
0.035818
0.051052
0.043181
0.052919
0.044840
0.053582
0.038807
