0.030446
0.023894
0.018489
0.025742
0.020086
0.008516
0.019766
0.015090
0.018935
0.016670
0.018587
0.024897
0.020396
0.018005
0.021393
0.028607
0.018856
0.012974
0.015368
0.017688
0.012836
0.012714
0.019427
0.023841
0.029259
0.013706
0.027055
0.027537
0.016758
0.029867
0.013763
0.021074
0.016663
0.027892
0.018329
0.018230
0.026160
0.018696
0.013766
0.020586
0.025920
0.024654
0.023548
0.027023
0.012282
0.009735
0.029061
0.023964
0.024759
0.024209
0.020998
0.025972
0.012147
0.027369
0.028589
0.026253
0.029479
0.014803
0.011880
0.012271
0.028968
0.021735
0.029928
0.012484
0.009770
0.026834
0.026712
0.025185
0.024125
0.027091
0.027510
0.013446
0.025138
0.010318
0.019005
0.026164
0.020469
0.022163
0.012074
0.027165
0.025209
0.016690
0.018202
0.023772
0.014061
0.027732
0.018802
0.014437
0.027045
0.020442
0.011135
0.023370
0.018721
0.018778
0.026486
0.011614
0.020864
0.012209
0.021646
0.011500
