0.012168
0.012457
0.012364
0.012368
0.013282
0.012372
0.012610
0.013622
0.012346
0.012773
0.013172
0.011877
0.011597
0.012985
0.012473
0.012401
0.013055
0.012087
0.013151
0.012828
0.012449
0.011971
0.012076
0.012551
0.012515
0.011872
0.012178
0.012299
0.012497
0.012199
0.013317
0.011712
0.011513
0.012456
0.012145
0.011661
0.012482
0.012760
0.013641
0.011851
0.012728
0.012445
0.012635
0.012743
0.012437
0.013237
0.012535
0.012743
0.012369
0.012743
0.012864
0.012457
0.013369
0.012995
0.012635
0.012769
0.012384
0.012230
0.012003
0.012196
0.012394
0.013096
0.013682
0.011780
0.012311
0.012298
0.012357
0.011973
0.012123
0.012587
0.012836
0.013708
0.012596
0.012220
0.012101
0.012962
0.012418
0.011817
0.012857
0.012546
0.011696
0.012899
0.012968
0.013236
0.012956
0.013365
0.012651
0.012344
0.012556
0.012177
0.012694
0.011760
0.012441
0.012578
0.011657
0.012300
0.011789
0.011877
0.012650
0.012824
