0.003498
0.003536
0.003123
0.002640
0.002743
0.002987
0.002933
0.003348
0.003385
0.003617
0.002828
0.003065
0.002926
0.002744
0.003067
0.003317
0.002815
0.003833
0.003448
0.004272
0.003468
0.003140
0.002545
0.003287
0.002739
0.003075
0.003328
0.004011
0.002690
0.002786
0.002553
0.003270
0.003335
0.002940
0.002822
0.002943
0.003304
0.002785
0.002743
0.002938
0.003228
0.003714
0.003203
0.003655
0.002601
0.002805
0.002999
0.003563
0.003023
0.003610
0.003045
0.003465
0.002980
0.002868
0.002808
0.003163
0.003026
0.003308
0.003066
0.002733
0.003225
0.002997
0.002668
0.002861
0.003166
0.002821
0.002820
0.002950
0.004050
0.002588
0.003185
0.003049
0.003711
0.002609
0.002888
0.003077
0.003446
0.002959
0.002942
0.002798
0.003046
0.004048
0.003689
0.002705
0.002871
0.003565
0.003041
0.003044
0.003198
0.003088
0.003122
0.002890
0.003426
0.003401
0.003395
0.002405
0.002738
0.002929
0.003176
0.003339
