0.007108
0.014612
0.011594
0.009109
0.011505
0.013075
0.013477
0.012083
0.013667
0.014122
0.014087
0.010479
0.008836
0.012814
0.018883
0.011206
0.014065
0.012293
0.008846
0.017656
0.009987
0.011806
0.014081
0.007519
0.009233
0.008064
0.011608
0.012189
0.011362
0.010958
0.014089
0.008129
0.009867
0.010206
0.016647
0.012089
0.009774
0.007780
0.017132
0.010503
0.015120
0.010598
0.009064
0.007818
0.011832
0.012702
0.012631
0.016660
0.011327
0.006997
0.017203
0.017955
0.009602
0.011667
0.011171
0.011026
0.008296
0.010994
0.009684
0.011249
0.010301
0.012433
0.013005
0.015854
0.012433
0.012432
0.019348
0.013398
0.013031
0.014762
0.011765
0.010758
0.012488
0.014008
0.012033
0.010714
0.013407
0.011311
0.008951
0.013216
0.009229
0.014828
0.014774
0.008496
0.009270
0.011921
0.011233
0.013433
0.011765
0.015921
0.015064
0.009823
0.009539
0.010480
0.015164
0.013901
0.008137
0.012792
0.011679
0.012051
