0.001628
0.001733
0.001734
0.001590
0.001573
0.001819
0.001866
0.001733
0.001815
0.001649
0.001834
0.001785
0.001463
0.001616
0.001447
0.001511
0.001746
0.001718
0.001443
0.001491
0.001707
0.001842
0.001807
0.001579
0.001553
0.001838
0.001824
0.001827
0.001584
0.001867
0.001614
0.001810
0.001712
0.001540
0.001777
0.001472
0.001704
0.001738
0.001537
0.001654
0.001721
0.001500
0.001559
0.001394
0.001886
0.001567
0.001516
0.001501
0.001669
0.001570
0.001769
0.001913
0.001535
0.001558
0.001534
0.001599
0.001556
0.001553
0.001595
0.001689
0.001734
0.001629
0.001845
0.001718
0.001731
0.001790
0.001549
0.001606
0.001323
0.001434
0.001784
0.001606
0.001487
0.001693
0.001629
0.001574
0.001840
0.001614
0.001856
0.001680
0.001557
0.001828
0.001628
0.001857
0.001490
0.001577
0.001597
0.001668
0.001672
0.001750
0.001730
0.001589
0.001507
0.001689
0.001740
0.001654
0.001850
0.001981
0.001917
0.001523
