0.037428
0.523575
0.026371
0.090166
0.345069
0.131666
0.257387
0.019586
0.291899
0.219963
0.528185
0.386474
0.422104
0.027784
0.157026
0.344933
0.040017
0.430474
0.041989
0.635987
0.029667
0.648122
0.048727
0.720255
0.020180
0.098595
0.208944
0.092114
0.165001
0.114600
0.030646
0.109535
0.551250
0.182153
0.073006
0.438937
0.124419
0.457644
0.183625
0.027300
0.099692
0.041753
0.780334
0.047952
0.053390
0.388840
0.107444
0.133771
0.035488
0.164128
0.232100
0.582516
0.733310
0.058990
0.659358
0.111215
0.761360
0.170386
0.066597
0.359951
0.426775
0.341537
0.316357
0.296568
0.039635
0.157126
0.393026
0.276117
0.280472
0.025385
0.090143
0.156583
0.165531
0.685600
0.270679
0.272438
0.095321
0.734865
0.082895
0.402659
0.036633
0.574963
0.163871
0.411662
0.695683
0.163485
0.439236
0.346780
0.607304
0.064787
0.358448
0.095743
0.335152
0.354476
0.234890
0.182251
0.066125
0.070696
0.295002
0.279099
