0.068639
0.395350
0.296989
0.434107
0.300161
0.089936
0.136110
0.066624
0.290054
0.042740
0.066552
0.061785
0.223728
0.504633
0.122879
0.557834
0.051605
0.121758
0.035473
0.376199
0.507112
0.119658
0.043844
0.365984
0.072522
0.048635
0.407887
0.229302
0.177168
0.116566
0.572935
0.054564
0.538608
0.117173
0.065120
0.162550
0.401121
0.180270
0.067348
0.070750
0.077620
0.050835
0.542062
0.050213
0.083735
0.064691
0.046612
0.266134
0.050670
0.117706
0.083704
0.070453
0.503442
0.438138
0.107318
0.148960
0.075619
0.192329
0.047460
0.192638
0.052377
0.432853
0.161089
0.150441
0.456260
0.126185
0.124951
0.398628
0.135142
0.366264
0.046495
0.101417
0.049743
0.196859
0.418671
0.113032
0.046268
0.562154
0.059678
0.187121
0.052020
0.042669
0.122638
0.074259
0.574679
0.175140
0.097430
0.299218
0.058522
0.207416
0.385438
0.084152
0.263969
0.130699
0.141441
0.276287
0.098485
0.401027
0.204344
0.043730
