0.699817
0.579916
0.440927
0.100942
0.131126
0.128563
0.308664
0.555357
0.329054
0.622725
0.025100
0.163782
0.490087
0.740869
0.034560
0.143326
0.813545
0.159677
0.101299
0.731381
0.651509
0.185370
0.353993
0.340513
0.748954
0.397971
0.169919
0.490405
0.386102
0.439377
0.792913
0.188186
0.535064
0.105421
0.508776
0.038569
0.679153
0.153529
0.474195
0.759460
0.471319
0.076713
0.036169
0.545907
0.084761
0.145911
0.083391
0.740324
0.029220
0.117760
0.227397
0.076957
0.689445
0.666123
0.649293
0.627912
0.035401
0.298289
0.536287
0.691315
0.277459
0.100474
0.303308
0.225308
0.573702
0.177614
0.413137
0.086397
0.333683
0.697140
0.080983
0.424002
0.312904
0.228135
0.076776
0.206549
0.645726
0.684223
0.071546
0.465061
0.748675
0.281243
0.163715
0.164585
0.595638
0.168696
0.496284
0.157815
0.050966
0.426997
0.318175
0.200100
0.566650
0.205619
0.109388
0.343907
0.194001
0.082807
0.468488
0.142819
