0.244441
0.164395
0.146956
0.066525
0.076806
0.072086
0.131576
0.261656
0.151591
0.245431
0.297690
0.073880
0.068897
0.298667
0.088949
0.101350
0.263530
0.188522
0.095207
0.219150
0.206132
0.195724
0.079286
0.058510
0.176226
0.123247
0.086946
0.080960
0.189001
0.112435
0.319059
0.115666
0.259009
0.069591
0.095241
0.084117
0.127823
0.091380
0.082392
0.097154
0.101418
0.144763
0.125471
0.130456
0.183559
0.174989
0.086617
0.293939
0.063523
0.128964
0.067223
0.098823
0.135164
0.238800
0.104793
0.137986
0.166180
0.122674
0.309106
0.070428
0.131273
0.065119
0.256805
0.081070
0.118480
0.196213
0.251759
0.096433
0.150779
0.149214
0.166129
0.119806
0.187655
0.081731
0.120744
0.086068
0.222291
0.168727
0.150831
0.094836
0.119543
0.057099
0.112253
0.063125
0.072720
0.103874
0.102323
0.209424
0.126321
0.217659
0.092475
0.066264
0.083782
0.140015
0.063360
0.147674
0.076824
0.147180
0.118898
0.069736
