0.039888
0.041067
0.182705
0.386593
0.328952
0.175513
0.178425
0.055580
0.399153
0.049433
0.055568
0.404553
0.415252
0.048509
0.283043
0.352944
0.034532
0.085147
0.034804
0.237310
0.027935
0.229918
0.050238
0.527106
0.604190
0.047033
0.081342
0.119452
0.156623
0.052899
0.046384
0.060635
0.661108
0.079259
0.061850
0.059292
0.131695
0.321098
0.203997
0.613982
0.379461
0.039638
0.039483
0.073485
0.047320
0.205944
0.198826
0.052170
0.581697
0.076553
0.277955
0.474862
0.534914
0.049217
0.538763
0.222287
0.037869
0.070828
0.038457
0.203340
0.474206
0.049193
0.050489
0.169679
0.044355
0.095945
0.069176
0.054911
0.413704
0.052996
0.092675
0.202491
0.384272
0.053718
0.512041
0.105287
0.301680
0.435051
0.282448
0.035682
0.124877
0.036490
0.065975
0.074275
0.025398
0.320472
0.423099
0.124235
0.209098
0.039318
0.033154
0.132126
0.221586
0.066586
0.318481
0.114078
0.355227
0.462438
0.484417
0.056789
