0.007659
0.006319
0.008714
0.006716
0.006358
0.008158
0.007939
0.006370
0.007844
0.006919
0.007355
0.006580
0.005483
0.008306
0.008307
0.008130
0.006725
0.007972
0.008434
0.009158
0.009381
0.006361
0.009707
0.006439
0.007527
0.009060
0.010281
0.007300
0.007398
0.007952
0.007483
0.008546
0.007969
0.008143
0.008730
0.009447
0.009867
0.007842
0.009080
0.007901
0.007028
0.007811
0.006235
0.007719
0.007147
0.006180
0.008134
0.008442
0.006413
0.008136
0.007904
0.008322
0.008963
0.006715
0.007399
0.006908
0.009140
0.009090
0.007087
0.006936
0.009268
0.008226
0.008224
0.007806
0.007412
0.008097
0.006200
0.007884
0.007125
0.006513
0.007178
0.007524
0.005873
0.007717
0.007131
0.007101
0.008109
0.008342
0.007511
0.007398
0.007802
0.007511
0.008171
0.006570
0.006507
0.008151
0.007264
0.006524
0.008066
0.008461
0.007254
0.008313
0.006977
0.009187
0.007052
0.006863
0.007891
0.007303
0.008314
0.006209
