0.190434
0.118275
0.058297
0.735271
0.681373
0.081356
0.792545
0.607073
0.524325
0.095643
0.017973
0.496756
0.175041
0.071372
0.005765
0.013540
0.744317
0.004717
0.134229
0.030117
0.110036
0.697061
0.327263
0.760590
0.432144
0.056847
0.492396
0.722788
0.019346
0.516101
0.444388
0.632258
0.606230
0.236004
0.319115
0.051049
0.186818
0.395085
0.179611
0.357818
0.407595
0.025682
0.336885
0.156969
0.136718
0.599395
0.499310
0.361464
0.335120
0.634917
0.012137
0.527614
0.178713
0.310254
0.088148
0.041189
0.014494
0.030645
0.316556
0.220917
0.034465
0.767499
0.065346
0.682105
0.055545
0.277972
0.075713
0.103169
0.240750
0.817164
0.215403
0.291280
0.061727
0.036634
0.301051
0.712857
0.096530
0.438075
0.015596
0.484572
0.440441
0.364043
0.034113
0.312216
0.767695
0.329572
0.432570
0.351789
0.237080
0.050330
0.355505
0.732943
0.054019
0.089488
0.775288
0.185502
0.283441
0.026501
0.006110
0.032225
