0.398378
0.113312
0.322818
0.050477
0.423575
0.315685
0.058746
0.421987
0.071619
0.057111
0.608209
0.041614
0.084629
0.111590
0.046199
0.369630
0.072958
0.457727
0.217568
0.051823
0.175048
0.063238
0.067850
0.045553
0.258402
0.037884
0.326299
0.048319
0.322222
0.048221
0.362493
0.321605
0.048617
0.453892
0.255176
0.342744
0.246830
0.097665
0.320908
0.259326
0.389801
0.045125
0.456282
0.266516
0.085672
0.052413
0.238196
0.163881
0.142924
0.192136
0.108583
0.252562
0.196269
0.030941
0.072545
0.462318
0.523335
0.162506
0.056604
0.098267
0.052239
0.047308
0.451445
0.582207
0.168236
0.135599
0.041482
0.264996
0.197963
0.064282
0.208342
0.284509
0.113923
0.193332
0.057994
0.128499
0.048841
0.196676
0.032015
0.143495
0.063723
0.399673
0.052671
0.046383
0.497545
0.404092
0.444063
0.369921
0.206308
0.422754
0.080730
0.050848
0.528271
0.058905
0.097583
0.162664
0.090000
0.036133
0.045886
0.042562
