0.209914
0.245561
0.694705
0.055480
0.664896
0.211124
0.029310
0.081677
0.080453
0.017525
0.027174
0.392652
0.331662
0.087274
0.023381
0.792208
0.712330
0.023466
0.166061
0.716345
0.473308
0.039775
0.169490
0.026645
0.395575
0.077112
0.399815
0.450121
0.827800
0.215522
0.137290
0.576981
0.042411
0.077199
0.027123
0.600346
0.214788
0.218346
0.479466
0.349085
0.580631
0.027459
0.400824
0.062943
0.148524
0.035002
0.040209
0.071716
0.118734
0.577746
0.309862
0.267365
0.335134
0.038850
0.390064
0.591726
0.071826
0.052163
0.074072
0.200601
0.075310
0.073209
0.648114
0.524100
0.267786
0.187438
0.567818
0.095611
0.332452
0.244884
0.521316
0.214137
0.338918
0.667756
0.652127
0.125455
0.584085
0.111459
0.634986
0.352582
0.382834
0.441508
0.052046
0.497806
0.017122
0.370084
0.151721
0.086256
0.193667
0.664987
0.173468
0.756558
0.715570
0.450978
0.121926
0.334574
0.327574
0.037280
0.296725
0.022281
