0.090198
0.112605
0.216100
0.094303
0.210893
0.199843
0.284813
0.263037
0.051928
0.249485
0.184482
0.106032
0.086037
0.076719
0.180349
0.359586
0.377508
0.083695
0.107267
0.351717
0.145589
0.094689
0.184831
0.296818
0.087235
0.207555
0.079559
0.131239
0.244387
0.092847
0.066495
0.099218
0.246653
0.158849
0.139917
0.282110
0.114975
0.078355
0.106218
0.216410
0.051520
0.339601
0.057382
0.117657
0.086552
0.127861
0.127286
0.075764
0.065413
0.080423
0.111066
0.101848
0.057165
0.115012
0.112713
0.233699
0.201107
0.180809
0.069235
0.110436
0.180173
0.064915
0.251062
0.162763
0.061416
0.076767
0.075823
0.067298
0.330671
0.106845
0.068553
0.342616
0.114781
0.073808
0.096981
0.060688
0.107563
0.057839
0.268089
0.067967
0.073530
0.171603
0.353303
0.085007
0.143931
0.130741
0.280241
0.234897
0.090620
0.082279
0.058269
0.160448
0.287939
0.100507
0.174713
0.060732
0.104870
0.228817
0.331686
0.147413
