0.025844
0.019558
0.009877
0.004732
0.017339
0.019431
0.020262
0.008829
0.018330
0.013155
0.016712
0.022748
0.026843
0.044520
0.007503
0.008822
0.009390
0.005820
0.013996
0.052910
0.031237
0.006115
0.032237
0.040918
0.027471
0.020203
0.006229
0.007181
0.022580
0.006224
0.028265
0.003625
0.005292
0.009892
0.010085
0.019373
0.036382
0.018652
0.016979
0.005260
0.012113
0.036750
0.033068
0.008025
0.018072
0.006262
0.049328
0.020492
0.006539
0.004092
0.014050
0.006479
0.015755
0.006524
0.027602
0.013055
0.011863
0.024606
0.004801
0.015081
0.005359
0.009041
0.048669
0.011304
0.016333
0.022250
0.015848
0.032277
0.014382
0.022785
0.012437
0.007742
0.007672
0.007473
0.020113
0.017585
0.011895
0.012027
0.014078
0.027492
0.033591
0.012461
0.005260
0.007784
0.004678
0.004193
0.009734
0.006814
0.005429
0.029544
0.004254
0.005407
0.041137
0.029291
0.025277
0.020550
0.015287
0.006092
0.023974
0.094064
