0.036410
0.043026
0.040970
0.043440
0.033258
0.023859
0.031145
0.033535
0.032145
0.040292
0.030005
0.045360
0.032425
0.024466
0.051008
0.050412
0.049722
0.038864
0.044335
0.040077
0.035156
0.031194
0.042199
0.031941
0.028390
0.012888
0.044235
0.041714
0.029302
0.059128
0.041741
0.028415
0.058099
0.062381
0.047097
0.035308
0.038992
0.039092
0.039356
0.046649
0.034790
0.042274
0.050375
0.050733
0.048127
0.042007
0.048589
0.047740
0.047942
0.081146
0.049402
0.045904
0.023097
0.042003
0.049705
0.048896
0.025048
0.031605
0.048986
0.042989
0.036203
0.023625
0.041019
0.046368
0.046341
0.022743
0.050733
0.040837
0.025175
0.030531
0.045761
0.036778
0.041961
0.031979
0.047010
0.046152
0.043144
0.034257
0.050166
0.040882
0.046865
0.032620
0.042298
0.039374
0.045159
0.029298
0.026401
0.029588
0.043102
0.031560
0.041223
0.053652
0.025241
0.040444
0.034754
0.026541
0.048163
0.040093
0.038262
0.029195
