0.005064
0.004851
0.060647
0.003221
0.004748
0.004365
0.120724
0.039038
0.002982
0.004728
0.080344
0.089987
0.045131
0.017597
0.038814
0.006905
0.049389
0.013343
0.013862
0.074692
0.005601
0.050120
0.047094
0.003226
0.003963
0.030793
0.013964
0.029209
0.024642
0.064698
0.019244
0.121215
0.011304
0.004952
0.047751
0.072808
0.004533
0.122934
0.027428
0.049879
0.035574
0.060340
0.073310
0.116152
0.055324
0.005141
0.059724
0.060167
0.004959
0.013892
0.060179
0.069940
0.056441
0.012985
0.033279
0.024669
0.020753
0.089809
0.005130
0.025472
0.020465
0.046904
0.058479
0.075219
0.021661
0.081435
0.018786
0.083471
0.014527
0.035970
0.086257
0.014710
0.131024
0.006060
0.114878
0.029855
0.117946
0.064847
0.094600
0.032395
0.117886
0.066452
0.051868
0.052717
0.029708
0.130727
0.019318
0.006861
0.050856
0.046004
0.004966
0.076526
0.012212
0.056984
0.053133
0.053075
0.075720
0.117421
0.035051
0.047672
