0.032243
0.035841
0.041616
0.030781
0.025388
0.024567
0.041838
0.030030
0.030448
0.039521
0.024581
0.041229
0.036696
0.046079
0.029007
0.035527
0.029964
0.039509
0.039312
0.025402
0.036841
0.042841
0.051810
0.024879
0.027810
0.029226
0.044926
0.025710
0.028339
0.040968
0.031927
0.030821
0.035338
0.035443
0.030811
0.039664
0.040667
0.031733
0.029103
0.024850
0.032832
0.030427
0.049851
0.043644
0.043054
0.045220
0.037588
0.029304
0.039585
0.028819
0.032038
0.043104
0.027558
0.063885
0.053222
0.035817
0.038946
0.041345
0.030592
0.024408
0.039252
0.054846
0.039109
0.029712
0.046689
0.029750
0.031980
0.030846
0.032741
0.032980
0.044097
0.041239
0.021340
0.032234
0.020669
0.029811
0.039571
0.053862
0.033283
0.037228
0.018719
0.036143
0.035690
0.029069
0.038331
0.050326
0.028037
0.091942
0.039733
0.040184
0.038955
0.033484
0.031878
0.020679
0.036794
0.039772
0.036875
0.022432
0.034340
0.033094
