19.651718
30.707263
0.012774
0.014497
111.977175
0.009699
7.160764
2.602532
0.017406
0.013233
326.750714
0.014697
0.016117
0.016104
8.060818
100.215024
0.017732
0.009620
22.655180
1.908964
0.017540
0.015166
95.967243
152.027377
1.206516
7.353513
0.013172
8.627170
0.031228
13.794321
0.013662
1.257395
6.427819
4.868228
15.317777
0.014499
0.693100
2.396533
16.762408
1.792136
0.051304
1787.737523
0.009957
0.015300
1.763072
0.011799
0.016688
0.032140
81.625797
50.692390
0.012904
6.654180
0.367345
4.186628
0.013436
0.014269
78.910466
0.012121
0.015034
0.052101
4.512250
0.014138
0.014141
0.955187
6.131259
5.163246
0.012011
0.012894
0.015563
5.441444
172.209166
52.217478
4.728592
0.075446
0.016821
0.016433
0.014971
0.017068
0.016157
305.120918
2.144994
2.953293
0.332542
0.864378
0.015487
0.014529
71.321325
7.267365
1.214150
225.007761
0.010530
5.518112
0.013988
0.013656
0.017951
0.016831
0.240273
0.011761
28.091859
0.014238
