0.029874
0.022499
0.024237
0.030565
0.033969
0.029560
0.023222
0.033937
0.033345
0.032992
0.032683
0.031887
0.022996
0.024316
0.026044
0.018130
0.030853
0.028504
0.039769
0.022796
0.029453
0.029744
0.033878
0.059149
0.039287
0.031120
0.020626
0.029843
0.031829
0.030297
0.035247
0.038544
0.023671
0.023120
0.019998
0.030968
0.027963
0.032958
0.035620
0.036463
0.039048
0.026450
0.025479
0.021913
0.033028
0.032824
0.030498
0.021320
0.036095
0.034549
0.032922
0.030391
0.020151
0.019108
0.032108
0.082142
0.023705
0.025802
0.028473
0.035008
0.034838
0.019883
0.026423
0.036780
0.042285
0.027570
0.029104
0.015563
0.028281
0.031738
0.031445
0.027585
0.029211
0.032213
0.030057
0.033996
0.029925
0.034643
0.018187
0.023559
0.034776
0.030282
0.031363
0.029559
0.031735
0.032336
0.033093
0.035322
0.029538
0.029718
0.028329
0.026154
0.022377
0.033167
0.032754
0.027484
0.032597
0.114661
0.026634
0.026461
