0.044745
0.068237
0.064974
0.036968
0.042048
0.066465
0.047525
0.041096
0.036787
0.057549
0.070328
0.056890
0.048843
0.050724
0.052624
0.030821
0.091829
0.092704
0.044678
0.036002
0.065577
0.043557
0.068175
0.155289
0.043668
0.042012
0.044024
0.047654
0.081066
0.156791
0.042660
0.047322
0.151808
0.080476
0.036013
0.049884
0.056853
0.052731
0.062071
0.057098
0.124676
0.133597
0.072261
0.051601
0.047455
0.036071
0.055114
0.073004
0.025598
0.048988
0.031227
0.044716
0.052402
0.078585
0.058440
0.046628
0.053063
0.044163
0.052581
0.104286
0.065789
0.065257
0.035844
0.045072
0.048277
0.035453
0.041379
0.070576
0.034628
0.057861
0.034244
0.033649
0.069686
0.037370
0.055320
0.052775
0.037491
0.083033
0.068046
0.054749
0.165760
0.041740
0.027709
0.043334
0.041921
0.055145
0.062269
0.072914
0.072007
0.074961
0.076303
0.048064
0.030749
0.031194
0.038707
0.057979
0.085714
0.050219
0.045268
0.039562
