0.014444
0.013998
0.010345
0.011944
0.013845
0.012482
0.016675
0.011618
0.012254
0.012953
0.011913
0.013534
0.013190
0.012218
0.015085
0.013577
0.012329
0.011746
0.010359
0.012431
0.011653
0.012755
0.012563
0.013429
0.014161
0.013866
0.013348
0.011703
0.016331
0.013158
0.013693
0.013902
0.010360
0.014218
0.012317
0.008836
0.013959
0.013980
0.012564
0.010005
0.010482
0.013656
0.015222
0.014155
0.012181
0.013687
0.013299
0.011678
0.012770
0.013306
0.014769
0.011101
0.014215
0.011239
0.013662
0.012635
0.014621
0.013424
0.013810
0.013763
0.012703
0.014461
0.017130
0.015064
0.016366
0.012742
0.014623
0.011805
0.012833
0.007349
0.011001
0.013845
0.012272
0.012507
0.013444
0.013098
0.011982
0.012692
0.012925
0.013472
0.013116
0.010732
0.012814
0.013032
0.013659
0.016547
0.014043
0.013722
0.013458
0.016100
0.012970
0.012367
0.011745
0.013732
0.009301
0.013151
0.014819
0.012518
0.013235
0.017646
