0.032712
0.032684
0.031022
0.029154
0.033742
0.026934
0.031001
0.035759
0.033253
0.031586
0.035832
0.026708
0.031213
0.028975
0.033384
0.026758
0.030360
0.028939
0.029725
0.031318
0.029160
0.021396
0.035475
0.031886
0.026362
0.030298
0.030525
0.034389
0.033043
0.031808
0.030988
0.026071
0.024264
0.035191
0.026886
0.025355
0.028526
0.029367
0.030257
0.028923
0.031053
0.031780
0.032448
0.034097
0.032245
0.029715
0.033187
0.030221
0.032198
0.027706
0.030505
0.031182
0.027613
0.026189
0.030135
0.034663
0.026438
0.030166
0.028229
0.027827
0.032665
0.032697
0.034780
0.029937
0.030739
0.027085
0.029099
0.029061
0.024573
0.032371
0.031884
0.030481
0.029228
0.031536
0.030666
0.030557
0.040740
0.032763
0.028031
0.028175
0.033904
0.028530
0.030103
0.028127
0.031964
0.027778
0.031896
0.033833
0.031052
0.035009
0.030738
0.031385
0.027429
0.030472
0.031305
0.032537
0.027135
0.028659
0.026105
0.028318
