0.009909
0.006947
0.010097
0.006395
0.010978
0.010755
0.010947
0.009888
0.010252
0.010641
0.010144
0.005861
0.009616
0.009432
0.010522
0.010082
0.011006
0.009906
0.009375
0.009562
0.044624
0.036615
0.010270
0.010444
0.010497
0.010084
0.010548
0.009717
0.004998
0.010432
0.010566
0.030637
0.011048
0.010017
0.010050
0.010545
0.009897
0.010369
0.010230
0.010089
0.011218
0.009562
0.010352
0.009924
0.010495
0.003587
0.010664
0.010775
0.009986
0.009616
0.010671
0.010123
0.004274
0.009925
0.009881
0.010787
0.009919
0.009514
0.010843
0.009100
0.009818
0.010040
0.010066
0.010675
0.009699
0.009310
0.010460
0.009520
0.009689
0.013559
0.009858
0.009540
0.011163
0.009701
0.004560
0.010491
0.009679
0.010835
0.006577
0.041799
0.009494
0.003866
0.009977
0.010164
0.005094
0.010081
0.010192
0.009771
0.011544
0.009889
0.010936
0.009820
0.010158
0.010149
0.010788
0.003926
0.009743
0.009277
0.009785
0.004020
