0.021540
0.014586
0.017222
0.021784
0.021631
0.022244
0.024781
0.020163
0.021355
0.023850
0.016890
0.027917
0.022269
0.015439
0.017058
0.023659
0.017843
0.023283
0.024312
0.026842
0.017449
0.025380
0.017335
0.024803
0.021612
0.018924
0.024673
0.021043
0.019693
0.019255
0.022744
0.025018
0.022381
0.023440
0.018278
0.026810
0.022193
0.018893
0.017244
0.020883
0.019243
0.024546
0.023614
0.018180
0.022133
0.021118
0.020437
0.017153
0.018887
0.023251
0.016793
0.022279
0.022831
0.019926
0.018300
0.024222
0.024799
0.022810
0.023110
0.022785
0.022255
0.023221
0.020203
0.022746
0.022214
0.024213
0.024090
0.021034
0.022499
0.016909
0.021603
0.024458
0.020697
0.017748
0.016842
0.022111
0.017388
0.024149
0.032547
0.022671
0.017266
0.022606
0.020013
0.019493
0.018540
0.024465
0.018946
0.022979
0.027546
0.022611
0.024438
0.019393
0.020772
0.024194
0.022138
0.021966
0.024318
0.020065
0.023654
0.023631
