0.075778
0.334864
0.032795
0.035860
0.410665
0.106773
0.249226
0.037000
0.032577
0.421197
0.060232
0.150890
0.074567
0.149998
0.048784
0.053427
0.223377
0.216660
0.163557
0.410952
0.055862
0.487613
0.170606
0.490234
0.265216
0.198785
0.060177
0.035581
0.050023
0.263044
0.076979
0.053305
0.041207
0.070137
0.054460
0.090848
0.151088
0.319160
0.146191
0.043422
0.111697
0.175499
0.407283
0.197527
0.182585
0.025244
0.037462
0.042759
0.089488
0.155528
0.028186
0.277632
0.156370
0.270998
0.629323
0.080411
0.022070
0.090324
0.045419
0.267474
0.428366
0.126549
0.051395
0.310341
0.396909
0.037922
0.306731
0.276394
0.173688
0.109311
0.080381
0.519542
0.222998
0.238091
0.185603
0.184537
0.307238
0.122178
0.586578
0.040788
0.079912
0.052126
0.151144
0.046229
0.448643
0.240377
0.123984
0.036216
0.189392
0.195742
0.123224
0.079450
0.363853
0.154944
0.120864
0.159516
0.037667
0.066498
0.047673
0.045101
