0.034140
0.158736
0.240782
0.130406
0.204195
0.086343
0.350541
0.094683
0.186593
0.057519
0.317329
0.077769
0.253173
0.078946
0.157440
0.385861
0.056038
0.323660
0.112522
0.054180
0.205577
0.216133
0.285382
0.302922
0.106307
0.079681
0.042368
0.146072
0.124450
0.136292
0.263894
0.195224
0.237222
0.098934
0.079839
0.143768
0.300101
0.277428
0.086996
0.308637
0.078080
0.080711
0.395866
0.340921
0.104058
0.037867
0.052907
0.071481
0.052501
0.155619
0.130063
0.253783
0.155543
0.237702
0.058744
0.290598
0.091540
0.047418
0.269552
0.274976
0.041685
0.249355
0.196350
0.194871
0.100007
0.063538
0.047695
0.380597
0.121740
0.042808
0.055316
0.171535
0.105974
0.235819
0.402955
0.112640
0.056502
0.165241
0.429705
0.058681
0.064371
0.124919
0.351655
0.068082
0.275022
0.329309
0.306082
0.156015
0.381825
0.170397
0.156913
0.208714
0.156256
0.192082
0.045931
0.296366
0.106868
0.288105
0.256862
0.079597
