0.077608
0.169005
0.175246
0.072565
0.078920
0.102453
0.184599
0.157000
0.234900
0.176274
0.149353
0.089910
0.071454
0.105885
0.124435
0.105078
0.145816
0.063555
0.229716
0.125355
0.073979
0.060325
0.176877
0.126654
0.080305
0.069829
0.074243
0.098989
0.063152
0.067052
0.142106
0.177572
0.127814
0.079317
0.042434
0.116641
0.068736
0.065551
0.077978
0.151719
0.100922
0.160802
0.087714
0.207053
0.104063
0.143648
0.138754
0.255746
0.097690
0.141941
0.056813
0.190141
0.125921
0.070376
0.081027
0.125416
0.185743
0.121943
0.129368
0.077735
0.125137
0.181031
0.109350
0.084256
0.105825
0.097766
0.121050
0.060834
0.067310
0.108356
0.183326
0.078110
0.108017
0.066359
0.115985
0.085315
0.058546
0.103609
0.113730
0.099200
0.135562
0.190328
0.098285
0.089633
0.109862
0.099472
0.089863
0.132710
0.111977
0.148937
0.067534
0.120547
0.081024
0.130366
0.080578
0.162419
0.150953
0.194105
0.144946
0.064172
