0.038680
0.055796
0.051014
0.157713
0.141391
0.059985
0.275135
0.137905
0.169798
0.234634
0.317799
0.101925
0.134102
0.098643
0.207915
0.384145
0.186742
0.067559
0.052281
0.098143
0.300499
0.048911
0.100163
0.220352
0.128417
0.122223
0.084326
0.066337
0.064662
0.183722
0.101742
0.209778
0.231414
0.074791
0.056795
0.036255
0.204027
0.235511
0.039392
0.394503
0.163659
0.055291
0.038410
0.093534
0.112559
0.149609
0.070261
0.049516
0.168315
0.063469
0.261304
0.281697
0.078142
0.293845
0.054247
0.275231
0.096389
0.034922
0.044824
0.122529
0.336233
0.037940
0.101520
0.379883
0.140581
0.338603
0.047337
0.063417
0.087283
0.271156
0.062795
0.217023
0.141867
0.071881
0.162125
0.053993
0.178573
0.442710
0.524591
0.051518
0.034288
0.250670
0.098302
0.039150
0.127954
0.039309
0.065729
0.067251
0.170246
0.103669
0.051949
0.472265
0.095800
0.258099
0.157935
0.040182
0.284543
0.133739
0.048896
0.078642
