0.017169
0.018024
0.016911
0.014815
0.015549
0.011420
0.017060
0.017021
0.013041
0.012928
0.012721
0.011317
0.020017
0.021553
0.014940
0.012110
0.015681
0.013640
0.018850
0.011171
0.013459
0.008665
0.013968
0.018818
0.022412
0.013361
0.013603
0.012685
0.010433
0.016830
0.019258
0.012619
0.014775
0.017735
0.013655
0.020472
0.013137
0.012268
0.009604
0.013757
0.017866
0.012135
0.012805
0.019473
0.017418
0.011850
0.013359
0.020480
0.009373
0.014880
0.013988
0.015385
0.014789
0.020000
0.015206
0.017732
0.015808
0.016097
0.018439
0.018733
0.014587
0.017004
0.014410
0.019279
0.011968
0.015368
0.020528
0.011421
0.015517
0.021558
0.014263
0.011787
0.016303
0.025536
0.018461
0.013158
0.021014
0.014281
0.017014
0.016166
0.018465
0.015428
0.017656
0.015106
0.013908
0.012687
0.014829
0.015534
0.018282
0.017743
0.021828
0.012197
0.020190
0.013608
0.015048
0.011168
0.015581
0.016171
0.011202
0.013677
