0.044527
0.042617
0.038294
0.034405
0.042625
0.041865
0.032887
0.039371
0.045555
0.043602
0.044711
0.036918
0.040853
0.039773
0.041593
0.037778
0.050108
0.036949
0.044685
0.040347
0.044200
0.043452
0.041870
0.040872
0.040501
0.038963
0.046294
0.038287
0.039662
0.045044
0.040226
0.040419
0.044882
0.048305
0.038460
0.041715
0.038035
0.037693
0.041817
0.039587
0.040392
0.039055
0.041418
0.046065
0.033235
0.044709
0.043490
0.037614
0.043138
0.051960
0.039934
0.044806
0.039033
0.048031
0.034877
0.040087
0.045111
0.048711
0.043807
0.045725
0.043504
0.041687
0.043463
0.041971
0.047220
0.045123
0.042872
0.041380
0.042791
0.036898
0.045481
0.042537
0.050327
0.037179
0.044707
0.046387
0.043258
0.046546
0.044815
0.038447
0.038682
0.038898
0.035168
0.049781
0.039116
0.043382
0.039000
0.046889
0.038210
0.045723
0.044235
0.042555
0.046669
0.039008
0.039677
0.044142
0.040449
0.050964
0.044435
0.037892
