0.005087
0.007927
0.007307
0.004927
0.002557
0.011897
0.005859
0.006650
0.008042
0.006292
0.004666
0.006838
0.009264
0.010445
0.003430
0.006595
0.002679
0.007719
0.006831
0.008025
0.004470
0.005532
0.006569
0.006199
0.009458
0.011347
0.002651
0.008910
0.007954
0.005938
0.006856
0.005518
0.004993
0.007347
0.001842
0.003673
0.006068
0.006055
0.007647
0.011196
0.005358
0.004942
0.007046
0.007884
0.007118
0.005273
0.006392
0.004282
0.010198
0.005557
0.010012
0.004047
0.007690
0.006263
0.008715
0.006759
0.006972
0.003577
0.007808
0.003173
0.006397
0.008775
0.004732
0.004162
0.008827
0.005658
0.006268
0.005549
0.008313
0.009880
0.010404
0.003232
0.003929
0.006974
0.005437
0.006204
0.008923
0.003724
0.005899
0.011300
0.008342
0.004718
0.004932
0.011481
0.003371
0.006355
0.005986
0.006932
0.008002
0.004798
0.005725
0.004428
0.010479
0.007623
0.011278
0.006510
0.007460
0.005470
0.006904
0.008473
