0.063135
0.064460
0.063163
0.056149
0.064057
0.059230
0.057625
0.053550
0.061827
0.052112
0.055793
0.062969
0.060586
0.058320
0.060513
0.050314
0.055622
0.056687
0.064864
0.051436
0.061908
0.051492
0.058904
0.059057
0.060393
0.062367
0.063256
0.057487
0.056834
0.059821
0.057700
0.062907
0.064287
0.056454
0.056469
0.058407
0.059562
0.056658
0.056057
0.055365
0.056638
0.053336
0.052800
0.059810
0.063109
0.051818
0.055770
0.047236
0.054411
0.062000
0.057340
0.060838
0.047811
0.062444
0.057776
0.052082
0.058460
0.063121
0.066743
0.054504
0.054375
0.055440
0.058211
0.054825
0.056588
0.051116
0.064361
0.054020
0.047482
0.059512
0.060844
0.061201
0.067844
0.059702
0.056987
0.052425
0.073639
0.059919
0.054005
0.057821
0.063705
0.056230
0.064969
0.059210
0.055128
0.064325
0.056199
0.053833
0.068559
0.053527
0.052800
0.056129
0.064131
0.055189
0.054522
0.058226
0.062098
0.056816
0.053996
0.066959
