0.023842
0.023704
0.025984
0.020143
0.026336
0.020825
0.020020
0.022957
0.023593
0.024928
0.025823
0.023160
0.024783
0.028174
0.019667
0.024134
0.024015
0.023139
0.022003
0.025362
0.023600
0.029673
0.024797
0.027456
0.023658
0.017877
0.024044
0.021646
0.024367
0.023196
0.025739
0.027731
0.025664
0.024819
0.021345
0.025070
0.021144
0.022952
0.023263
0.025657
0.021904
0.021431
0.022991
0.026308
0.025400
0.024857
0.021422
0.025536
0.024707
0.024930
0.023147
0.023072
0.023773
0.024834
0.020782
0.025073
0.024470
0.023931
0.026315
0.023058
0.030044
0.027342
0.023978
0.024800
0.024910
0.025313
0.025748
0.019921
0.022457
0.023720
0.025848
0.022079
0.025536
0.019757
0.023689
0.023917
0.024623
0.029117
0.028843
0.025174
0.020279
0.023358
0.020955
0.026077
0.023935
0.024415
0.021908
0.023423
0.023416
0.024413
0.021001
0.022146
0.020526
0.025299
0.024287
0.024598
0.024286
0.024802
0.027462
0.022401
