0.268513
0.031057
0.292504
0.480661
0.233273
0.279459
0.298875
0.381830
0.086646
0.221790
0.438360
0.197701
0.055872
0.146568
0.202859
0.198947
0.326799
0.242713
0.164735
0.267839
0.045972
0.225258
0.079894
0.088818
0.386131
0.164443
0.303819
0.127098
0.169113
0.183661
0.244521
0.204539
0.255151
0.162921
0.139091
0.418407
0.389656
0.178960
0.231569
0.342829
0.231264
0.094375
0.194282
0.371690
0.227946
0.279181
0.395581
0.184672
0.096715
0.285850
0.161392
0.180436
0.196105
0.048439
0.230273
0.195596
0.225510
0.267287
0.172805
0.333603
0.279760
0.292263
0.016507
0.217809
0.042291
0.490336
0.261471
0.061878
0.274774
0.232039
0.257028
0.201450
0.160536
0.198345
0.091929
0.182759
0.437162
0.175994
0.252268
0.332857
0.294147
0.223643
0.407561
0.202187
0.182593
0.318238
0.491620
0.608703
0.541069
0.197652
0.223150
0.472389
0.247601
0.257921
0.359371
0.249675
0.310887
0.267814
0.218102
0.534044
