0.128427
0.313364
0.126979
0.199717
0.179965
0.210707
0.201680
0.114379
0.051276
0.117554
0.292372
0.261700
0.088697
0.163615
0.188158
0.133617
0.154964
0.263628
0.102347
0.076422
0.096779
0.211026
0.444100
0.109572
0.155561
0.121403
0.425664
0.279898
0.165791
0.096031
0.088087
0.302556
0.117583
0.085033
0.133844
0.124020
0.141172
0.218769
0.128400
0.161810
0.122903
0.195148
0.152387
0.191820
0.116242
0.115318
0.073594
0.159987
0.172924
0.114669
0.162442
0.228995
0.132324
0.402830
0.317065
0.114203
0.186227
0.116435
0.213411
0.160117
0.135191
0.118842
0.487375
0.217563
0.045492
0.338161
0.128161
0.280066
0.089210
0.117699
0.174598
0.202812
0.221256
0.192063
0.214196
0.135634
0.274523
0.113450
0.153180
0.215166
0.233374
0.102086
0.113332
0.151057
0.126973
0.149521
0.268899
0.087990
0.086595
0.307648
0.186556
0.369057
0.154013
0.220689
0.131218
0.250457
0.190744
0.092907
0.163343
0.437652
