0.066529
0.508010
0.299716
0.125919
0.236401
0.282857
0.188404
0.361834
0.330631
0.278584
0.138743
0.246242
0.520779
0.352899
0.171993
0.293923
0.307109
0.377917
0.316763
0.394649
0.055013
0.195692
0.559974
0.130718
0.210377
0.155049
0.288646
0.157525
0.286819
0.295810
0.265795
0.324945
0.289727
0.256959
0.278811
0.276382
0.320888
0.245884
0.301645
0.112564
0.306336
0.383377
0.213785
0.328421
0.328853
0.344737
0.256540
0.335971
0.241840
0.180794
0.418234
0.213504
0.300575
0.048868
0.187861
0.373290
0.288980
0.148688
0.306552
0.409362
0.277350
0.235982
0.556988
0.279150
0.043487
0.543566
0.172694
0.099687
0.279182
0.378489
0.323817
0.255315
0.115171
0.262479
0.419805
0.331565
0.207265
0.485007
0.414124
0.432457
0.195230
0.285704
0.412180
0.338455
0.390059
0.382648
0.244403
0.042422
0.235605
0.308195
0.268440
0.320717
0.250652
0.182454
0.284659
0.394462
0.263173
0.419175
0.286436
0.106807
