0.101506
0.106511
0.146961
0.090367
0.106862
0.093314
0.069826
0.159280
0.184245
0.098264
0.093276
0.119443
0.103508
0.097584
0.098303
0.072369
0.100678
0.152060
0.120854
0.125668
0.113447
0.086759
0.136486
0.092466
0.103205
0.103670
0.115600
0.091762
0.081087
0.099953
0.092976
0.100464
0.071521
0.083390
0.099600
0.092454
0.102882
0.045495
0.076264
0.064211
0.082305
0.107477
0.073877
0.108509
0.120332
0.101624
0.127883
0.115628
0.085049
0.055586
0.065286
0.091014
0.110310
0.278180
0.094964
0.079725
0.104896
0.114025
0.119428
0.077924
0.087886
0.084232
0.071664
0.134011
0.300788
0.079346
0.101491
0.197280
0.112189
0.111407
0.133728
0.084934
0.077616
0.080029
0.076660
0.103508
0.234263
0.095945
0.106530
0.079355
0.067939
0.156874
0.086107
0.085732
0.113964
0.118621
0.053900
0.075668
0.189302
0.126799
0.099638
0.127676
0.093071
0.092347
0.118880
0.106764
0.072786
0.123702
0.102195
0.089817
