0.173630
0.037377
0.301459
0.076631
0.240857
0.216587
0.111180
0.039875
0.073523
0.149236
0.083174
0.176666
0.325005
0.148105
0.136971
0.216721
0.243293
0.189490
0.166576
0.250964
0.461649
0.230964
0.332895
0.215597
0.220605
0.285561
0.281261
0.321077
0.266259
0.245104
0.260911
0.133569
0.176815
0.107244
0.176565
0.285202
0.321275
0.162900
0.057850
0.377037
0.167744
0.247845
0.143391
0.164416
0.120240
0.219102
0.044814
0.177810
0.137376
0.197936
0.173156
0.187420
0.122661
0.050879
0.464476
0.285758
0.158905
0.144143
0.216787
0.119930
0.284998
0.194829
0.406965
0.113678
0.545299
0.074085
0.097015
0.377760
0.174367
0.138334
0.153714
0.239889
0.063201
0.053857
0.221734
0.273219
0.376459
0.214440
0.298648
0.096915
0.254419
0.104756
0.204865
0.198222
0.237004
0.153347
0.186878
0.046840
0.428655
0.154720
0.201466
0.227582
0.229531
0.235815
0.138188
0.230626
0.152199
0.202150
0.170668
0.221829
