0.074424
0.101817
0.025754
0.065183
0.215276
0.078289
0.051737
0.013816
0.055823
0.140285
0.079875
0.289915
0.039019
0.111424
0.082702
0.086668
0.133271
0.019196
0.022498
0.119469
0.172882
0.092615
0.043433
0.175572
0.057368
0.139289
0.070731
0.055199
0.044179
0.111797
0.034776
0.073217
0.025167
0.148475
0.033368
0.051191
0.021538
0.112259
0.028127
0.068643
0.142307
0.290089
0.036215
0.031444
0.023222
0.139398
0.274380
0.214988
0.072398
0.066246
0.064398
0.027332
0.159486
0.080358
0.269395
0.163163
0.107196
0.033839
0.142036
0.034192
0.226099
0.029324
0.079549
0.263108
0.018032
0.036741
0.235434
0.065130
0.343874
0.027235
0.012442
0.089617
0.178351
0.083444
0.158954
0.054774
0.290258
0.063526
0.195090
0.020130
0.064760
0.026566
0.160943
0.070511
0.162244
0.128075
0.240266
0.312910
0.339457
0.073460
0.053973
0.070599
0.045616
0.065358
0.016974
0.182734
0.021099
0.144288
0.210863
0.032588
