0.112644
0.069709
0.046112
0.054262
0.162551
0.131104
0.072808
0.045779
0.127772
0.060108
0.045819
0.040581
0.168129
0.079871
0.062079
0.059706
0.046890
0.119287
0.098802
0.094182
0.082131
0.042443
0.063121
0.063915
0.064783
0.116550
0.093102
0.038840
0.058058
0.043064
0.050858
0.042246
0.034464
0.060591
0.082492
0.033402
0.100913
0.065352
0.130057
0.077985
0.079010
0.268321
0.041107
0.045539
0.048384
0.052955
0.060600
0.061949
0.062662
0.071699
0.078379
0.047126
0.054243
0.095809
0.069659
0.086135
0.062295
0.050876
0.065983
0.045201
0.262643
0.113438
0.051569
0.190120
0.041066
0.057532
0.111096
0.143156
0.069119
0.085789
0.036925
0.188159
0.050782
0.038497
0.059126
0.072335
0.056275
0.143558
0.131210
0.093011
0.133242
0.088104
0.065198
0.060651
0.074682
0.078443
0.238695
0.072309
0.104557
0.094021
0.084228
0.137739
0.069738
0.052001
0.079064
0.176547
0.079581
0.056759
0.045928
0.058919
