0.097279
0.149316
0.135816
0.042492
0.168544
0.201826
0.062756
0.075489
0.216752
0.092536
0.134657
0.031644
0.188814
0.196935
0.075001
0.080272
0.149681
0.085606
0.050748
0.197709
0.051223
0.054319
0.103171
0.254234
0.315472
0.169650
0.174683
0.316577
0.024705
0.046297
0.065441
0.056227
0.104429
0.201471
0.231143
0.152158
0.085545
0.074851
0.062487
0.232643
0.455140
0.234365
0.071776
0.075590
0.039404
0.051255
0.138433
0.354366
0.075991
0.136307
0.118307
0.187912
0.024893
0.142668
0.070878
0.207588
0.076680
0.080059
0.112296
0.079210
0.068487
0.096692
0.130823
0.316013
0.144358
0.058161
0.218761
0.060722
0.070325
0.046229
0.159193
0.076462
0.060753
0.229539
0.035466
0.077616
0.068207
0.074538
0.025538
0.037215
0.080346
0.109490
0.049667
0.073520
0.071314
0.175591
0.297891
0.183450
0.041884
0.101461
0.118225
0.148273
0.079964
0.080284
0.348143
0.032136
0.077116
0.145431
0.059586
0.022845
