0.106049
0.051361
0.052112
0.057943
0.057933
0.046544
0.061511
0.066521
0.052376
0.050581
0.070490
0.071044
0.061222
0.072487
0.077812
0.089909
0.042703
0.087917
0.043495
0.051849
0.052864
0.159742
0.084611
0.076914
0.135000
0.118796
0.083372
0.053670
0.105309
0.119915
0.069208
0.053792
0.058013
0.077841
0.091984
0.055521
0.054182
0.057621
0.040511
0.062635
0.078046
0.054182
0.058383
0.049309
0.036138
0.052188
0.084347
0.052390
0.080457
0.092235
0.048912
0.054889
0.055369
0.071252
0.115858
0.073680
0.051756
0.060172
0.048116
0.097705
0.048080
0.060011
0.035552
0.093359
0.088152
0.082742
0.072582
0.137148
0.086677
0.062985
0.067139
0.056806
0.125299
0.084242
0.036003
0.046107
0.089739
0.084441
0.066785
0.043261
0.061040
0.051647
0.046736
0.065909
0.059939
0.084838
0.092941
0.064985
0.064237
0.051601
0.126063
0.068884
0.136398
0.068092
0.042704
0.073315
0.085159
0.059343
0.038879
0.064646
