0.082750
0.077433
0.025775
0.096361
0.063559
0.031846
0.064187
0.022590
0.056250
0.107841
0.031295
0.044137
0.052257
0.093117
0.045600
0.352073
0.062776
0.114632
0.078714
0.116058
0.038101
0.056987
0.029095
0.121837
0.094691
0.050345
0.127156
0.095133
0.056747
0.063330
0.026777
0.166649
0.044719
0.054429
0.056972
0.091992
0.084834
0.062281
0.052096
0.065163
0.024019
0.107326
0.046253
0.042964
0.060787
0.090794
0.056258
0.073543
0.035400
0.089459
0.039044
0.045212
0.098560
0.049738
0.030547
0.148852
0.137793
0.066582
0.051712
0.102410
0.125315
0.093839
0.055565
0.124137
0.085158
0.116940
0.393764
0.053359
0.141680
0.035171
0.072007
0.062225
0.062024
0.049655
0.034889
0.040158
0.028179
0.102740
0.045862
0.071730
0.057468
0.129094
0.038642
0.074633
0.075459
0.310379
0.108814
0.169589
0.093032
0.168604
0.216508
0.076611
0.064564
0.085657
0.061307
0.042562
0.042953
0.092785
0.079467
0.067426
