0.011354
0.006051
0.012032
0.014486
0.006442
0.010716
0.006368
0.012058
0.016609
0.012967
0.004742
0.014547
0.016233
0.015985
0.013776
0.006786
0.017739
0.010943
0.012671
0.010064
0.017544
0.015668
0.006243
0.007029
0.012803
0.015445
0.013014
0.007229
0.014310
0.016507
0.013458
0.004807
0.007708
0.006399
0.009566
0.014445
0.006649
0.010714
0.005631
0.004990
0.009812
0.003289
0.010470
0.015439
0.009562
0.012819
0.016643
0.011768
0.017696
0.007403
0.012338
0.004153
0.009916
0.013767
0.013550
0.014405
0.009033
0.012746
0.014800
0.009613
0.010758
0.013979
0.013893
0.007560
0.012574
0.011631
0.012136
0.013664
0.015434
0.013043
0.005675
0.018986
0.004721
0.011967
0.016821
0.017213
0.014920
0.016693
0.016167
0.015602
0.005596
0.010234
0.012159
0.004588
0.015430
0.014238
0.006236
0.006690
0.015128
0.010333
0.011252
0.003813
0.011999
0.014130
0.018022
0.017112
0.004230
0.010507
0.014718
0.013759
