0.029874
0.021896
0.023761
0.030150
0.031311
0.029294
0.022499
0.033317
0.034214
0.031621
0.032683
0.030165
0.021596
0.023411
0.026044
0.017597
0.029662
0.027182
0.039021
0.023606
0.029451
0.029743
0.036319
0.033929
0.041439
0.031120
0.020944
0.028074
0.030445
0.030297
0.034736
0.039698
0.026162
0.021855
0.018990
0.029984
0.026857
0.032732
0.036421
0.036480
0.039051
0.026539
0.017910
0.027992
0.032702
0.030401
0.030561
0.020976
0.036090
0.034168
0.029880
0.031425
0.021573
0.018575
0.032492
0.024161
0.023150
0.025200
0.027091
0.035036
0.034838
0.019045
0.026244
0.038677
0.031372
0.027245
0.027877
0.015527
0.028281
0.031738
0.029719
0.027227
0.029209
0.031682
0.030639
0.033188
0.029925
0.026870
0.016788
0.022881
0.033270
0.029709
0.029204
0.029071
0.023647
0.030931
0.033093
0.033459
0.032178
0.029016
0.027528
0.025374
0.021333
0.034773
0.031811
0.026120
0.032519
0.027564
0.025765
0.026460
