0.012172
0.012309
0.011792
0.013264
0.013191
0.006506
0.012357
0.008253
0.015038
0.018350
0.012212
0.011654
0.011570
0.008854
0.011771
0.011530
0.006397
0.012054
0.005295
0.011294
0.013454
0.011982
0.013136
0.011293
0.003561
0.011621
0.002658
0.012872
0.010770
0.012626
0.010466
0.003185
0.010431
0.011628
0.011050
0.012082
0.006173
0.010891
0.013116
0.012539
0.012849
0.010580
0.012319
0.002607
0.013900
0.003754
0.017074
0.013022
0.012807
0.012101
0.011252
0.005452
0.010704
0.012279
0.013766
0.021944
0.011660
0.012135
0.010868
0.011955
0.012632
0.012970
0.011592
0.003791
0.012153
0.005195
0.042438
0.011879
0.012329
0.011624
0.011920
0.012303
0.012642
0.007035
0.012124
0.004575
0.012146
0.010349
0.011332
0.012406
0.013103
0.006844
0.011692
0.017292
0.012939
0.012629
0.012447
0.012403
0.012078
0.012304
0.003828
0.019868
0.029349
0.005072
0.007862
0.004731
0.013197
0.019588
0.009221
0.019211
