0.056455
0.050141
0.050763
0.046347
0.057104
0.052037
0.051187
0.050537
0.042271
0.043974
0.050354
0.054255
0.055562
0.051949
0.050493
0.044925
0.054624
0.048951
0.051458
0.048572
0.049404
0.045058
0.045969
0.047157
0.057961
0.049262
0.054813
0.054945
0.044643
0.046584
0.046123
0.042943
0.037445
0.047340
0.036033
0.049884
0.051889
0.052042
0.050745
0.046164
0.046319
0.044855
0.051913
0.053450
0.048542
0.046831
0.048791
0.046069
0.040923
0.044321
0.050446
0.055754
0.053864
0.050105
0.053644
0.050040
0.049245
0.044364
0.051566
0.044302
0.051348
0.053639
0.042979
0.053797
0.043105
0.048701
0.048594
0.048655
0.047769
0.049134
0.050708
0.047230
0.055418
0.049974
0.042274
0.048977
0.052244
0.044734
0.051575
0.055429
0.050312
0.049784
0.034912
0.050113
0.043824
0.057427
0.050393
0.045943
0.054584
0.050818
0.044770
0.044756
0.051558
0.041747
0.051052
0.043181
0.052919
0.051956
0.053582
0.042181
