0.030446
0.022859
0.016987
0.026254
0.019831
0.008301
0.018478
0.015090
0.018935
0.018383
0.018587
0.022451
0.020396
0.018005
0.024347
0.028607
0.018856
0.012434
0.015282
0.017688
0.012036
0.011277
0.019427
0.023457
0.027548
0.012338
0.026695
0.028109
0.018791
0.028696
0.019102
0.020134
0.016663
0.028042
0.018131
0.018259
0.026648
0.018696
0.013563
0.024006
0.024066
0.022935
0.022151
0.026722
0.011764
0.010256
0.028040
0.023023
0.024759
0.023390
0.020922
0.025427
0.012111
0.027344
0.028479
0.025275
0.029153
0.014142
0.011271
0.011819
0.027297
0.022077
0.029904
0.012484
0.008390
0.024765
0.027391
0.023353
0.022530
0.027527
0.027628
0.012982
0.023462
0.010017
0.019005
0.027350
0.020469
0.020852
0.011359
0.027384
0.025804
0.016524
0.018202
0.024126
0.012611
0.027794
0.018802
0.014437
0.027029
0.020282
0.010428
0.023509
0.019517
0.021921
0.025907
0.011497
0.020864
0.012000
0.022158
0.010925
