0.015090
0.013985
0.032108
0.060571
0.013708
0.086159
0.011932
0.066723
0.105396
0.071040
0.030155
0.040907
0.112104
0.036336
0.046356
0.033156
0.076096
0.066264
0.014044
0.064868
0.146392
0.079968
0.022812
0.006590
0.028135
0.032653
0.104815
0.016555
0.018345
0.042729
0.093297
0.011421
0.009840
0.023668
0.032498
0.024397
0.011309
0.033283
0.043154
0.033495
0.048592
0.085947
0.044228
0.063626
0.017477
0.049905
0.081431
0.046395
0.039208
0.016073
0.044797
0.006280
0.018103
0.025529
0.076497
0.140438
0.034151
0.035124
0.146721
0.025627
0.021604
0.074380
0.049152
0.010219
0.031966
0.022846
0.118793
0.078556
0.057549
0.015450
0.010356
0.020577
0.011058
0.040020
0.212073
0.058189
0.085046
0.051556
0.141550
0.037122
0.008792
0.023961
0.030951
0.029199
0.129489
0.025561
0.039387
0.008392
0.117043
0.010301
0.031033
0.018218
0.026724
0.041562
0.059704
0.061357
0.018030
0.137000
0.023964
0.074403
