0.051750
0.050629
0.035110
0.050391
0.036620
0.041710
0.059126
0.054626
0.042856
0.039507
0.054965
0.072406
0.050721
0.034843
0.040881
0.047867
0.041106
0.046628
0.071968
0.050814
0.028373
0.039504
0.053112
0.152797
0.049106
0.039200
0.042461
0.034680
0.065753
0.042889
0.069552
0.057319
0.041625
0.034482
0.132162
0.046293
0.049371
0.047720
0.058277
0.049335
0.042635
0.032253
0.061860
0.040329
0.063769
0.062384
0.060122
0.032652
0.036034
0.045710
0.055014
0.040507
0.057286
0.042132
0.053381
0.053524
0.049983
0.043027
0.115674
0.043161
0.070995
0.048152
0.052282
0.052081
0.038827
0.047414
0.060018
0.048912
0.041419
0.039411
0.059692
0.050556
0.033948
0.045183
0.038586
0.054073
0.072421
0.043098
0.052802
0.030703
0.045591
0.053224
0.130565
0.045190
0.044940
0.077823
0.046288
0.043068
0.035436
0.034461
0.046884
0.034052
0.031663
0.046108
0.036006
0.036116
0.040633
0.044545
0.062242
0.038044
