0.052985
0.069216
0.113972
0.069368
0.061697
0.012281
0.076903
0.029276
0.027880
0.031159
0.108908
0.052800
0.110763
0.013574
0.096099
0.088150
0.021822
0.072772
0.100418
0.085744
0.034699
0.069185
0.049571
0.138716
0.022892
0.098273
0.128595
0.208743
0.067597
0.051833
0.039235
0.117686
0.128226
0.053158
0.124791
0.064300
0.021410
0.082713
0.053135
0.040934
0.068025
0.087021
0.087948
0.035458
0.099832
0.024028
0.037135
0.069910
0.059497
0.098695
0.040344
0.063938
0.226281
0.056447
0.058204
0.038135
0.101950
0.085181
0.103500
0.051488
0.079975
0.066336
0.092509
0.111146
0.062747
0.084893
0.043001
0.134971
0.094201
0.084714
0.097517
0.160292
0.049717
0.037822
0.064165
0.017305
0.103543
0.036640
0.078843
0.085508
0.048721
0.093746
0.068054
0.129779
0.030952
0.057768
0.048103
0.073849
0.072779
0.062885
0.059753
0.034097
0.031379
0.098527
0.015707
0.035608
0.061751
0.061608
0.032328
0.034508
