0.044680
0.046520
0.061306
0.042369
0.038164
0.051946
0.050099
0.048462
0.045575
0.056299
0.051493
0.043972
0.052172
0.052571
0.042630
0.096387
0.061432
0.090307
0.050744
0.059811
0.046967
0.054297
0.040928
0.084946
0.043177
0.066950
0.055508
0.047186
0.037274
0.037347
0.026755
0.041715
0.048461
0.043313
0.061475
0.055287
0.042132
0.038853
0.031035
0.040724
0.039027
0.069272
0.048100
0.043431
0.032340
0.036902
0.037109
0.050027
0.032970
0.048292
0.053375
0.046578
0.063229
0.058945
0.058442
0.057847
0.061928
0.045414
0.051247
0.041131
0.056222
0.085119
0.044517
0.085321
0.034573
0.045354
0.071472
0.041087
0.045792
0.037920
0.035902
0.056209
0.052130
0.072381
0.047902
0.050867
0.077677
0.036668
0.043684
0.040328
0.037624
0.039814
0.042731
0.052802
0.085395
0.038729
0.093961
0.039243
0.051760
0.045796
0.052611
0.038104
0.037887
0.038238
0.038591
0.045203
0.050516
0.065597
0.034973
0.055575
