0.085820
0.060829
0.033083
0.065040
0.023770
0.043028
0.039134
0.024260
0.026154
0.028164
0.024100
0.063658
0.023479
0.040015
0.032585
0.064708
0.028223
0.034967
0.067668
0.064270
0.056348
0.043832
0.036796
0.099170
0.037572
0.068068
0.168310
0.169977
0.037055
0.102224
0.034309
0.106807
0.070440
0.049326
0.027657
0.037120
0.060981
0.037231
0.025818
0.024354
0.044751
0.069862
0.063372
0.040135
0.029035
0.041756
0.062358
0.058273
0.104455
0.179200
0.060958
0.094427
0.035250
0.059583
0.083506
0.052905
0.037707
0.026491
0.050609
0.047957
0.052546
0.031016
0.052133
0.055758
0.054385
0.128989
0.055217
0.097766
0.108972
0.078650
0.081378
0.032976
0.051101
0.030004
0.033366
0.056112
0.037760
0.089392
0.089641
0.059117
0.066026
0.036063
0.051509
0.176276
0.024409
0.067120
0.035135
0.032977
0.103507
0.025155
0.075640
0.068054
0.026590
0.057178
0.062514
0.058041
0.044371
0.039915
0.036824
0.056155
