0.091792
0.093443
0.145750
0.182326
0.202609
0.150278
0.141663
0.098235
0.047843
0.044013
0.101834
0.237991
0.249267
0.439262
0.542057
0.777067
1.000000
0.832724
0.520267
0.256616
0.222869
0.171371
0.177213
0.347831
0.476247
0.738977
0.773998
0.763740
0.827964
0.549566
0.541320
0.185580
0.181140
0.247672
0.451764
0.655207
0.528594
0.869597
0.768348
0.858585
0.714526
0.753298
0.254508
0.178407
0.184450
0.402245
0.467367
0.632030
0.779864
0.723125
0.725577
0.615473
0.569930
0.264125
0.197416
0.138850
0.668438
0.519746
0.567670
0.641743
0.688360
0.703154
0.544726
0.675610
0.353120
0.189843
0.244162
0.349946
0.377907
0.601842
0.448558
0.807472
0.584475
0.382980
0.593932
0.253530
0.233455
0.087769
0.182406
0.128552
0.108902
0.248602
0.193121
0.161995
0.148699
0.550424
0.209918
0.173022
0.106450
0.465572
0.558534
0.492852
0.402494
0.650118
0.393045
0.744611
0.635220
0.352799
0.388277
0.149661
0.542771
0.467936
0.431721
0.637929
0.580653
0.441145
0.583241
0.671539
0.377514
0.785177
0.194916
0.394095
0.597498
0.363923
0.465308
0.568327
0.483034
0.884655
0.525500
0.223526
0.285971
0.238696
0.382836
0.700325
0.442115
0.282388
0.391627
0.787990
0.275553
0.844296
0.229039
0.305276
0.200662
0.109383
0.312810
0.495416
0.423915
0.553926
0.819774
0.240227
0.529908
0.246742
0.137159
0.181140
0.182310
0.323196
0.610585
0.490111
0.572863
0.894568
0.214462
0.665168
0.341387
0.107403
0.140934
0.218717
0.203299
0.324806
0.486232
0.899497
0.776843
0.871800
0.447332
0.173310
0.233271
