0.033309
0.041772
0.074086
0.102009
0.132558
0.099294
0.083454
0.040414
0.024077
0.027245
0.100878
0.362192
0.310735
0.486468
0.526656
0.766700
1.000000
0.964021
0.416591
0.356173
0.400932
0.286658
0.268917
0.304263
0.350697
0.722122
0.654146
0.687002
0.714654
0.469451
0.530820
0.332639
0.269144
0.392514
0.420302
0.464609
0.420710
0.710853
0.581236
0.719632
0.688586
0.725652
0.473208
0.299285
0.340469
0.341012
0.424330
0.570420
0.671479
0.512717
0.639844
0.506291
0.648353
0.398262
0.304444
0.245972
0.663287
0.372194
0.495519
0.470447
0.479499
0.607893
0.494614
0.726195
0.499638
0.281906
0.409124
0.358391
0.295393
0.437002
0.421162
0.583364
0.390568
0.362419
0.656001
0.333318
0.319470
0.111966
0.392876
0.244524
0.198407
0.480675
0.319922
0.281318
0.278195
0.839156
0.313179
0.296841
0.142831
0.597891
0.418130
0.358074
0.302136
0.403376
0.297610
0.459359
0.544488
0.576122
0.616492
0.236604
0.526249
0.356309
0.312862
0.391428
0.525072
0.322819
0.668854
0.690215
0.653240
0.862600
0.208273
0.270501
0.461803
0.259504
0.335672
0.426095
0.302453
0.785119
0.470990
0.344949
0.343501
0.244750
0.281227
0.542496
0.295031
0.260138
0.201756
0.496877
0.270682
0.670302
0.317569
0.510002
0.201530
0.111423
0.210626
0.388441
0.259051
0.293130
0.600923
0.195148
0.387762
0.239229
0.374457
0.259730
0.290098
0.243528
0.503123
0.308382
0.386722
0.655548
0.186640
0.745293
0.450217
0.226647
0.166139
0.257829
0.264708
0.253847
0.366039
0.657495
0.603910
0.695148
0.475561
0.221986
0.465967
