0.180370
0.065164
0.036923
0.042331
0.042499
0.042811
0.073823
0.062444
0.350201
0.530294
0.223772
0.076007
0.080482
0.064312
0.039815
0.018986
0.010351
0.029492
0.057849
0.055709
0.054989
0.056249
0.077974
0.070139
0.050674
0.031988
0.020553
0.027077
0.040511
0.045986
0.049454
0.057809
0.056597
0.299263
0.218049
0.032208
0.196372
0.012066
0.012266
0.019822
0.047802
0.046642
0.059673
0.045402
0.203151
0.181393
0.060173
0.036224
0.029076
0.019058
0.027561
0.043283
0.053485
0.062440
0.048478
0.352956
0.042771
0.052829
0.044474
0.040959
0.034844
0.084438
0.048534
0.033300
0.048970
0.148630
0.506277
0.395667
0.140571
0.075951
0.353264
0.032068
0.192932
0.311157
0.036943
0.048898
0.114518
0.616100
0.479005
0.526899
0.452528
0.055561
0.447649
0.546924
0.557823
0.041915
0.414169
0.329983
0.419024
0.080910
0.115554
0.098708
0.354772
0.057277
0.509821
0.033844
0.251409
0.175194
0.042695
0.503334
0.030912
0.149557
0.200007
0.050098
0.172343
0.327379
0.172607
0.079394
0.013558
0.014990
0.073995
0.082062
0.063124
0.061236
0.393615
0.065052
0.293876
0.009991
0.197803
0.168583
0.135831
0.067380
0.419288
0.080010
0.058041
0.606025
0.076443
0.043547
0.110102
0.007723
0.444373
0.060960
0.181729
0.087549
0.096592
0.164360
0.252233
0.083282
0.031060
0.154549
0.040911
0.584899
0.931433
0.428763
0.306346
0.274554
0.056989
0.406886
0.388712
0.026009
0.194364
0.088357
0.358004
1.000000
0.728726
0.407997
0.099208
0.390004
0.380029
0.017494
0.017246
0.016842
0.510877
0.533626
0.460051
