0.059970
0.082959
0.120940
0.169915
0.226887
0.167417
0.146426
0.079461
0.062468
0.046977
0.125438
0.248375
0.235882
0.359820
0.327337
0.582209
0.946027
0.790105
0.357322
0.263369
0.241380
0.236882
0.251874
0.245378
0.326837
0.598201
0.588706
0.599201
0.626687
0.477262
0.433284
0.254873
0.242378
0.319341
0.282859
0.456772
0.359820
1.000000
0.599701
0.720640
0.752124
0.641680
0.371814
0.203898
0.223389
0.292353
0.246376
0.434282
0.604198
0.592704
0.701650
0.471265
0.468266
0.383309
0.257372
0.150925
0.453274
0.330334
0.484758
0.438280
0.535732
0.528236
0.438280
0.537232
0.461769
0.224387
0.319341
0.248375
0.226887
0.438781
0.341330
0.604698
0.365318
0.267866
0.404297
0.265867
0.250875
0.104948
0.261869
0.185907
0.130935
0.358821
0.252373
0.226386
0.221889
0.700150
0.247876
0.173913
0.136431
0.387806
0.306847
0.255373
0.200399
0.328836
0.239880
0.452774
0.410795
0.373813
0.514243
0.224888
0.376812
0.276361
0.196902
0.296852
0.400800
0.217891
0.349326
0.556222
0.598201
0.840580
0.213893
0.193404
0.325338
0.150925
0.278861
0.350825
0.205398
0.765119
0.334833
0.287856
0.247377
0.235383
0.185907
0.476762
0.211894
0.155922
0.148425
0.719142
0.134432
0.683659
0.206396
0.319840
0.480260
0.252373
0.138931
0.377811
0.227886
0.294352
0.639681
0.097452
0.270364
0.154923
0.224387
0.177412
0.177911
0.128435
0.517242
0.302348
0.413793
0.694153
0.108445
0.510245
0.365318
0.179910
0.143928
0.146927
0.151425
0.173414
0.277861
0.755124
0.808096
0.660670
0.312343
0.195902
0.273863
