0.000000
0.000000
0.000000
0.000000
0.000000
0.000000
0.000000
0.000000
0.116564
0.079293
0.028794
0.032557
0.038023
0.042538
0.040003
0.000000
0.000000
0.000000
0.034458
0.031052
0.051291
0.018774
0.034735
0.062658
0.000000
0.000000
0.000000
0.071412
0.000000
0.000000
0.033983
0.031250
0.010535
0.000000
0.000000
1.000000
0.070936
0.000000
0.031092
0.000000
0.000000
0.000000
0.023091
0.026418
0.000000
0.000000
0.735741
0.033191
0.000000
0.031805
0.000000
0.037310
0.025824
0.014417
0.018734
0.000000
0.084720
0.038815
0.035963
0.074976
0.000000
0.000000
0.032280
0.000000
0.000000
0.012912
0.000000
0.000000
0.080838
0.000000
0.000000
0.000000
0.000000
0.000000
0.000000
0.017784
0.021150
0.000000
0.000000
0.000000
0.000000
0.000000
0.000000
0.000000
0.000000
0.000000
0.017942
0.000000
0.000000
0.000000
0.000000
0.143417
0.000000
0.207462
0.000000
0.000000
0.000000
0.000000
0.025665
0.000000
0.379832
0.051648
0.000000
0.333769
0.000000
0.000000
0.000000
0.000000
0.000000
0.000000
0.132129
0.349057
0.031092
0.031329
0.000000
0.157755
0.000000
0.000000
0.000000
0.000000
0.000000
0.343671
0.043330
0.075650
0.000000
0.084878
0.387635
0.000000
0.541112
0.000000
0.000000
0.000000
0.000000
0.012476
0.895398
0.000000
0.000000
0.330402
0.000000
0.463007
0.102384
0.000000
0.000000
0.000000
0.064441
0.000000
0.000000
0.000000
0.000000
0.000000
0.846206
0.000000
0.000000
0.000000
0.000000
0.000000
0.000000
0.000000
0.000000
0.000000
0.000000
0.000000
0.000000
0.000000
0.000000
