0.000000
0.005851
0.000000
0.000000
0.001044
0.000000
0.008287
0.015688
1.000000
0.927602
0.265806
0.000000
0.004175
0.000000
0.000000
0.000000
0.000000
0.000000
0.000000
0.000000
0.000000
0.000000
0.000000
0.000949
0.000000
0.000000
0.000000
0.000000
0.000000
0.000000
0.000000
0.000000
0.000000
0.000000
0.000000
0.000000
0.000000
0.000000
0.001423
0.001392
0.000000
0.000000
0.000000
0.000000
0.014929
0.000000
0.000000
0.000000
0.000000
0.000000
0.000000
0.000000
0.000000
0.000000
0.000000
0.000000
0.000000
0.000000
0.000000
0.000000
0.005092
0.000000
0.000000
0.000000
0.000000
0.000000
0.000000
0.000000
0.000000
0.000000
0.000000
0.000000
0.000000
0.035329
0.000000
0.000000
0.000000
0.000000
0.000000
0.000000
0.000000
0.000000
0.000000
0.000000
0.000000
0.000000
0.000000
0.000000
0.000000
0.000000
0.000000
0.000000
0.000000
0.000000
0.000000
0.000791
0.000000
0.000000
0.000000
0.000000
0.000000
0.000000
0.000000
0.000000
0.000000
0.000000
0.008476
0.000000
0.000000
0.001803
0.000000
0.000000
0.000000
0.000000
0.000000
0.000000
0.000000
0.000000
0.000000
0.000000
0.000000
0.000000
0.000000
0.000000
0.000000
0.072524
0.000981
0.000000
0.000000
0.000000
0.000000
0.000000
0.039884
0.091470
0.004713
0.000000
0.000000
0.001613
0.000000
0.003194
0.000000
0.024069
0.000000
0.000000
0.000000
0.000000
0.000000
0.000000
0.000000
0.000000
0.008824
0.000000
0.000000
0.000000
0.002594
0.000000
0.000000
0.015182
0.000000
0.000000
0.000000
0.000000
0.000000
0.000000
0.000000
