1.000000
0.314671
0.331562
0.284874
0.091669
0.014994
0.044790
0.218637
0.139495
0.302904
0.539761
0.000000
0.035111
0.000000
0.000000
0.000000
0.000000
0.000000
0.000000
0.000000
0.000000
0.000000
0.000000
0.000000
0.083697
0.000000
0.000000
0.000000
0.080850
0.000000
0.000000
0.019168
0.044221
0.000000
0.000000
0.223951
0.047068
0.000000
0.000000
0.000000
0.000000
0.000000
0.000000
0.000000
0.037958
0.000000
0.173088
0.000000
0.000000
0.000000
0.000000
0.000000
0.000000
0.000000
0.000000
0.039476
0.066236
0.000000
0.000000
0.000000
0.000000
0.000000
0.000000
0.000000
0.037578
0.000000
0.000000
0.000000
0.068704
0.000000
0.000000
0.000000
0.000000
0.043082
0.000000
0.000000
0.038717
0.000000
0.000000
0.000000
0.000000
0.000000
0.000000
0.000000
0.000000
0.000000
0.023723
0.048776
0.000000
0.000000
0.000000
0.055039
0.000000
0.082938
0.000000
0.000000
0.072879
0.040046
0.050484
0.027519
0.087873
0.034921
0.000000
0.108939
0.000000
0.090719
0.056747
0.000000
0.000000
0.000000
0.047637
0.090529
0.000000
0.153729
0.062821
0.084077
0.088632
0.000000
0.000000
0.000000
0.137977
0.081989
0.033213
0.000000
0.214462
0.034732
0.119188
0.000000
0.148795
0.000000
0.000000
0.105523
0.034162
0.028848
0.199089
0.000000
0.000000
0.090909
0.000000
0.169103
0.055229
0.000000
0.032454
0.058076
0.025432
0.031505
0.000000
0.050484
0.080660
0.000000
0.213703
0.000000
0.000000
0.029797
0.031695
0.032833
0.000000
0.059025
0.081609
0.000000
0.000000
0.000000
0.044790
0.000000
0.053141
