0.080073
0.056648
0.062775
0.047610
0.033096
0.035482
0.043335
0.038645
0.075175
0.069752
0.131569
0.049237
0.034361
0.060389
0.104981
0.088885
0.118962
0.061817
0.046291
0.038807
0.032924
0.038202
0.036440
0.047737
0.041690
0.287459
0.047583
0.090367
0.081067
0.113413
0.061501
0.038518
0.041157
0.177534
0.377048
0.180869
0.320952
0.071560
0.037578
0.066462
0.089861
0.043236
0.041446
0.062251
0.392539
0.313297
0.242957
0.070412
0.062188
0.043923
0.048577
0.068695
0.078853
0.031144
0.041600
0.278285
0.223138
0.052183
0.050086
0.079702
0.066833
0.747553
0.080706
0.045757
0.060886
0.145586
0.320075
0.521252
1.000000
0.495323
0.685121
0.183255
0.189762
0.323726
0.104375
0.072924
0.144592
0.114217
0.215583
0.142749
0.165975
0.122658
0.138248
0.208045
0.185677
0.155916
0.143246
0.290956
0.147159
0.257616
0.298584
0.173992
0.194082
0.251941
0.224349
0.379136
0.410388
0.310034
0.116377
0.184529
0.094506
0.219134
0.378160
0.277725
0.115835
0.481785
0.562472
0.206364
0.012933
0.000000
0.052743
0.140715
0.185090
0.169084
0.357681
0.252754
0.385661
0.043055
0.247431
0.240138
0.258330
0.094280
0.224349
0.244449
0.083778
0.296993
0.226572
0.131904
0.145234
0.084890
0.407649
0.172500
0.509277
0.139974
0.229754
0.714457
0.358214
0.147611
0.000000
0.137227
0.218999
0.513326
0.645555
0.255529
0.233802
0.797296
0.300039
0.213188
0.309944
0.000000
0.225768
0.404965
0.917306
0.371427
0.291869
0.228913
0.204141
0.215348
0.292203
0.000000
0.000000
0.000000
0.189265
0.094461
0.209112
