0.084895
0.036738
0.050887
0.077076
0.132432
0.132183
0.054487
0.015639
0.013281
0.009309
0.063795
0.000000
0.000000
0.000000
0.000000
0.000000
0.000000
0.000000
0.000000
0.000000
0.000000
0.000000
0.000000
0.000000
0.000000
0.062927
0.000000
0.000000
0.000000
0.045302
0.000000
0.000000
0.024451
0.000000
0.000000
0.000000
0.000000
0.000000
0.000000
0.000000
0.000000
0.000000
0.000000
0.016383
0.042820
0.000000
0.029912
0.000000
0.000000
0.000000
0.000000
0.000000
0.000000
0.000000
0.000000
0.267842
0.138141
0.000000
0.000000
0.000000
0.000000
0.000000
0.000000
0.000000
0.000000
0.000000
0.073725
0.000000
0.000000
0.000000
0.113566
0.000000
0.000000
0.000000
0.000000
0.000000
0.000000
0.000000
0.000000
0.000000
0.013156
0.120889
0.000000
0.000000
0.000000
0.000000
0.021100
0.026189
0.000000
0.075835
0.108601
0.036490
0.026064
0.049646
0.000000
0.043068
0.000000
0.121509
0.000000
0.000000
0.067271
0.074966
0.129825
0.000000
0.000000
0.062058
0.108229
0.000000
0.000000
0.000000
0.011667
0.034752
0.062803
0.000000
0.042696
0.140499
0.060445
0.239295
0.031774
0.000000
0.076455
0.000000
0.028919
0.038972
0.026313
0.053618
0.047288
0.268710
0.000000
0.000000
0.000000
0.045426
1.000000
0.207894
0.000000
0.000000
0.107732
0.000000
0.000000
0.000000
0.000000
0.000000
0.039221
0.012412
0.043937
0.258409
0.000000
0.028795
0.000000
0.000000
0.044185
0.000000
0.000000
0.030036
0.030532
0.000000
0.011170
0.195482
0.119275
0.000000
0.000000
0.000000
0.000000
0.000000
0.000000
