0.233664
0.292758
0.218316
0.169240
0.186977
0.251402
0.203290
0.311506
0.876712
0.629446
0.363937
0.541219
0.525595
0.497656
0.328279
0.218684
0.109687
0.164369
0.492096
0.576234
0.500551
0.440952
0.628619
0.581334
0.413381
0.138590
0.149802
0.148791
0.122553
0.174800
0.371611
0.520770
0.421377
0.624345
0.568514
0.510109
0.357136
0.135052
0.103989
0.227323
0.294183
0.206691
0.517048
0.390221
0.476840
0.528812
0.651549
0.347303
0.291701
0.106516
0.267163
0.344959
0.431486
0.507858
0.402353
0.280443
0.257100
0.460803
0.453589
0.374184
0.366143
0.171767
0.369543
0.302408
0.358147
0.466272
0.440125
0.712756
0.870095
0.450556
0.195249
0.154030
0.342386
0.537956
0.336550
0.424593
0.348314
0.669975
0.579313
0.626505
0.811001
0.178109
0.517048
0.728426
0.675535
0.097188
0.182658
0.479000
0.466317
0.111295
0.177971
0.222866
0.385213
0.283614
0.477116
0.127470
0.191572
0.186931
0.145988
0.634822
0.362329
0.240006
0.202647
0.377355
0.155317
0.269415
0.160739
0.153846
0.121266
0.107389
0.632892
0.646218
0.146816
0.278375
0.217765
0.299008
0.274102
0.108308
0.120118
0.434932
0.334574
0.581564
0.152514
0.169056
0.292344
0.490718
0.562816
0.121174
1.000000
0.086251
0.724244
0.205818
0.353552
0.698741
0.971280
0.412370
0.315596
0.576556
0.174846
0.798272
0.206782
0.891370
0.149986
0.369451
0.278099
0.303603
0.399779
0.235135
0.245933
0.173376
0.858699
0.138223
0.394955
0.176500
0.229712
0.166207
0.141853
0.118234
0.198741
0.174478
0.202233
0.167815
0.375701
0.455381
0.405386
