0.159009
0.088276
0.000000
0.000000
0.000000
0.000000
0.000000
0.000000
0.000000
0.000000
0.000000
0.000000
0.000000
0.000000
0.000000
0.000000
0.000000
0.000000
0.000000
0.000000
0.000000
0.000000
0.000000
0.000000
0.000000
0.000000
0.000000
0.000000
0.000000
0.000000
0.000000
0.000000
0.000000
0.000000
0.000000
0.000000
0.000000
0.000000
0.000000
0.000000
0.000000
0.000000
0.000000
0.000000
0.457811
0.000000
0.000000
0.000000
0.000000
0.000000
0.000000
0.000000
0.000000
0.000000
0.000000
0.336396
0.000000
0.000000
0.000000
0.000000
0.000000
0.000000
0.000000
0.000000
0.000000
0.000000
0.000000
0.000000
0.000000
0.000000
0.000000
0.000000
0.000000
0.000000
0.000000
0.000000
0.000000
0.078808
0.145085
0.000000
0.000000
0.000000
0.098023
0.112503
0.087720
0.000000
0.100808
0.154831
0.229184
0.000000
0.000000
0.000000
0.000000
0.000000
0.000000
0.000000
0.000000
0.163743
0.000000
0.208298
0.000000
0.139794
0.231412
0.000000
0.000000
0.000000
0.000000
0.000000
0.000000
0.000000
0.000000
0.000000
0.000000
0.000000
0.000000
0.000000
0.000000
0.000000
0.000000
0.000000
0.505152
0.000000
0.000000
0.000000
0.000000
0.000000
0.000000
0.000000
0.000000
0.000000
0.000000
0.117795
0.884155
0.080757
0.118351
0.000000
0.000000
0.000000
0.000000
0.000000
0.000000
0.000000
0.098580
0.265943
0.068505
0.000000
0.000000
0.000000
0.000000
0.000000
0.115845
0.000000
0.000000
0.000000
0.324701
0.000000
0.000000
1.000000
0.587023
0.000000
0.000000
0.000000
0.000000
0.000000
0.190476
