0.080247
0.076264
0.114135
0.142499
0.163136
0.128823
0.116173
0.072085
0.046370
0.049851
0.150796
0.331861
0.300320
0.511339
0.397294
0.623787
1.000000
0.736546
0.501568
0.212867
0.300161
0.175788
0.203481
0.429884
0.496473
0.609372
0.614092
0.557875
0.686024
0.428830
0.468969
0.149422
0.175613
0.307648
0.399291
0.600130
0.403571
0.933570
0.588162
0.796684
0.629727
0.630388
0.226242
0.146879
0.198986
0.351892
0.354343
0.474461
0.688485
0.513694
0.661304
0.540965
0.508815
0.326085
0.202281
0.125588
0.543337
0.447447
0.615224
0.667762
0.644201
0.627636
0.514469
0.715610
0.369385
0.170805
0.322427
0.376600
0.378327
0.584062
0.633895
0.731878
0.516852
0.378828
0.670064
0.219273
0.236178
0.081628
0.219500
0.141511
0.096408
0.190507
0.193316
0.208794
0.188142
0.552427
0.184931
0.186872
0.107888
0.344616
0.398557
0.338283
0.320525
0.497425
0.424793
0.677834
0.592274
0.290547
0.386248
0.179730
0.413302
0.323699
0.304043
0.504173
0.536507
0.389171
0.512999
0.549795
0.334716
0.872555
0.159499
0.280268
0.392481
0.227598
0.347345
0.401111
0.363510
0.805455
0.420928
0.213631
0.317565
0.210696
0.280247
0.555515
0.356200
0.272972
0.265867
0.898823
0.250629
0.758003
0.203749
0.277096
0.298730
0.061571
0.275652
0.410306
0.292335
0.555919
0.938722
0.202750
0.346119
0.201183
0.208931
0.235707
0.138513
0.211397
0.622900
0.367903
0.536258
0.894113
0.214180
0.588194
0.425179
0.152252
0.167224
0.149529
0.133127
0.291846
0.370715
0.889919
0.871443
0.899295
0.432223
0.186269
0.295562
