0.071464
0.093340
0.168693
0.243073
0.728245
0.567818
0.319397
0.105493
0.050074
0.044240
0.176957
0.350510
0.302382
0.345650
0.356831
0.616432
0.967916
0.751094
0.355858
0.330093
0.360233
0.317452
0.284881
0.259115
0.338357
0.634906
0.608654
0.632961
0.685951
0.560039
0.426349
0.306758
0.336898
0.412737
0.311133
0.448713
0.370443
0.885757
0.652894
0.744774
0.724356
0.698590
0.465240
0.289743
0.318426
0.292659
0.289743
0.446281
0.659213
0.550802
0.702966
0.537190
0.489549
0.468644
0.379679
0.203695
0.486145
0.354399
0.502674
0.485660
0.520175
0.580944
0.440934
0.597472
0.637822
0.290228
0.383568
0.259602
0.233835
0.435586
0.365581
0.606709
0.382110
0.273700
0.417599
0.367040
0.368011
0.139524
0.350025
0.257657
0.184250
0.470103
0.357317
0.300438
0.288283
1.000000
0.316481
0.239183
0.192999
0.474963
0.323286
0.279047
0.242100
0.362664
0.236267
0.501702
0.467185
0.451143
0.644142
0.298006
0.393291
0.263491
0.225571
0.314050
0.424891
0.245017
0.399125
0.572192
0.788041
0.937288
0.279534
0.199806
0.364122
0.148274
0.281479
0.334468
0.250851
0.801653
0.362178
0.365581
0.314537
0.302869
0.207098
0.516286
0.218765
0.178416
0.156539
0.677200
0.140982
0.680118
0.265922
0.423919
0.335927
0.079242
0.159456
0.401069
0.210500
0.309674
0.741371
0.099174
0.303355
0.160915
0.316967
0.255226
0.237724
0.148274
0.553233
0.299951
0.392805
0.770054
0.102090
0.515799
0.394264
0.263977
0.210015
0.188139
0.196403
0.190083
0.270782
0.727759
0.775888
0.681089
0.307244
0.264463
0.410792
