0.082088
0.081023
0.172708
0.230277
0.245203
0.140725
0.150318
0.101281
0.044776
0.038380
0.114074
0.196162
0.254799
0.276121
0.542643
0.549042
0.975481
0.813434
0.496802
0.257996
0.313433
0.197227
0.162047
0.384860
0.426439
0.582090
0.766526
0.659916
0.652452
0.586354
0.492537
0.165247
0.186569
0.234542
0.375267
0.484009
0.537313
0.729211
0.556503
0.842217
0.743069
0.765458
0.244135
0.142857
0.197227
0.309168
0.378466
0.609808
0.793177
0.714286
0.617272
0.588486
0.537313
0.178040
0.164179
0.212155
0.797441
0.556503
0.687632
0.728146
1.000000
0.880597
0.682303
0.869936
0.371002
0.171640
0.180169
0.346480
0.393389
0.581022
0.486141
0.843285
0.696161
0.422175
0.542643
0.211087
0.264392
0.090617
0.208955
0.079959
0.120468
0.237741
0.261193
0.192962
0.167376
0.486141
0.212155
0.178040
0.146054
0.409382
0.490405
0.331558
0.384860
0.496802
0.339019
0.598080
0.546907
0.270789
0.443497
0.181237
0.497869
0.406182
0.402985
0.680171
0.582090
0.388060
0.590618
0.607676
0.344351
0.721747
0.172708
0.329423
0.477612
0.350745
0.428571
0.457355
0.417910
0.797441
0.531984
0.218549
0.340087
0.169511
0.352880
0.721747
0.536249
0.235606
0.311301
0.916844
0.164179
0.708954
0.242006
0.299572
0.683367
0.447761
0.293178
0.381663
0.389124
0.575693
0.644988
0.212155
0.464819
0.210020
0.120468
0.150318
0.179104
0.259063
0.615137
0.491470
0.538378
0.830492
0.135396
0.552239
0.309168
0.109809
0.179104
0.201491
0.194030
0.377399
0.424307
0.609808
0.852878
0.831557
0.302772
0.215352
0.260128
