0.007181
0.010811
0.016098
0.021307
0.030224
0.021780
0.017914
0.010969
0.038273
0.026752
0.025884
0.034959
0.035748
0.039615
0.040878
0.072838
0.113084
0.088857
0.041351
0.033775
0.036695
0.032197
0.030934
0.030697
0.040325
0.070628
0.067393
0.072443
0.072364
0.058239
0.049400
0.033538
0.031803
0.043166
0.034170
0.052636
0.041824
0.101720
0.077336
0.086095
0.693813
0.107955
0.045060
0.028725
0.025095
0.033381
0.031013
0.053425
0.075363
0.061001
0.079703
0.142124
0.052715
0.050268
0.037405
0.019808
0.052005
0.039378
0.058318
0.055398
0.059265
0.062421
0.053425
0.066525
0.062184
0.029593
0.037642
0.027857
0.043639
0.269965
0.096749
0.223327
0.040957
0.030066
0.048217
0.035196
0.034170
0.013336
0.031881
0.024384
0.018624
0.046007
0.037642
0.029987
0.027383
0.097380
0.032355
0.022727
0.018939
0.051215
0.036616
0.030619
0.024779
0.041509
0.026910
0.052715
0.055477
0.046796
0.060369
0.031013
0.040562
0.027778
0.025095
0.037879
0.046954
0.026831
0.041114
0.063210
0.077652
0.103299
0.027541
0.023280
0.044192
0.017598
0.033696
0.037563
0.026199
0.091777
0.041667
0.043087
0.032591
0.034801
0.023595
0.056424
0.023280
0.018703
0.017440
0.081518
0.016730
0.081124
0.026910
0.042140
0.031487
0.008444
0.018071
0.286774
0.024227
0.038352
0.859533
0.012389
0.035748
0.016967
0.032828
0.026278
0.025963
0.097222
1.000000
0.036301
0.045060
0.461806
0.011995
0.056660
0.545770
0.028883
0.022727
0.023911
0.029356
0.022569
0.030697
0.140467
0.109296
0.110559
0.035038
0.027383
0.040404
