0.048744
0.108852
0.053828
0.046651
0.336423
0.084330
0.492524
0.138457
1.000000
0.561303
0.335826
0.161782
0.178828
0.187799
0.111842
0.051734
0.048744
0.048744
0.131579
0.245215
0.146831
0.122010
0.236244
0.214115
0.090909
0.138756
0.028708
0.037081
0.023923
0.051137
0.099581
0.149820
0.135766
0.215909
0.191686
0.038876
0.080144
0.037979
0.034091
0.049342
0.055622
0.039175
0.153110
0.119916
0.159091
0.221292
0.052632
0.070276
0.072368
0.000000
0.064295
0.086423
0.127692
0.143839
0.118720
0.081638
0.041268
0.133971
0.124103
0.072967
0.986842
0.174342
0.117823
0.075060
0.099581
0.127392
0.154008
0.203051
0.283194
0.117524
0.142943
0.052033
0.099282
0.459330
0.073265
0.083433
0.065491
0.204247
0.179724
0.199761
0.244318
0.058911
0.176136
0.226375
0.214115
0.044557
0.055921
0.166268
0.154008
0.065789
0.054126
0.037979
0.149223
0.027811
0.177332
0.050239
0.086423
0.047548
0.031399
0.186304
0.045455
0.052930
0.052333
0.041866
0.028409
0.037679
0.115131
0.052033
0.000000
0.020335
0.149522
0.488337
0.000000
0.000000
0.062799
0.036783
0.039772
0.023625
0.081938
0.000000
0.049941
0.085526
0.064593
0.057416
0.019437
0.140850
0.190490
0.034988
0.098385
0.029306
0.000000
0.023923
0.493720
0.509569
0.169856
0.171053
0.062799
0.178528
0.032297
0.287679
0.037979
0.124103
0.029306
0.034091
0.061902
0.145035
0.193182
0.146531
0.177931
0.027512
0.320574
0.093900
0.156100
0.000000
0.112739
0.043960
0.066687
0.181818
0.066687
0.018840
0.017943
0.020335
0.171053
0.201555
0.222189
