0.049884
0.038798
0.031505
0.044924
0.388565
0.038506
0.900233
0.046383
1.000000
0.908693
0.830514
0.059219
0.111435
0.157235
0.248541
0.080222
0.149942
0.139148
0.067095
0.046091
0.046091
0.043757
0.056593
0.113477
0.148191
0.881856
0.188156
0.105601
0.201284
0.113477
0.103267
0.042298
0.040840
0.058926
0.077888
0.137981
0.069428
0.138856
0.212077
0.213244
0.066511
0.146441
0.064761
0.035881
0.218494
0.080222
0.073512
0.072929
0.080805
0.075263
0.103267
0.101226
0.087515
0.058343
0.044924
0.066220
0.092182
0.112602
0.063594
0.158693
0.638273
0.132731
0.079347
0.066802
0.062427
0.031505
0.057176
0.061260
0.044632
0.102975
0.103851
0.098600
0.120770
0.158402
0.100350
0.032672
0.074679
0.014002
0.047841
0.032672
0.000000
0.044341
0.024795
0.058052
0.035006
0.102100
0.046091
0.068261
0.024213
0.079638
0.095391
0.097141
0.082556
0.098600
0.087515
0.146441
0.084305
0.087515
0.088390
0.025962
0.112310
0.052800
0.103267
0.108227
0.079055
0.094224
0.146149
0.110852
0.063302
0.154026
0.056593
0.232789
0.108518
0.044049
0.064761
0.116103
0.086348
0.105018
0.055134
0.039382
0.130397
0.048717
0.098016
0.128355
0.067969
0.099183
0.134772
0.157526
0.062719
0.120770
0.044049
0.070595
0.403443
0.080805
0.116395
0.088681
0.068261
0.206826
0.130397
0.107351
0.044924
0.072929
0.044049
0.096266
0.023921
0.067969
0.092473
0.082847
0.111435
0.135065
0.132147
0.089848
0.073804
0.031505
0.054842
0.038506
0.037923
0.151401
0.073804
0.133022
0.182030
0.103267
0.103267
0.037923
0.075846
