0.037155
0.658960
0.130178
0.578840
0.090087
0.123552
0.527839
0.439219
0.402795
0.020266
0.563437
0.101533
0.709796
0.376894
0.535294
0.459632
0.447559
0.038877
0.222544
0.023588
0.033066
0.009575
0.069461
0.118669
0.454960
0.376099
0.461374
0.012079
0.706460
0.282762
0.025431
0.116451
0.014204
0.605933
0.751369
0.067361
0.545573
0.023986
0.045942
0.553004
0.509731
0.233628
0.140071
0.084767
0.649438
0.127876
0.194214
0.567088
0.057709
0.176069
0.210985
0.550131
0.093680
0.671950
0.433449
0.021687
0.460536
0.558145
0.108523
0.074360
0.008935
0.297040
0.758559
0.043951
0.826148
0.074347
0.289715
0.040404
0.121934
0.092683
0.160877
0.549602
0.046596
0.228157
0.199104
0.170597
0.293218
0.260758
0.168557
0.134913
0.071574
0.021358
0.024742
0.309980
0.062453
0.115047
0.084606
0.372881
0.156530
0.717610
0.596412
0.223724
0.538397
0.167758
0.029354
0.589131
0.383863
0.010076
0.573075
0.164609
