0.056515
0.422486
0.050036
0.348430
0.037197
0.100974
0.266469
0.053166
0.298889
0.521234
0.217516
0.039649
0.608177
0.223535
0.420838
0.301404
0.068338
0.389498
0.143706
0.038714
0.050778
0.077877
0.405104
0.148790
0.286574
0.259491
0.054880
0.546828
0.129876
0.090297
0.485195
0.093181
0.519751
0.430780
0.199833
0.341365
0.502005
0.061486
0.155354
0.061420
0.165990
0.367274
0.494817
0.064049
0.594962
0.153783
0.121689
0.282618
0.118271
0.062766
0.080452
0.424784
0.044299
0.063551
0.185754
0.632021
0.437773
0.321799
0.270221
0.115746
0.123292
0.239059
0.362894
0.372086
0.604180
0.507282
0.268698
0.042040
0.179263
0.056248
0.070176
0.536366
0.359972
0.135502
0.560957
0.128329
0.130496
0.109394
0.163942
0.508592
0.056694
0.365342
0.058723
0.060056
0.200131
0.149043
0.158571
0.057127
0.040640
0.527032
0.251500
0.063645
0.154568
0.107281
0.049212
0.050828
0.047097
0.425405
0.062745
0.054346
