0.322012
0.050615
0.352421
0.051197
0.621585
0.343377
0.028595
0.089201
0.077324
0.732298
0.126394
0.427759
0.068811
0.368492
0.661372
0.260233
0.221050
0.537744
0.253539
0.782035
0.026503
0.851466
0.842828
0.118744
0.486330
0.125889
0.022070
0.765107
0.541862
0.259615
0.044247
0.170116
0.743740
0.630753
0.047513
0.837729
0.561623
0.028110
0.712430
0.404519
0.056137
0.269206
0.381373
0.194818
0.804517
0.164092
0.264923
0.028149
0.713382
0.033139
0.194009
0.039807
0.380503
0.139569
0.142917
0.020317
0.644957
0.635498
0.162701
0.038417
0.683086
0.240163
0.556227
0.603941
0.832830
0.386946
0.387049
0.661990
0.313396
0.137195
0.348493
0.702028
0.580445
0.240541
0.384977
0.208756
0.100268
0.146635
0.249863
0.393493
0.469410
0.533604
0.157969
0.609415
0.324484
0.201873
0.228777
0.361536
0.052847
0.746080
0.472681
0.088690
0.076462
0.358112
0.026032
0.784644
0.035103
0.761750
0.017838
0.384358
