0.132823
0.096577
0.090838
0.056758
0.175836
0.235275
0.093868
0.072662
0.058889
0.286143
0.084964
0.070833
0.152877
0.129445
0.106299
0.056948
0.069283
0.179375
0.068650
0.098644
0.312515
0.359609
0.223058
0.247035
0.069247
0.051860
0.329170
0.086992
0.131802
0.131498
0.235965
0.062263
0.142975
0.167570
0.144850
0.077804
0.087384
0.286936
0.256175
0.149826
0.285169
0.088649
0.091180
0.097942
0.149539
0.078012
0.064536
0.069420
0.119779
0.327022
0.145175
0.227317
0.078414
0.071081
0.078381
0.191531
0.071840
0.077789
0.065260
0.171141
0.265961
0.077283
0.076043
0.127563
0.360452
0.127566
0.108316
0.073643
0.110945
0.309798
0.158602
0.326236
0.211403
0.064949
0.094276
0.103118
0.075679
0.059892
0.048873
0.128627
0.085987
0.246883
0.051229
0.191831
0.079536
0.069216
0.076077
0.068549
0.069124
0.146480
0.099685
0.080279
0.110416
0.074041
0.315948
0.119380
0.072322
0.059930
0.137636
0.053227
