0.040687
0.526105
0.092691
0.475183
0.257595
0.641525
0.327022
0.055222
0.389367
0.593862
0.502589
0.071307
0.694705
0.083177
0.482226
0.085770
0.389132
0.021622
0.165098
0.035913
0.041283
0.691849
0.378311
0.126578
0.030296
0.302841
0.024632
0.625252
0.438931
0.112509
0.432484
0.036855
0.033916
0.057635
0.299677
0.706395
0.351835
0.651012
0.024657
0.035131
0.588961
0.112369
0.034904
0.126323
0.369681
0.303938
0.221407
0.678914
0.530245
0.036204
0.075323
0.023697
0.315178
0.197343
0.272724
0.736419
0.529003
0.036949
0.304615
0.036325
0.296382
0.131568
0.271339
0.093037
0.029564
0.573563
0.225974
0.051271
0.080199
0.047369
0.045966
0.612539
0.036281
0.161103
0.048293
0.186651
0.238254
0.088264
0.148545
0.443084
0.061788
0.048511
0.052518
0.064703
0.069602
0.154183
0.217647
0.183741
0.708748
0.604396
0.145391
0.122288
0.452572
0.085571
0.596937
0.456752
0.477491
0.059648
0.302821
0.275318
