0.161935
0.994386
0.014832
0.010313
0.009487
2.444821
0.011187
0.012564
0.014643
0.009683
0.013767
0.010599
0.008508
306.400160
0.009875
0.008503
0.008982
0.010393
0.009991
0.011992
0.010317
0.008922
0.009127
0.008597
0.011934
0.009238
0.010469
0.011813
0.010265
0.007875
0.008266
0.008274
0.011214
0.054968
0.166448
0.009631
0.052500
0.008316
0.008882
0.010138
0.010805
0.008683
0.011369
0.014231
0.008112
0.010610
0.008749
0.010230
0.009588
0.013892
0.007892
0.012728
0.021233
0.010549
0.032772
0.010316
0.008948
0.011559
0.009953
0.008684
0.017374
0.007583
0.009033
0.013401
0.126578
0.009344
0.010689
0.008805
0.009242
0.061820
0.046811
0.021482
0.010444
0.008705
0.009854
0.010316
0.134534
0.009574
0.071715
0.009677
0.015000
0.007907
0.009659
0.007584
0.009144
0.008866
0.009777
0.008464
0.012060
0.015515
0.009698
0.010980
0.023211
0.008366
0.233439
0.020481
0.012346
0.009110
0.008293
0.008271
