0.003394
0.033517
0.004353
0.003281
0.033504
0.008424
0.035263
0.004174
0.003923
0.003282
0.004220
0.004312
0.003701
0.033475
0.005328
0.003956
0.033392
0.033518
0.033074
0.008699
0.004586
0.033043
0.034237
0.003353
0.034002
0.003880
0.003523
0.033309
0.004080
0.004523
0.034508
0.032986
0.033266
0.002945
0.004479
0.033237
0.004727
0.004770
0.004354
0.004530
0.003621
0.004003
0.004711
0.004916
0.003699
0.034456
0.004502
0.003897
0.004168
0.003511
0.004088
0.003526
0.004677
0.035523
0.034792
0.003488
0.004000
0.004516
0.033006
0.003210
0.004036
0.003733
0.003798
0.003185
0.004532
0.003610
0.003437
0.004579
0.032923
0.004564
0.003810
0.033052
0.003070
0.003266
0.004925
0.033178
0.033196
0.003953
0.003536
0.003869
0.004791
0.003547
0.004118
0.003072
0.003794
0.005482
0.003673
0.004008
0.004318
0.007992
0.005093
0.033852
0.004308
0.004263
0.004612
0.033478
0.004606
0.033687
0.003863
0.002816
