0.012851
0.012840
0.015060
0.022554
0.013635
0.011513
0.012380
0.012440
0.011974
0.012199
0.101461
0.012065
0.012111
0.096828
0.011521
0.070346
0.012724
0.013116
0.012951
0.012584
0.294786
0.013005
0.088619
0.014144
0.012717
0.012182
0.063609
0.127566
0.011526
0.013066
0.012450
0.012831
0.011850
0.035620
0.012061
0.025825
0.011324
0.011511
0.012242
0.011416
0.012226
0.012378
0.013830
0.011932
0.013631
0.010974
0.015297
0.119605
0.014853
0.011446
0.044249
0.012314
0.012831
0.013387
0.012319
0.011253
0.252988
1.714255
0.012772
0.013534
0.012073
0.011815
0.051300
0.986186
0.012358
0.107979
0.013694
0.012713
0.013378
0.014983
0.011740
0.013016
0.012577
0.012512
0.011742
0.047387
0.012338
0.012739
0.014639
0.012074
0.013028
0.011427
0.012434
0.011919
0.013418
0.012956
0.010422
0.117209
0.012949
0.011714
0.012291
0.015142
0.012400
0.012392
0.078336
0.017889
0.065952
0.012518
0.012831
0.056225
