0.029745
0.032664
0.039659
0.033900
0.046286
0.029631
0.041238
0.052583
0.032509
0.035411
0.039831
0.065388
0.035073
0.031659
0.032964
0.033100
0.043749
0.040832
0.028490
0.030992
0.031928
0.030823
0.045758
0.031394
0.032118
0.030441
0.031925
0.033216
0.045916
0.028173
0.031918
0.030151
0.032609
0.028527
0.038572
0.034075
0.031335
0.038696
0.032536
0.031383
3.232243
0.031656
0.032677
0.040382
0.045619
0.032838
0.036648
0.038351
0.032685
0.036093
0.031710
0.031284
0.034723
0.032259
0.029791
0.039114
0.027921
0.037972
0.032780
0.032912
0.030230
0.033010
0.033280
0.041594
0.036978
0.028874
0.030463
0.047522
0.036881
0.029750
0.037456
0.032071
0.034127
0.036467
0.033669
0.032201
0.033190
0.035061
0.031735
0.037830
0.032686
0.058478
0.031087
0.036564
0.033811
0.032747
0.031977
0.031071
0.039831
0.035857
0.034104
0.033188
0.033093
0.031974
0.038257
0.033387
0.032412
0.037205
0.034968
0.035433
