0.010249
0.009398
0.010428
0.009628
0.008967
0.009405
0.009663
0.009326
0.010591
0.005019
0.009159
0.009067
0.009615
0.009522
0.011079
0.009737
0.009029
0.009652
0.009420
0.009643
0.009682
0.009424
0.009748
0.009096
0.009306
0.009094
0.009885
0.009632
0.009087
0.009094
0.009263
0.008972
0.010151
0.010491
0.009690
0.010332
0.008969
0.009053
0.008993
0.009282
0.010001
0.012890
0.009439
0.009171
0.009138
0.009022
0.009629
0.009677
0.009391
0.008653
0.009430
0.009366
0.009132
0.009578
0.010375
0.010164
0.013279
0.008785
0.009254
0.010025
0.010151
0.008725
0.009598
0.009127
0.009114
0.009440
0.008974
0.082787
0.009110
0.008975
0.009556
0.009215
0.009035
0.009897
0.008519
0.009431
0.009173
0.005307
0.010110
0.009321
0.009042
0.039423
0.009657
0.009922
0.010262
0.010155
0.009748
0.009221
0.009539
0.010062
0.009741
0.010086
0.009313
0.009931
0.009101
0.009575
0.009062
0.009619
0.009798
0.009206
