0.036805
0.059204
0.065669
0.054195
0.046139
0.046080
0.043382
0.048296
0.045051
0.083515
0.062280
0.051573
0.037535
0.048442
0.059408
0.072729
0.071839
0.044751
0.048529
0.053889
0.050418
0.056637
0.044223
0.045527
0.055942
0.050055
0.064218
0.057978
0.056184
0.041531
0.049426
0.047072
0.040535
0.048897
0.035061
0.078833
0.049722
0.041806
0.049677
0.052406
0.047028
0.061807
0.066636
0.054134
0.053970
0.052007
0.056354
0.041083
0.038310
0.041437
0.048217
0.052354
0.046705
0.056529
0.058543
0.053254
0.045021
0.082162
0.039187
0.051266
0.047122
0.041994
0.052678
0.091492
0.040619
0.042547
0.049455
0.058756
0.041948
0.095949
0.050660
0.051211
0.050991
0.056924
0.050878
0.049492
0.051373
0.059185
0.056428
0.039629
0.043291
0.057508
0.053002
0.047942
0.049251
0.043259
0.040308
0.067990
0.057785
0.059883
0.058818
0.054448
0.050480
0.042832
0.042940
0.057069
0.042076
0.046553
0.058961
0.056662
