0.017762
0.020237
0.022864
0.056498
0.032151
0.020325
0.023627
0.022970
0.017784
0.019768
0.024961
0.020747
0.022485
0.020695
0.023092
0.020258
0.023077
0.020686
0.098485
0.020467
0.022036
0.023865
0.022139
0.022945
0.016620
0.020706
0.016614
0.021302
0.020317
0.023263
0.021402
0.021227
0.021824
0.027164
0.020425
0.041790
0.020261
0.024465
0.020024
0.022396
0.102067
0.026675
0.020333
0.024461
0.022781
0.024093
0.021652
0.026053
0.022418
0.066490
0.042463
0.024144
0.591613
0.022654
0.021198
0.021603
0.019713
0.053182
0.019175
0.022335
0.024164
0.022118
0.020938
0.020920
0.016530
0.028115
0.022135
0.020685
0.024479
0.053927
0.023791
0.021354
0.049768
0.023151
0.055290
0.022714
0.021610
0.020609
0.021153
0.021730
0.021401
0.021672
0.022662
0.018847
0.024390
0.069866
2.538899
0.024927
0.016494
0.021955
0.021268
0.022614
0.021103
0.022541
0.020905
0.039841
0.022631
0.020859
0.023714
0.024943
