0.015109
0.013457
0.011720
0.012638
0.014565
0.014056
0.013732
0.014527
0.008901
0.012067
0.014118
0.019654
0.014266
0.012467
0.011368
0.013208
0.012351
0.015798
0.013905
0.009286
0.015227
0.008292
0.013377
0.014959
0.011886
0.008353
0.010313
0.015017
0.010080
0.013580
0.014709
0.015559
0.014346
0.010631
0.007879
0.009477
0.013822
0.015697
0.015281
0.016718
0.013804
0.006588
0.007819
0.006576
0.016414
0.012962
0.007491
0.012122
0.013639
0.005891
0.013550
0.017702
0.013826
0.014244
0.012031
0.010247
0.012588
0.013326
0.014176
0.014446
0.016511
0.010663
0.014123
0.006870
0.014680
0.012954
0.013829
0.007795
0.014927
0.015712
0.014061
0.014476
0.016349
0.014748
0.008711
0.013394
0.014077
0.016087
0.011415
0.006421
0.014926
0.008320
0.014107
0.009514
0.014500
0.023498
0.014145
0.006007
0.013115
0.008002
0.015152
0.015508
0.010288
0.008008
0.014440
0.011918
0.013058
0.016352
0.013961
0.016335
