0.026564
0.023180
0.025492
0.033124
0.026434
0.034635
0.024447
0.026980
0.032547
0.022174
0.025341
0.028496
0.031784
0.034416
0.027886
0.022926
0.029364
0.026072
0.028208
0.029073
0.035198
0.033726
0.028005
0.029213
0.036183
0.030811
0.030625
0.031505
0.026177
0.028427
0.032677
0.037632
0.022308
0.029234
0.030947
0.035790
0.029408
0.027405
0.032439
0.031091
0.033091
0.029928
0.035414
0.029928
0.032310
0.026582
0.029944
0.028431
0.032730
0.039541
0.036462
0.026772
0.025478
0.026879
0.034828
0.032760
0.030478
0.023837
0.023948
0.027781
0.033755
0.027552
0.037943
0.032024
0.035840
0.027049
0.023171
0.030389
0.030584
0.037437
0.023272
0.036612
0.028768
0.018710
0.027083
0.032457
0.032377
0.029842
0.026659
0.027145
0.031993
0.029374
0.034804
0.027847
0.029922
0.031488
0.032087
0.029717
0.028055
0.035834
0.036735
0.034556
0.031407
0.031111
0.035314
0.029087
0.028867
0.030327
0.034484
0.035775
