0.010978
0.004069
0.010654
0.003388
0.010131
0.004116
0.009866
0.005628
0.004719
0.011162
0.005872
0.041041
0.011909
0.010568
0.005087
0.006179
0.003874
0.010185
0.003842
0.011503
0.009973
0.010496
0.010735
0.010384
0.012701
0.011439
0.011159
0.005028
0.004623
0.011430
0.007259
0.010858
0.010522
0.010760
0.010274
0.010780
0.026257
0.011037
0.038728
0.011926
0.061137
0.012072
0.011593
0.010268
0.010469
0.010365
0.010525
0.045893
0.004419
0.010515
0.003670
0.011080
0.011860
0.010969
0.010926
0.004190
0.010361
0.011611
0.003896
0.011127
0.011268
0.011029
0.010668
0.005280
0.011574
0.039766
0.010373
0.011215
0.010586
0.011657
0.010998
0.010755
0.010695
0.004321
0.010711
0.011547
0.010510
0.010621
0.004023
0.010556
0.011353
0.010857
0.010811
0.007473
0.010270
0.027241
0.011226
0.010190
0.003836
0.011024
0.011980
0.009996
0.011333
0.004575
0.011342
0.010500
0.005429
0.010205
0.004108
0.010388
