0.055636
0.050588
0.050588
0.046591
0.054092
0.052272
0.033851
0.051407
0.045655
0.057689
0.052740
0.029783
0.053245
0.048850
0.052061
0.048019
0.052904
0.049841
0.052237
0.051333
0.038489
0.050941
0.049413
0.051488
0.042400
0.042400
0.060700
0.051572
0.031742
0.045316
0.052288
0.055778
0.046350
0.054712
0.038409
0.043084
0.046464
0.050850
0.055453
0.050760
0.044052
0.049774
0.046244
0.048431
0.044159
0.052565
0.038749
0.051484
0.053857
0.038544
0.049334
0.050249
0.053505
0.049538
0.054078
0.038232
0.041997
0.034227
0.047874
0.060984
0.045975
0.049996
0.044195
0.052612
0.051549
0.042792
0.057482
0.039607
0.060052
0.057931
0.048018
0.044602
0.047539
0.048816
0.046291
0.052254
0.055271
0.049950
0.045823
0.049998
0.054788
0.049354
0.043293
0.046474
0.048570
0.038329
0.060283
0.048852
0.045687
0.045987
0.047750
0.053082
0.047800
0.047136
0.045177
0.049731
0.053471
0.051654
0.032321
0.045146
