0.027011
0.017469
0.013863
0.011658
0.023645
0.017442
0.026721
0.023609
0.014509
0.027966
0.018714
0.025057
0.025759
0.023407
0.023921
0.015846
0.014103
0.014940
0.017501
0.023535
0.024094
0.018854
0.022635
0.025122
0.018482
0.026305
0.013777
0.024621
0.021360
0.024850
0.013889
0.017629
0.016855
0.025203
0.017222
0.020656
0.023526
0.020145
0.012942
0.027654
0.016811
0.012882
0.027496
0.016831
0.023313
0.019854
0.016901
0.021766
0.017059
0.015580
0.016301
0.018183
0.018879
0.024245
0.024802
0.016549
0.015831
0.023677
0.021255
0.020872
0.014933
0.025099
0.017449
0.018211
0.014625
0.017001
0.024483
0.020235
0.024790
0.027161
0.022910
0.015864
0.018287
0.020964
0.019618
0.017250
0.025890
0.021308
0.021709
0.017181
0.020327
0.015820
0.024253
0.026332
0.025113
0.012257
0.017422
0.016994
0.018756
0.020756
0.012491
0.024686
0.018348
0.015317
0.026172
0.016715
0.012001
0.021474
0.026143
0.010095
