0.023125
0.206000
0.029240
0.597413
0.604696
0.058417
0.141650
0.038063
0.022917
0.626552
0.188931
0.283684
0.173598
0.462604
0.031047
0.022323
0.105261
0.484236
0.027509
0.685302
0.042425
0.365767
0.230622
0.524442
0.047617
0.464700
0.092887
0.023551
0.051341
0.228751
0.015526
0.015069
0.020464
0.058110
0.255402
0.100025
0.693070
0.768903
0.080913
0.023408
0.058858
0.536405
0.751860
0.241652
0.222933
0.068596
0.631492
0.028939
0.035381
0.139191
0.084787
0.366868
0.136133
0.571552
0.782694
0.368060
0.081320
0.655389
0.020422
0.636763
0.735065
0.155478
0.087428
0.691618
0.181913
0.608386
0.638299
0.456504
0.258672
0.033434
0.037104
0.745008
0.445152
0.271235
0.499667
0.049036
0.221116
0.374835
0.781269
0.027963
0.029896
0.074826
0.344298
0.035406
0.702781
0.298019
0.279502
0.212542
0.051328
0.580967
0.558052
0.039462
0.181615
0.027214
0.143426
0.049804
0.017134
0.033744
0.049520
0.077372
