0.117817
0.460977
0.329750
0.044353
0.369867
0.072242
0.482016
0.360651
0.320957
0.060527
0.073630
0.054561
0.208679
0.054065
0.342505
0.459549
0.048664
0.449981
0.035623
0.161945
0.445418
0.037511
0.480381
0.082348
0.093843
0.286246
0.049316
0.053140
0.238833
0.060470
0.483528
0.078116
0.107373
0.112582
0.150032
0.224731
0.510595
0.194829
0.174141
0.483035
0.059543
0.053842
0.519311
0.049275
0.244292
0.036896
0.142917
0.056196
0.044120
0.144299
0.096554
0.058534
0.256320
0.094215
0.100549
0.516491
0.105031
0.047804
0.045161
0.510868
0.052048
0.420806
0.045786
0.198529
0.152923
0.494493
0.050053
0.126949
0.131313
0.052683
0.046053
0.585040
0.054387
0.281143
0.502738
0.060040
0.041048
0.499631
0.083930
0.065257
0.053131
0.039864
0.377853
0.071121
0.559588
0.452268
0.115247
0.415359
0.512528
0.047616
0.044524
0.102741
0.448908
0.530969
0.050452
0.049547
0.090717
0.349879
0.467252
0.041252
