0.772231
0.084345
0.575803
0.654927
0.056034
0.131455
0.750115
0.608562
0.076473
0.068314
0.033662
0.074549
0.643462
0.300235
0.162908
0.035322
0.502704
0.402435
0.032380
0.654410
0.156546
0.125871
0.746305
0.393677
0.667120
0.034956
0.206923
0.650010
0.496414
0.110628
0.646271
0.395749
0.050103
0.036684
0.237594
0.459164
0.709611
0.029455
0.204279
0.635968
0.378093
0.037611
0.031552
0.758084
0.530414
0.062580
0.031438
0.228842
0.025915
0.086717
0.705907
0.305121
0.112727
0.467755
0.523843
0.779751
0.253288
0.029603
0.042133
0.696618
0.578805
0.047397
0.089685
0.033473
0.731938
0.748899
0.182172
0.051828
0.359079
0.138514
0.047002
0.033309
0.568764
0.291900
0.036880
0.133124
0.686983
0.767339
0.104402
0.038245
0.365442
0.098125
0.259731
0.048811
0.445799
0.210478
0.209106
0.689859
0.616246
0.069732
0.751898
0.038077
0.706507
0.445407
0.019703
0.039385
0.212437
0.048993
0.602018
0.062763
