0.065017
0.054906
0.303841
0.137180
0.138075
0.071793
0.209234
0.085806
0.238112
0.056548
0.048198
0.069413
0.131316
0.171698
0.059803
0.129742
0.159332
0.087020
0.188832
0.059212
0.064153
0.095269
0.299661
0.215957
0.129644
0.108762
0.089079
0.084311
0.138072
0.059379
0.195357
0.201481
0.176845
0.073029
0.064995
0.127014
0.134961
0.146839
0.108010
0.212581
0.089566
0.106808
0.159406
0.139278
0.126690
0.072791
0.231175
0.324420
0.097317
0.119046
0.206154
0.241501
0.114008
0.096007
0.130814
0.077246
0.114110
0.066268
0.218215
0.163877
0.163405
0.175050
0.224812
0.106825
0.124821
0.160104
0.105265
0.153405
0.081702
0.153517
0.259664
0.157562
0.171239
0.160447
0.159071
0.105363
0.215379
0.057863
0.163707
0.118462
0.200861
0.072300
0.095034
0.089045
0.071157
0.099408
0.064890
0.283568
0.190866
0.064953
0.158535
0.086042
0.114476
0.300562
0.072669
0.219132
0.099221
0.236301
0.118432
0.159839
