0.034298
0.067770
0.027438
0.066428
0.288460
0.068519
0.427533
0.036259
0.022025
0.510148
0.108597
0.319804
0.610168
0.053154
0.178354
0.536801
0.085923
0.074750
0.030839
0.052198
0.156094
0.202931
0.048048
0.040000
0.183774
0.047126
0.091883
0.062787
0.117226
0.112989
0.104171
0.477716
0.277367
0.089958
0.311776
0.046870
0.554023
0.576152
0.048958
0.522409
0.279270
0.040777
0.033165
0.050533
0.158673
0.249827
0.036356
0.041638
0.519634
0.036266
0.262251
0.026556
0.072628
0.427934
0.035587
0.548908
0.046658
0.136922
0.035761
0.044587
0.317371
0.038240
0.033232
0.251259
0.458053
0.481687
0.034856
0.033350
0.311441
0.059421
0.225531
0.223399
0.372354
0.129542
0.496050
0.034167
0.091424
0.593892
0.657208
0.036752
0.028778
0.386989
0.130530
0.045551
0.031794
0.024614
0.209483
0.039068
0.026146
0.075602
0.037315
0.320380
0.039616
0.031177
0.312453
0.036015
0.212153
0.048340
0.052553
0.049530
