0.102308
0.242539
0.111547
0.330744
0.322318
0.104697
0.172340
0.097678
0.047896
0.182407
0.118055
0.244215
0.360936
0.065849
0.057348
0.322048
0.326426
0.143162
0.521642
0.160699
0.285276
0.171247
0.439007
0.474272
0.112942
0.097536
0.090008
0.164985
0.050800
0.249016
0.174139
0.135047
0.048429
0.115697
0.140714
0.236429
0.180793
0.300460
0.107895
0.171025
0.201647
0.136494
0.573433
0.120940
0.150707
0.105065
0.396828
0.256349
0.140293
0.118842
0.265622
0.078943
0.154125
0.201225
0.305046
0.113337
0.127263
0.198081
0.085376
0.244439
0.206843
0.210199
0.048144
0.228036
0.205126
0.155985
0.279540
0.139554
0.084773
0.103630
0.295383
0.465601
0.247903
0.155224
0.333358
0.210621
0.211564
0.121756
0.096017
0.431234
0.165270
0.190705
0.102302
0.088642
0.349650
0.171984
0.207800
0.202533
0.148510
0.234022
0.329326
0.245776
0.435974
0.335941
0.078427
0.458932
0.046554
0.248665
0.167066
0.173888
