0.196743
0.056182
0.206417
0.061271
0.126961
0.256077
0.227319
0.085258
0.189363
0.116810
0.068972
0.074557
0.065612
0.207004
0.106804
0.215524
0.055835
0.180343
0.117797
0.229341
0.205550
0.155393
0.216971
0.234985
0.172495
0.077047
0.051682
0.321799
0.088621
0.133952
0.100427
0.098714
0.240888
0.118224
0.089149
0.078892
0.162502
0.297838
0.052098
0.206049
0.088033
0.095964
0.307202
0.246664
0.231337
0.043985
0.049061
0.137800
0.069548
0.142621
0.236139
0.310518
0.186730
0.135817
0.096089
0.185727
0.116893
0.060399
0.168770
0.101393
0.137820
0.136358
0.204587
0.141939
0.156725
0.069249
0.094855
0.288622
0.141493
0.082190
0.148793
0.122163
0.139550
0.095113
0.343460
0.179342
0.087245
0.060055
0.476025
0.127868
0.059469
0.138592
0.310805
0.413995
0.119393
0.235970
0.202244
0.095227
0.102798
0.214289
0.136648
0.096808
0.111859
0.087872
0.053739
0.101754
0.174702
0.235582
0.122212
0.187736
