0.325648
0.267161
0.238135
0.187932
0.165555
0.102775
0.409713
0.308182
0.086103
0.248386
0.115983
0.133629
0.467917
0.424468
0.089623
0.161700
0.336182
0.277330
0.082638
0.375987
0.377181
0.189445
0.536726
0.373546
0.337986
0.172356
0.180337
0.078770
0.152880
0.143159
0.177166
0.343583
0.098006
0.174752
0.273700
0.273297
0.154889
0.314639
0.097199
0.302445
0.307017
0.122110
0.067499
0.371412
0.221305
0.099334
0.126942
0.296254
0.044606
0.065672
0.428929
0.121623
0.195471
0.222899
0.164351
0.437251
0.188822
0.079254
0.287230
0.297727
0.176508
0.047793
0.271917
0.270531
0.206899
0.382533
0.189136
0.345315
0.144494
0.099742
0.193956
0.057151
0.283329
0.128991
0.409630
0.238328
0.241168
0.461278
0.606310
0.496756
0.243947
0.159699
0.231414
0.608825
0.309592
0.180597
0.247561
0.121287
0.339025
0.335087
0.279682
0.184277
0.460139
0.094578
0.049418
0.393080
0.161280
0.425946
0.282824
0.077546
