0.128157
0.100025
0.089626
0.070243
0.065484
0.101308
0.129837
0.119796
0.200045
0.080320
0.135379
0.115146
0.052585
0.073544
0.140778
0.081287
0.166147
0.072400
0.111380
0.125928
0.114268
0.066410
0.068900
0.070583
0.069985
0.067680
0.068289
0.164982
0.056114
0.042792
0.105330
0.128688
0.095515
0.073941
0.040534
0.060567
0.039690
0.048861
0.061042
0.110558
0.065729
0.126479
0.168357
0.183407
0.129051
0.130480
0.086876
0.128889
0.093524
0.160306
0.058162
0.085565
0.102402
0.063856
0.061173
0.065440
0.169229
0.062582
0.069841
0.085733
0.101251
0.132443
0.097366
0.078520
0.112970
0.071333
0.078118
0.123591
0.069782
0.069734
0.107005
0.075319
0.113451
0.127063
0.078488
0.092957
0.058444
0.071615
0.219335
0.064115
0.102997
0.131178
0.081245
0.217900
0.067216
0.075190
0.070445
0.084427
0.072196
0.075840
0.068867
0.072803
0.088264
0.080722
0.065999
0.073865
0.135099
0.109945
0.160346
0.043891
