0.069217
0.109336
0.099720
0.121514
0.153568
0.074051
0.233451
0.148904
0.219117
0.179885
0.084891
0.128020
0.140560
0.275309
0.238908
0.314994
0.150921
0.055634
0.463865
0.082957
0.110876
0.222304
0.411290
0.174414
0.061246
0.108945
0.064500
0.049560
0.052448
0.216760
0.129361
0.110308
0.161891
0.102305
0.095628
0.236451
0.284125
0.220051
0.030067
0.200450
0.254803
0.097384
0.043806
0.073524
0.188462
0.117846
0.316759
0.140662
0.177972
0.097477
0.249308
0.377763
0.054853
0.155617
0.260007
0.266669
0.054068
0.085092
0.126921
0.141782
0.271353
0.143404
0.115637
0.180657
0.090437
0.293971
0.122074
0.084299
0.030853
0.340199
0.160715
0.095639
0.126304
0.103151
0.159321
0.292258
0.256407
0.354900
0.070774
0.143718
0.137585
0.267257
0.095822
0.078066
0.292645
0.060154
0.108377
0.087070
0.111265
0.146131
0.210704
0.365293
0.154601
0.359506
0.132879
0.283300
0.226437
0.097670
0.125091
0.098874
