0.015418
0.015599
0.013552
0.016801
0.015402
0.013968
0.019167
0.016140
0.011952
0.016360
0.014916
0.012441
0.011938
0.015226
0.015659
0.012602
0.022146
0.019108
0.019462
0.016267
0.015481
0.012261
0.017454
0.017563
0.015083
0.011519
0.013268
0.013978
0.035660
0.014528
0.012304
0.014011
0.023848
0.015946
0.018383
0.010512
0.015363
0.015496
0.017067
0.016267
0.015740
0.012784
0.017440
0.018729
0.014261
0.016179
0.014423
0.010987
0.012700
0.012794
0.014977
0.012959
0.013003
0.012280
0.017043
0.014243
0.016754
0.013758
0.015854
0.012311
0.015652
0.015665
0.032692
0.014232
0.028948
0.013958
0.015604
0.014088
0.016694
0.005471
0.020732
0.016184
0.010905
0.014019
0.013683
0.016475
0.017834
0.012424
0.014864
0.021488
0.012787
0.005805
0.016459
0.018231
0.016288
0.017162
0.014072
0.016342
0.017627
0.016392
0.014481
0.016728
0.020932
0.013652
0.034439
0.014738
0.014519
0.014595
0.019505
0.035680
