0.038075
0.044412
0.040057
0.030808
0.043545
0.030698
0.027212
0.038304
0.032091
0.045372
0.031319
0.030108
0.068048
0.073781
0.035130
0.029777
0.033080
0.047043
0.035552
0.033426
0.050418
0.053356
0.036779
0.035179
0.047106
0.035959
0.034244
0.031248
0.033412
0.031348
0.026356
0.069314
0.054877
0.049237
0.056921
0.041338
0.076514
0.030551
0.028305
0.040897
0.035596
0.036822
0.029726
0.038476
0.039275
0.047803
0.036177
0.065692
0.037111
0.043325
0.043324
0.035592
0.037935
0.064030
0.037485
0.041425
0.037798
0.035007
0.042124
0.032988
0.033449
0.035176
0.027943
0.030771
0.028411
0.041838
0.037302
0.041083
0.061613
0.045734
0.054500
0.037546
0.035463
0.027799
0.036021
0.022345
0.056818
0.029459
0.051750
0.036961
0.047414
0.049190
0.030098
0.035043
0.043438
0.035244
0.032438
0.030245
0.032795
0.034828
0.045707
0.037311
0.038731
0.062976
0.025797
0.054492
0.031359
0.076249
0.033489
0.044299
