0.050534
0.055987
0.048380
0.075518
0.041806
0.053451
0.054657
0.048932
0.056164
0.039487
0.063841
0.048123
0.054305
0.044897
0.048232
0.050758
0.045767
0.062337
0.052633
0.045669
0.061161
0.060178
0.066317
0.053286
0.046910
0.058178
0.062623
0.057585
0.065835
0.063829
0.044458
0.039061
0.069888
0.062293
0.057002
0.056712
0.045476
0.060572
0.062163
0.050564
0.057159
0.044956
0.046306
0.053236
0.060636
0.053675
0.051122
0.041122
0.048072
0.067691
0.047760
0.063193
0.063849
0.054880
0.049510
0.047971
0.045165
0.065797
0.058111
0.050952
0.061850
0.053381
0.056496
0.073060
0.046162
0.045354
0.049393
0.071169
0.055569
0.053083
0.058939
0.067205
0.064424
0.070066
0.055924
0.048989
0.044298
0.068528
0.057232
0.041192
0.051605
0.058871
0.054522
0.055787
0.052258
0.062238
0.057979
0.053112
0.049135
0.061986
0.051935
0.058720
0.061106
0.070106
0.048122
0.057667
0.053777
0.051055
0.043672
0.052570
