0.025459
0.074920
0.029312
0.034638
0.034521
0.032394
0.029455
0.028078
0.026231
0.026455
0.023161
0.046440
0.024533
0.052752
0.071019
0.025445
0.056057
0.032831
0.027401
0.027388
0.030626
0.022404
0.075384
0.028575
0.024273
0.034812
0.026804
0.103012
0.040287
0.040189
0.033236
0.040827
0.024974
0.032917
0.058001
0.029240
0.024565
0.039433
0.095933
0.031197
0.027246
0.028510
0.026405
0.045049
0.024697
0.030234
0.024393
0.071296
0.039838
0.025092
0.017492
0.027857
0.027747
0.026180
0.034118
0.029330
0.025376
0.024998
0.048739
0.029764
0.026708
0.025606
0.032779
0.030655
0.035793
0.026930
0.026829
0.022594
0.034533
0.100740
0.035201
0.029577
0.028374
0.063382
0.036214
0.026751
0.036384
0.030381
0.034639
0.033555
0.061820
0.023907
0.044166
0.045145
0.043443
0.027611
0.037025
0.026207
0.036682
0.024285
0.027700
0.021907
0.026804
0.035092
0.030444
0.034920
0.028375
0.036761
0.025660
0.023792
