0.007212
0.013651
0.007684
0.016623
0.015488
0.016812
0.007523
0.028946
0.030350
0.004281
0.007934
0.040406
0.009208
0.011564
0.009113
0.016124
0.035333
0.010786
0.006044
0.041409
0.011481
0.016069
0.019998
0.009835
0.030949
0.005534
0.022615
0.007755
0.015372
0.012955
0.023094
0.019813
0.009204
0.018369
0.007321
0.004510
0.008659
0.007659
0.009273
0.006133
0.009724
0.026907
0.020769
0.015533
0.016789
0.006934
0.011367
0.009772
0.031700
0.014479
0.009643
0.008290
0.024947
0.026565
0.031715
0.008323
0.012445
0.009989
0.025271
0.012307
0.014480
0.028104
0.009295
0.012852
0.014477
0.045887
0.008656
0.041523
0.004395
0.023306
0.009278
0.004243
0.029790
0.043062
0.007870
0.035357
0.017274
0.032660
0.008228
0.005679
0.004456
0.016866
0.012219
0.016342
0.035664
0.021907
0.005157
0.005348
0.008414
0.003847
0.082087
0.005081
0.036403
0.010805
0.007722
0.007627
0.066138
0.022470
0.022703
0.006883
