0.048273
0.071877
0.056327
0.038827
0.072519
0.038925
0.040890
0.069246
0.067781
0.120775
0.058070
0.053065
0.056501
0.039476
0.086364
0.088119
0.066017
0.129446
0.078183
0.055865
0.025575
0.035804
0.054299
0.066026
0.035080
0.054445
0.042998
0.079247
0.074884
0.040995
0.037859
0.035125
0.043385
0.045086
0.051250
0.081552
0.036140
0.032448
0.054117
0.051078
0.049212
0.064853
0.037275
0.056468
0.043139
0.032583
0.047934
0.069357
0.075189
0.050963
0.055021
0.041614
0.103499
0.110423
0.040951
0.062147
0.046536
0.029410
0.041771
0.054854
0.038269
0.078630
0.047721
0.045895
0.043060
0.105235
0.048003
0.048953
0.029029
0.099232
0.036630
0.056754
0.047390
0.042683
0.073061
0.049195
0.095802
0.068774
0.047973
0.039271
0.048883
0.051064
0.060707
0.028392
0.041133
0.029191
0.053395
0.047590
0.056562
0.050440
0.032780
0.089572
0.061181
0.042480
0.032873
0.097542
0.076932
0.050655
0.050968
0.077716
