0.006378
0.006329
0.015202
0.007592
0.077333
0.046028
0.058525
0.059326
0.007497
0.048043
0.005285
0.007602
0.023006
0.055827
0.011082
0.163565
0.024558
0.003662
0.006367
0.004355
0.026693
0.036542
0.005262
0.014491
0.005039
0.009751
0.007742
0.025153
0.056203
0.006471
0.141800
0.060570
0.019814
0.035725
0.004269
0.024095
0.018375
0.044739
0.159756
0.118926
0.088206
0.005647
0.143345
0.007598
0.005220
0.014587
0.052982
0.252650
0.047323
0.013223
0.141841
0.111933
0.048227
0.069638
0.034549
0.005444
0.073943
0.166912
0.047405
0.078246
0.049829
0.050081
0.061748
0.018998
0.090472
0.164795
0.038189
0.046420
0.076940
0.020315
0.032699
0.007147
0.003795
0.132767
0.006055
0.040209
0.007274
0.010464
0.024155
0.004338
0.138493
0.137320
0.012649
0.081760
0.026487
0.084841
0.160705
0.158989
0.006301
0.040783
0.023460
0.023575
0.012236
0.120883
0.107211
0.047199
0.124519
0.010783
0.051759
0.052556
