0.033407
0.038416
0.023240
0.033583
0.054730
0.035460
0.062386
0.037359
0.033814
0.046681
0.029951
0.038321
0.035961
0.041127
0.030925
0.037325
0.036807
0.038789
0.040117
0.039389
0.037006
0.045470
0.038138
0.023045
0.038550
0.057171
0.022809
0.046330
0.033985
0.036942
0.046502
0.057234
0.046059
0.037486
0.040806
0.045289
0.021851
0.019452
0.052428
0.023148
0.033673
0.033707
0.027622
0.051956
0.037468
0.028856
0.045742
0.023072
0.028495
0.028598
0.035233
0.045374
0.041747
0.027387
0.061427
0.062653
0.033282
0.052584
0.058043
0.049141
0.018961
0.037819
0.031540
0.036874
0.028240
0.031375
0.048731
0.073335
0.028786
0.034288
0.061006
0.043379
0.020631
0.038953
0.032153
0.024878
0.055799
0.055042
0.038718
0.025791
0.032932
0.027866
0.045725
0.027496
0.037436
0.033031
0.023527
0.037612
0.022722
0.037908
0.036066
0.026155
0.019974
0.029640
0.037641
0.058725
0.045679
0.053275
0.038487
0.034582
