0.045094
0.041925
0.061541
0.025582
0.034894
0.093073
0.039396
0.036288
0.037499
0.032505
0.045623
0.011668
0.044430
0.018393
0.018523
0.043106
0.022818
0.040036
0.031313
0.045481
0.067061
0.029680
0.040285
0.028211
0.044912
0.029677
0.044566
0.026153
0.048217
0.043505
0.034320
0.043834
0.077467
0.027209
0.066426
0.036892
0.038685
0.038353
0.065106
0.068488
0.052677
0.042492
0.053102
0.041304
0.024481
0.037459
0.038692
0.138495
0.011635
0.071715
0.034970
0.012288
0.037867
0.049359
0.059216
0.047813
0.039304
0.055174
0.040991
0.033304
0.017650
0.038475
0.044047
0.032253
0.029338
0.040235
0.038309
0.028086
0.038408
0.054531
0.049031
0.052898
0.031658
0.037931
0.019559
0.020215
0.021219
0.018744
0.058595
0.045367
0.061151
0.045706
0.031662
0.049056
0.021653
0.050754
0.148382
0.071478
0.052826
0.049082
0.022378
0.040067
0.047670
0.071044
0.037395
0.017933
0.026187
0.043837
0.057877
0.035623
