0.022353
0.009944
0.021528
0.038024
0.036128
0.007288
0.008540
0.037126
0.013534
0.004429
0.036007
0.002246
0.006963
0.032634
0.020321
0.037068
0.036425
0.016883
0.021101
0.002381
0.007467
0.013702
0.002908
0.006830
0.043774
0.001173
0.039314
0.034250
0.006564
0.016981
0.007741
0.019781
0.010461
0.007509
0.009786
0.005055
0.036177
0.003172
0.004718
0.019658
0.035412
0.005871
0.084243
0.006339
0.001883
0.020670
0.049099
0.004771
0.035612
0.007529
0.025249
0.031934
0.033049
0.039137
0.034857
0.004204
0.033520
0.037148
0.034431
0.033674
0.036544
0.038832
0.038467
0.036446
0.045225
0.033954
0.006483
0.036117
0.007920
0.008953
0.033352
0.002797
0.008091
0.003850
0.015755
0.038446
0.006678
0.032673
0.002847
0.004435
0.002557
0.020742
0.008392
0.007692
0.037613
0.005017
0.005409
0.003498
0.003165
0.004296
0.037442
0.005302
0.037133
0.034643
0.007849
0.019375
0.034535
0.032541
0.007211
0.020034
