0.020093
0.060574
0.038225
0.043652
0.037974
0.012828
0.019182
0.038932
0.036277
0.023433
0.049948
0.037101
0.044456
0.029437
0.035297
0.033459
0.044349
0.024078
0.042106
0.038940
0.022548
0.011255
0.016557
0.031787
0.037340
0.044649
0.017143
0.041938
0.032083
0.024485
0.008984
0.038829
0.023471
0.030368
0.032747
0.045798
0.053749
0.026531
0.030209
0.026759
0.039950
0.035958
0.013822
0.022890
0.019603
0.019145
0.021861
0.025269
0.039028
0.026058
0.034039
0.027284
0.021759
0.024870
0.039432
0.031542
0.023306
0.027510
0.023320
0.012564
0.030363
0.036595
0.036645
0.053550
0.030422
0.023902
0.015933
0.027088
0.023842
0.024600
0.035572
0.026317
0.023215
0.022616
0.021605
0.048603
0.047455
0.016982
0.038856
0.035696
0.052647
0.021386
0.025839
0.017411
0.015254
0.022520
0.030389
0.033240
0.020933
0.039552
0.036798
0.039607
0.032976
0.053531
0.034494
0.026320
0.048375
0.017062
0.044883
0.018086
