0.004115
0.008871
0.005542
0.009896
0.025372
0.001079
0.005187
0.026696
0.004202
0.005993
0.003809
0.004810
0.007427
0.007272
0.003228
0.002371
0.006636
0.002787
0.002165
0.006130
0.025659
0.003151
0.004622
0.021350
0.003468
0.024941
0.010163
0.022760
0.003252
0.022433
0.001446
0.020730
0.002174
0.002754
0.022809
0.023304
0.008454
0.024730
0.005486
0.030800
0.034039
0.025067
0.004119
0.007079
0.002119
0.006787
0.006732
0.004690
0.021275
0.002128
0.024300
0.022774
0.002694
0.020922
0.007660
0.004947
0.024894
0.005438
0.004736
0.025188
0.027252
0.021690
0.009570
0.007162
0.023580
0.006195
0.003623
0.004696
0.026784
0.022051
0.020621
0.006404
0.004795
0.026597
0.002520
0.003330
0.007075
0.004036
0.002919
0.004726
0.023295
0.028110
0.002985
0.010210
0.003123
0.004902
0.020585
0.021464
0.006762
0.006375
0.006594
0.008012
0.003677
0.025287
0.036607
0.005438
0.025378
0.008617
0.007539
0.004162
