0.037146
0.051839
0.064446
0.032650
0.063162
0.021419
0.057934
0.034242
0.044193
0.034127
0.046391
0.041816
0.035837
0.050740
0.042986
0.053748
0.041570
0.039625
0.049197
0.036651
0.046107
0.065860
0.050085
0.053092
0.036840
0.049225
0.052137
0.038665
0.042056
0.029782
0.053706
0.048774
0.049980
0.046335
0.045057
0.049709
0.052603
0.037922
0.020920
0.035238
0.059526
0.050182
0.034562
0.069322
0.039144
0.033364
0.064390
0.048576
0.048137
0.034810
0.038213
0.039653
0.038215
0.032260
0.036184
0.048140
0.054626
0.045133
0.035009
0.050043
0.052983
0.063645
0.056538
0.045651
0.045874
0.028493
0.035597
0.051105
0.045196
0.041845
0.064460
0.047407
0.034291
0.044718
0.038655
0.053725
0.051988
0.042552
0.025696
0.064161
0.038678
0.050830
0.043887
0.047427
0.045697
0.041929
0.041719
0.053614
0.044787
0.049669
0.035966
0.064040
0.029593
0.037091
0.028874
0.050573
0.050926
0.039275
0.043025
0.041705
