0.030639
0.016754
0.069799
0.014387
0.010514
0.043809
0.028706
0.038208
0.045761
0.007846
0.036662
0.040797
0.016316
0.012282
0.009690
0.007818
0.015019
0.036743
0.038683
0.017205
0.040713
0.021211
0.039894
0.039003
0.019614
0.039195
0.070322
0.012280
0.037109
0.018073
0.014018
0.038190
0.035179
0.006983
0.053355
0.011681
0.029972
0.016317
0.034399
0.069326
0.054278
0.017211
0.022065
0.016424
0.006883
0.061901
0.043681
0.039988
0.006663
0.044519
0.012437
0.039987
0.009164
0.046188
0.057490
0.039888
0.036223
0.045221
0.018871
0.013124
0.020332
0.042239
0.018304
0.017170
0.015362
0.008566
0.030448
0.036667
0.032096
0.022514
0.038560
0.059490
0.036941
0.032959
0.035571
0.010556
0.024230
0.011335
0.043908
0.044103
0.017334
0.013500
0.019228
0.034582
0.011427
0.045297
0.063018
0.030995
0.038935
0.048298
0.011217
0.070129
0.044328
0.036150
0.055131
0.009558
0.009794
0.034468
0.025416
0.013024
