0.012813
0.015646
0.014207
0.011341
0.012693
0.008921
0.011529
0.011114
0.011829
0.008765
0.010917
0.009317
0.015557
0.015750
0.011418
0.011213
0.012708
0.009681
0.016858
0.008562
0.009433
0.006294
0.009850
0.013686
0.017880
0.007735
0.009120
0.009618
0.007319
0.014528
0.015948
0.009620
0.012337
0.015327
0.010253
0.017776
0.009537
0.009897
0.007959
0.011025
0.014717
0.008623
0.010355
0.016366
0.014441
0.009076
0.010129
0.017277
0.006159
0.011755
0.011014
0.012054
0.011030
0.016240
0.011460
0.012369
0.013447
0.010126
0.014127
0.013645
0.010086
0.014868
0.010442
0.014064
0.008797
0.011130
0.016381
0.008887
0.011955
0.018503
0.009833
0.007514
0.013299
0.022387
0.012727
0.009913
0.017117
0.010049
0.014086
0.012803
0.015191
0.013622
0.015255
0.011197
0.011138
0.010129
0.010128
0.011220
0.014636
0.011825
0.017328
0.008657
0.015881
0.009587
0.012539
0.009503
0.011056
0.014494
0.007885
0.010072
