0.001524
0.001645
0.001922
0.001143
0.001404
0.001709
0.001578
0.001751
0.001817
0.001651
0.002002
0.001901
0.001409
0.001857
0.001655
0.002170
0.001958
0.001783
0.001520
0.001591
0.001599
0.001433
0.001629
0.001959
0.001667
0.001976
0.001793
0.001843
0.001682
0.001622
0.001546
0.001392
0.001639
0.001655
0.001539
0.001866
0.001573
0.001353
0.001721
0.002005
0.001823
0.001524
0.001920
0.001438
0.001406
0.001734
0.001655
0.001739
0.002215
0.001905
0.001995
0.001716
0.001667
0.001848
0.001478
0.001569
0.001768
0.001523
0.002073
0.001842
0.001968
0.001553
0.001438
0.001981
0.001803
0.002146
0.001776
0.001442
0.001740
0.001584
0.001804
0.001438
0.001712
0.001833
0.001593
0.001620
0.001806
0.001367
0.001893
0.001852
0.001837
0.001892
0.001667
0.001909
0.001598
0.001691
0.001589
0.001826
0.001885
0.001632
0.001807
0.001428
0.001646
0.001733
0.001687
0.001530
0.001623
0.001636
0.001580
0.001660
