0.013214
0.005117
0.012021
0.006251
0.004771
0.021676
0.010631
0.025705
0.025662
0.004559
0.014055
0.006399
0.006878
0.026403
0.021752
0.005071
0.027509
0.007889
0.004491
0.031419
0.018231
0.006231
0.013291
0.004620
0.010449
0.026167
0.016688
0.033219
0.009086
0.069723
0.015747
0.026053
0.023699
0.017413
0.023709
0.037632
0.008290
0.011182
0.006983
0.014150
0.005526
0.035687
0.018363
0.008866
0.002672
0.008908
0.016072
0.005789
0.014551
0.005310
0.016743
0.006214
0.025634
0.013754
0.049715
0.009063
0.014371
0.012016
0.024284
0.019437
0.016157
0.009381
0.007131
0.065367
0.011751
0.005624
0.016943
0.009203
0.019728
0.007061
0.016583
0.004604
0.017203
0.012214
0.020527
0.007915
0.004060
0.027832
0.032931
0.017700
0.012781
0.003719
0.025080
0.019052
0.005529
0.031308
0.017936
0.027477
0.020008
0.023477
0.003603
0.017605
0.026916
0.018817
0.011218
0.043579
0.006314
0.008405
0.004773
0.007226
