0.034678
0.045917
0.033395
0.026073
0.023794
0.031671
0.029253
0.025628
0.032731
0.034250
0.032183
0.034873
0.036128
0.036911
0.038406
0.032177
0.033829
0.028558
0.044145
0.026642
0.043443
0.035147
0.039739
0.026131
0.050691
0.039758
0.033621
0.041033
0.025917
0.034879
0.032276
0.024728
0.042528
0.038038
0.043164
0.042119
0.046616
0.037049
0.041346
0.031458
0.023927
0.024655
0.028064
0.039080
0.031055
0.027861
0.035775
0.054630
0.038268
0.026036
0.047822
0.039996
0.031459
0.037463
0.026067
0.030644
0.031897
0.026871
0.027487
0.040709
0.023276
0.038679
0.037366
0.025937
0.030163
0.038298
0.037908
0.029144
0.032676
0.036440
0.037392
0.040217
0.023388
0.043005
0.029409
0.032403
0.029522
0.026074
0.021273
0.033783
0.026868
0.060065
0.028063
0.047788
0.028167
0.031791
0.041150
0.027690
0.031925
0.028273
0.032610
0.026349
0.040381
0.034008
0.025884
0.028550
0.041279
0.030356
0.026496
0.033163
