0.036914
0.039306
0.007322
0.036967
0.013317
0.035087
0.019821
0.018363
0.034491
0.008708
0.056810
0.008749
0.030896
0.030730
0.032024
0.009576
0.007446
0.012799
0.036669
0.006105
0.002993
0.042746
0.003364
0.028231
0.025986
0.035358
0.007190
0.012824
0.038147
0.005169
0.015723
0.005205
0.028418
0.052629
0.024768
0.024224
0.037845
0.007677
0.019877
0.039263
0.003119
0.023560
0.038807
0.044853
0.006010
0.033844
0.013114
0.008947
0.031951
0.018960
0.018752
0.004602
0.002629
0.053906
0.009369
0.004077
0.003277
0.004968
0.014766
0.016866
0.006622
0.027587
0.024754
0.037216
0.032814
0.015934
0.032859
0.042449
0.003171
0.005764
0.052516
0.003615
0.010085
0.041399
0.036150
0.006120
0.049353
0.045933
0.020142
0.002844
0.005668
0.031116
0.011295
0.004917
0.026505
0.013656
0.003616
0.026606
0.012985
0.005871
0.047607
0.050818
0.015594
0.031033
0.035035
0.036639
0.007642
0.059565
0.042964
0.014581
