0.029488
0.042882
0.053289
0.014394
0.023393
0.026491
0.021945
0.026153
0.021410
0.017052
0.033224
0.025194
0.022652
0.017449
0.027231
0.018802
0.019219
0.019635
0.021755
0.024794
0.037002
0.032862
0.023888
0.023292
0.034892
0.011878
0.015762
0.022208
0.021773
0.048563
0.052034
0.041980
0.022078
0.024935
0.052060
0.023754
0.029577
0.051291
0.019760
0.026014
0.023511
0.020705
0.036641
0.021104
0.021549
0.023508
0.046826
0.019615
0.022358
0.025860
0.028087
0.019376
0.020743
0.016507
0.016202
0.018102
0.019704
0.039978
0.052954
0.017473
0.015243
0.020375
0.055528
0.012506
0.035878
0.043759
0.022991
0.018981
0.017236
0.024093
0.029623
0.025190
0.014906
0.024745
0.023019
0.039233
0.021611
0.022269
0.058035
0.017807
0.017317
0.020448
0.067383
0.021483
0.044628
0.021311
0.053422
0.020802
0.042400
0.022546
0.018473
0.024284
0.013643
0.037027
0.025033
0.025191
0.012532
0.022382
0.032113
0.011518
