0.012898
0.015686
0.014347
0.011431
0.012702
0.009231
0.011683
0.011236
0.011857
0.008991
0.011010
0.009516
0.015493
0.015814
0.011507
0.011292
0.012764
0.009983
0.016814
0.008742
0.009815
0.006507
0.010050
0.013610
0.017703
0.008090
0.009334
0.009836
0.007540
0.014305
0.016027
0.009836
0.012404
0.015388
0.010349
0.017756
0.009611
0.010095
0.008165
0.011166
0.014775
0.008846
0.010500
0.016323
0.014521
0.009263
0.010232
0.017192
0.006457
0.011771
0.011201
0.012143
0.011243
0.016232
0.011663
0.012460
0.013567
0.010291
0.014058
0.013754
0.010166
0.014931
0.010626
0.014193
0.009103
0.011421
0.016546
0.009047
0.012116
0.018463
0.009969
0.007759
0.013488
0.021566
0.012761
0.010078
0.017039
0.010164
0.014050
0.012944
0.015171
0.013651
0.015123
0.011450
0.011207
0.010314
0.010390
0.011397
0.014761
0.012131
0.017328
0.008854
0.015746
0.009693
0.012584
0.009704
0.011215
0.014330
0.008231
0.010233
