0.034894
0.033726
0.033320
0.029078
0.036414
0.034123
0.028287
0.033988
0.034420
0.033596
0.036478
0.035116
0.031865
0.030117
0.035757
0.030452
0.037165
0.032353
0.036378
0.033154
0.036058
0.034307
0.035318
0.032723
0.032861
0.033179
0.037552
0.032825
0.029086
0.035669
0.035830
0.033165
0.034646
0.036494
0.033902
0.033365
0.032228
0.030457
0.032864
0.033228
0.032710
0.032287
0.031646
0.035635
0.029573
0.030993
0.037303
0.032211
0.032916
0.036667
0.035355
0.038568
0.029666
0.039897
0.031958
0.032369
0.031939
0.039585
0.035300
0.034033
0.037372
0.036203
0.034511
0.032043
0.038914
0.034832
0.035316
0.036770
0.036474
0.031130
0.037735
0.033207
0.039924
0.033891
0.036191
0.036779
0.035585
0.031953
0.031487
0.030542
0.031891
0.034327
0.030269
0.038532
0.030566
0.035116
0.034823
0.036297
0.034791
0.035391
0.033289
0.034386
0.033078
0.032612
0.034392
0.034509
0.031196
0.038742
0.033155
0.031766
