0.003312
0.005188
0.005997
0.004151
0.001186
0.013769
0.004248
0.005373
0.007014
0.005095
0.003715
0.005137
0.007912
0.008094
0.002824
0.006203
0.001866
0.006165
0.005664
0.006146
0.003832
0.004553
0.004927
0.004771
0.007966
0.009520
0.001735
0.008117
0.005523
0.003771
0.005949
0.004972
0.004080
0.004746
0.001406
0.002926
0.005970
0.003951
0.006692
0.010149
0.003287
0.002259
0.004625
0.006287
0.005025
0.004375
0.003693
0.003554
0.008459
0.003972
0.008674
0.002065
0.005980
0.004291
0.007382
0.006196
0.005276
0.002306
0.007913
0.001809
0.005459
0.007695
0.003938
0.001923
0.005997
0.004934
0.003652
0.002171
0.006170
0.007912
0.008865
0.001516
0.002907
0.005517
0.004506
0.005045
0.006803
0.002238
0.004877
0.010534
0.007213
0.004605
0.003896
0.009611
0.002111
0.004685
0.003974
0.006019
0.006806
0.003435
0.005335
0.002686
0.009198
0.006918
0.009230
0.005683
0.006124
0.003595
0.004448
0.005058
