0.051008
0.052666
0.045983
0.046798
0.055647
0.047908
0.045500
0.043540
0.050197
0.042352
0.046710
0.053798
0.046586
0.043283
0.048351
0.044148
0.047924
0.047129
0.048782
0.046037
0.046510
0.038351
0.048185
0.051723
0.051395
0.048084
0.050095
0.044078
0.046524
0.049051
0.046307
0.046574
0.051368
0.049379
0.048366
0.048250
0.048537
0.047930
0.051756
0.043844
0.046503
0.040860
0.045435
0.048088
0.051375
0.039375
0.047759
0.045018
0.047620
0.044582
0.049489
0.053944
0.041511
0.052208
0.044096
0.043043
0.045480
0.047268
0.055081
0.048257
0.040493
0.049043
0.047291
0.045772
0.045298
0.042650
0.052255
0.044237
0.042949
0.051410
0.046157
0.048075
0.051279
0.047227
0.044770
0.043100
0.055480
0.050097
0.047453
0.044008
0.050363
0.044471
0.056739
0.049227
0.047316
0.052251
0.046640
0.047500
0.052498
0.043849
0.048334
0.047095
0.048773
0.048977
0.050043
0.047307
0.049242
0.044402
0.043251
0.051068
