0.018687
0.019588
0.020358
0.016946
0.021391
0.016809
0.017277
0.018973
0.020422
0.020584
0.019685
0.019504
0.020246
0.022361
0.016807
0.017725
0.020973
0.018776
0.021114
0.019262
0.019089
0.025011
0.022075
0.022397
0.020194
0.014903
0.020018
0.018188
0.019386
0.018828
0.021892
0.021385
0.019724
0.021649
0.019159
0.021589
0.018518
0.018238
0.018915
0.021841
0.018278
0.017696
0.018180
0.020642
0.020101
0.018433
0.018561
0.019654
0.021447
0.019846
0.018017
0.018963
0.019763
0.020072
0.017248
0.019133
0.018193
0.020179
0.020660
0.016956
0.023850
0.022298
0.019837
0.020437
0.019132
0.020094
0.022368
0.019256
0.019422
0.017871
0.021194
0.017440
0.021857
0.017474
0.019404
0.020828
0.020855
0.021649
0.021671
0.019589
0.017970
0.019951
0.016173
0.021053
0.019638
0.018336
0.019139
0.019020
0.020464
0.020073
0.017916
0.018775
0.016469
0.021550
0.019074
0.019018
0.018927
0.018468
0.022727
0.019072
