0.039346
0.037160
0.042032
0.045755
0.044563
0.046112
0.042505
0.042541
0.044305
0.044825
0.041107
0.038717
0.044708
0.039260
0.042669
0.047629
0.045949
0.038133
0.044516
0.047394
0.049655
0.044174
0.039648
0.041825
0.045147
0.042110
0.043835
0.040144
0.046022
0.048642
0.042017
0.044042
0.045152
0.040010
0.043264
0.044534
0.037038
0.045479
0.042737
0.042802
0.043051
0.044004
0.046309
0.047976
0.039705
0.040805
0.036579
0.043687
0.042075
0.038711
0.040788
0.038482
0.038024
0.042364
0.039153
0.043037
0.039804
0.045075
0.046296
0.045059
0.036644
0.039281
0.042874
0.042357
0.041505
0.044593
0.038549
0.036484
0.043741
0.040635
0.053969
0.041777
0.043286
0.042989
0.045732
0.040382
0.038434
0.041678
0.051442
0.042738
0.038532
0.046912
0.035623
0.042573
0.043995
0.038442
0.038828
0.040537
0.037025
0.050084
0.046855
0.048601
0.045473
0.039314
0.040936
0.040351
0.042636
0.047863
0.042152
0.045696
