0.007828
0.009133
0.006235
0.006588
0.004423
0.006697
0.008393
0.006655
0.006344
0.006240
0.007469
0.005686
0.005758
0.005071
0.007806
0.007013
0.007846
0.008813
0.010002
0.005353
0.003816
0.005182
0.006444
0.006015
0.006258
0.007846
0.007946
0.004833
0.007505
0.006263
0.003820
0.006660
0.004841
0.007937
0.005236
0.007294
0.008958
0.006430
0.007787
0.006528
0.007428
0.006612
0.004003
0.008466
0.004149
0.008622
0.008995
0.009726
0.007369
0.008203
0.004948
0.007088
0.007123
0.008439
0.004950
0.006423
0.007334
0.004343
0.007310
0.008365
0.005442
0.007357
0.008520
0.005664
0.003896
0.009205
0.008586
0.008761
0.006024
0.008816
0.003944
0.009081
0.006970
0.007047
0.004327
0.007163
0.007517
0.008115
0.005314
0.005439
0.007897
0.008986
0.009172
0.010507
0.006789
0.010789
0.005290
0.006617
0.007974
0.004614
0.006636
0.007996
0.007061
0.004573
0.007813
0.008263
0.007450
0.008230
0.006715
0.005175
