0.060529
0.054320
0.060965
0.065739
0.065181
0.054955
0.058972
0.056082
0.060784
0.057362
0.061440
0.054397
0.060335
0.056836
0.054202
0.056605
0.062155
0.059146
0.052969
0.057799
0.058196
0.060560
0.059685
0.055782
0.063018
0.054528
0.063118
0.060750
0.063191
0.060897
0.066665
0.062519
0.060553
0.064152
0.050992
0.057192
0.058827
0.057155
0.059624
0.058573
0.060758
0.064910
0.056224
0.067765
0.065195
0.053624
0.055934
0.053820
0.057735
0.056999
0.057723
0.059854
0.050750
0.056659
0.057308
0.068366
0.067495
0.057110
0.053045
0.057542
0.063988
0.063479
0.053040
0.061688
0.051223
0.056340
0.060688
0.058420
0.054422
0.058514
0.056343
0.061137
0.065550
0.062375
0.062768
0.062012
0.065505
0.063903
0.060544
0.065649
0.054284
0.056756
0.056457
0.061580
0.063086
0.061108
0.063119
0.056809
0.059457
0.062140
0.058465
0.063398
0.059425
0.059545
0.065316
0.070808
0.064279
0.061068
0.058763
0.064146
