0.023697
0.024325
0.024288
0.025443
0.022102
0.024474
0.023653
0.023524
0.023997
0.024289
0.023723
0.024870
0.025704
0.024234
0.023265
0.023725
0.024788
0.021373
0.021934
0.024800
0.022854
0.025703
0.023679
0.025414
0.023461
0.025889
0.021906
0.023131
0.024319
0.024129
0.021795
0.024070
0.023891
0.021553
0.025732
0.022810
0.022727
0.022190
0.025556
0.024226
0.022084
0.023834
0.025292
0.023622
0.024863
0.022832
0.025290
0.022811
0.022739
0.022912
0.022349
0.025431
0.023120
0.024223
0.022461
0.022955
0.022459
0.025058
0.023345
0.025032
0.020748
0.022601
0.022107
0.021727
0.023759
0.022695
0.022534
0.022429
0.024969
0.022482
0.026725
0.023835
0.024127
0.024420
0.022185
0.025842
0.024993
0.025391
0.024630
0.023332
0.026371
0.024938
0.022879
0.023374
0.023409
0.022909
0.022069
0.020883
0.023645
0.022556
0.025695
0.027892
0.025343
0.024551
0.019781
0.021521
0.025824
0.023848
0.024099
0.021944
