0.004744
0.007912
0.004761
0.010029
0.003599
0.012253
0.003970
0.012173
0.003752
0.011692
0.011571
0.005354
0.006649
0.007110
0.004528
0.007546
0.004227
0.006132
0.005470
0.011800
0.004123
0.003893
0.004968
0.006917
0.013031
0.004580
0.010951
0.005659
0.007848
0.007414
0.004902
0.004721
0.003166
0.011785
0.010539
0.012987
0.012209
0.005057
0.006757
0.012927
0.005234
0.004540
0.009865
0.012949
0.004130
0.003685
0.012025
0.003758
0.011996
0.012986
0.004771
0.004040
0.012580
0.009921
0.006197
0.010555
0.004899
0.008221
0.007603
0.004086
0.005549
0.004294
0.010011
0.009045
0.006504
0.004239
0.011466
0.008783
0.005049
0.004760
0.004657
0.011886
0.003928
0.005341
0.008385
0.004285
0.005945
0.003629
0.004291
0.008905
0.004452
0.004001
0.012234
0.013217
0.007886
0.003635
0.004194
0.010054
0.009291
0.012173
0.010731
0.004663
0.004922
0.007198
0.006309
0.004793
0.014160
0.003234
0.009958
0.004257
