0.001887
0.001819
0.001909
0.002065
0.001913
0.001916
0.001868
0.001856
0.001787
0.002147
0.002142
0.001609
0.002044
0.001976
0.002107
0.001985
0.001841
0.001844
0.001864
0.001995
0.001894
0.001991
0.001986
0.001878
0.002254
0.001842
0.002013
0.001898
0.001990
0.001988
0.001770
0.001915
0.001751
0.002010
0.001808
0.001803
0.001858
0.001977
0.001893
0.001783
0.001845
0.001811
0.001968
0.001827
0.001922
0.001901
0.001929
0.001715
0.001980
0.001797
0.002041
0.001956
0.002006
0.001838
0.001959
0.001767
0.001863
0.001883
0.001933
0.001820
0.001714
0.002005
0.001977
0.001909
0.001903
0.001871
0.001958
0.001794
0.002085
0.001943
0.001746
0.001873
0.001643
0.001760
0.001962
0.001835
0.001982
0.001765
0.002049
0.001983
0.001650
0.001825
0.001870
0.001967
0.001882
0.001709
0.001913
0.001686
0.001989
0.001749
0.001767
0.001842
0.001886
0.001797
0.001836
0.002147
0.002001
0.002037
0.001711
0.001894
