0.004125
0.017764
0.005916
0.010631
0.015927
0.004458
0.004305
0.008060
0.011555
0.005399
0.016234
0.002520
0.007318
0.015671
0.008487
0.007041
0.011747
0.004080
0.013173
0.004437
0.004403
0.011122
0.019604
0.021047
0.004494
0.021011
0.016405
0.016965
0.014148
0.015540
0.008140
0.005845
0.021451
0.004311
0.006606
0.008587
0.016741
0.004698
0.007275
0.009131
0.004844
0.006040
0.004944
0.017557
0.021059
0.004695
0.002833
0.004655
0.004980
0.015970
0.010102
0.004388
0.004863
0.015020
0.006249
0.015954
0.004337
0.004867
0.024448
0.003513
0.003836
0.015137
0.015566
0.015164
0.018028
0.014269
0.015847
0.018921
0.014600
0.008625
0.013802
0.004215
0.014971
0.009939
0.006370
0.015079
0.003649
0.008628
0.007621
0.007132
0.007852
0.004661
0.014908
0.005437
0.013729
0.015227
0.002877
0.011167
0.017285
0.018692
0.004017
0.005773
0.006568
0.016274
0.012614
0.005620
0.015093
0.008200
0.017670
0.003892
