0.021073
0.029753
0.034227
0.016973
0.028636
0.019829
0.033950
0.026447
0.027229
0.038169
0.015771
0.020240
0.026274
0.019658
0.031636
0.013561
0.021380
0.027901
0.022427
0.029496
0.027113
0.021460
0.021117
0.028032
0.038983
0.030432
0.018639
0.017751
0.022548
0.016734
0.021048
0.030208
0.028944
0.023034
0.019578
0.024697
0.031524
0.024985
0.043415
0.036166
0.029324
0.018680
0.027476
0.026674
0.033115
0.037301
0.034733
0.026816
0.024820
0.014560
0.028076
0.022857
0.022516
0.023792
0.036038
0.025882
0.024086
0.026437
0.023553
0.028178
0.030071
0.018032
0.025717
0.015575
0.031279
0.034174
0.016665
0.038830
0.035320
0.021886
0.046737
0.021097
0.027548
0.027586
0.033207
0.027816
0.031242
0.030257
0.024119
0.030716
0.026869
0.029910
0.015104
0.029831
0.034691
0.028639
0.017088
0.018351
0.030421
0.020115
0.022267
0.027803
0.026115
0.020131
0.037694
0.022336
0.023092
0.032614
0.026120
0.044924
