0.033123
0.020724
0.028330
0.030631
0.034268
0.033522
0.024165
0.027814
0.044009
0.027632
0.035039
0.026445
0.029897
0.027058
0.028583
0.032045
0.035915
0.026723
0.026760
0.044728
0.037705
0.036634
0.036045
0.039676
0.032251
0.035960
0.040473
0.031868
0.034251
0.031272
0.024109
0.029578
0.036108
0.049406
0.030904
0.035059
0.033699
0.031680
0.028129
0.033428
0.036694
0.031940
0.028559
0.035115
0.040624
0.031932
0.032720
0.030007
0.033057
0.024732
0.028844
0.027641
0.027200
0.030272
0.025761
0.036077
0.022303
0.042352
0.046839
0.053273
0.032256
0.060623
0.034592
0.031409
0.031640
0.030160
0.030877
0.029558
0.051214
0.035697
0.033582
0.027346
0.042445
0.034907
0.029501
0.036173
0.031321
0.041780
0.030360
0.039041
0.038134
0.028228
0.034293
0.026788
0.034606
0.032179
0.034628
0.027786
0.028119
0.029863
0.037105
0.032095
0.029925
0.026836
0.035483
0.032566
0.037114
0.031213
0.022860
0.032996
