0.022533
0.009013
0.010813
0.013506
0.038128
0.032592
0.011679
0.012040
0.033460
0.023938
0.011054
0.024662
0.014125
0.008423
0.033066
0.021190
0.010030
0.014199
0.021005
0.020870
0.006862
0.020140
0.012058
0.036174
0.014014
0.010858
0.033761
0.027928
0.022586
0.019396
0.021167
0.008791
0.023725
0.032113
0.011380
0.019148
0.010113
0.034491
0.021050
0.021752
0.012323
0.009507
0.009742
0.030665
0.011880
0.010570
0.008819
0.023603
0.025918
0.017577
0.022023
0.021009
0.021663
0.021097
0.008417
0.026464
0.023164
0.020868
0.024471
0.023239
0.035793
0.010766
0.008524
0.021085
0.021309
0.011301
0.023844
0.011411
0.025465
0.032534
0.012062
0.010782
0.010177
0.016854
0.017503
0.009012
0.025072
0.015427
0.020536
0.024743
0.010423
0.028346
0.024185
0.026519
0.021887
0.020466
0.024776
0.034557
0.009391
0.020056
0.021400
0.020075
0.014578
0.030176
0.007856
0.021201
0.024795
0.023475
0.027501
0.010799
