0.070639
0.137398
0.120498
0.104437
0.102301
0.068048
0.047855
0.117664
0.076645
0.061431
0.084030
0.087682
0.080578
0.136455
0.133617
0.060297
0.084633
0.084991
0.083849
0.097599
0.054653
0.080145
0.106517
0.092293
0.071271
0.137749
0.142187
0.120864
0.176385
0.099794
0.069978
0.065389
0.062645
0.093793
0.220160
0.076499
0.058094
0.080304
0.093338
0.147869
0.133661
0.095442
0.060149
0.093938
0.068937
0.146084
0.076731
0.069906
0.062268
0.076688
0.079949
0.085789
0.076446
0.126765
0.064766
0.159020
0.067104
0.087076
0.165055
0.069014
0.054130
0.060433
0.099804
0.083529
0.136464
0.114420
0.097213
0.071933
0.071766
0.066958
0.063276
0.085903
0.066812
0.078622
0.064838
0.067394
0.071308
0.104136
0.089348
0.087040
0.041999
0.089139
0.050611
0.112737
0.098817
0.087574
0.100923
0.101693
0.105489
0.089250
0.087630
0.070873
0.101144
0.081450
0.090410
0.094435
0.167463
0.053062
0.083148
0.051984
