0.052334
0.052715
0.048635
0.050351
0.052521
0.051833
0.055309
0.053331
0.051808
0.054640
0.054657
0.053200
0.053511
0.052348
0.049985
0.053878
0.054886
0.048760
0.055322
0.053339
0.051688
0.055715
0.048540
0.048164
0.054564
0.052962
0.054278
0.049960
0.053295
0.055020
0.051027
0.053092
0.053723
0.054385
0.054026
0.048912
0.053275
0.051675
0.053835
0.052908
0.052868
0.053198
0.055040
0.055741
0.050996
0.052334
0.052372
0.054445
0.054804
0.049811
0.052308
0.054296
0.053782
0.051662
0.053384
0.053994
0.046323
0.052686
0.053774
0.054421
0.056330
0.050451
0.047864
0.050170
0.053913
0.054583
0.051476
0.053333
0.053476
0.052001
0.053043
0.054385
0.054007
0.052179
0.051283
0.051491
0.053419
0.054305
0.052953
0.054300
0.050108
0.054398
0.054369
0.053817
0.051067
0.054717
0.053417
0.052863
0.053273
0.051136
0.055853
0.054615
0.053186
0.053733
0.053262
0.053515
0.050131
0.054318
0.054295
0.055262
