0.004661
0.009974
0.011018
0.010508
0.012032
0.010346
0.011544
0.009881
0.010373
0.011476
0.009698
0.009700
0.009698
0.011097
0.010538
0.010591
0.011120
0.010583
0.009958
0.010914
0.010383
0.013431
0.010284
0.004443
0.009702
0.010132
0.009884
0.010093
0.011425
0.011869
0.011093
0.010443
0.010674
0.010325
0.009914
0.004420
0.010802
0.010227
0.009098
0.012921
0.009530
0.010849
0.010622
0.010362
0.009626
0.010230
0.010902
0.010576
0.011295
0.011548
0.010153
0.011206
0.009740
0.010062
0.010049
0.010575
0.009962
0.010562
0.010994
0.010615
0.010461
0.010200
0.009985
0.005207
0.010078
0.009927
0.006659
0.010398
0.010633
0.010358
0.010836
0.010904
0.009891
0.010897
0.010715
0.005377
0.009759
0.011040
0.010218
0.010713
0.009785
0.009880
0.013439
0.011749
0.010015
0.011793
0.009610
0.011387
0.006645
0.010750
0.011812
0.010719
0.010593
0.011008
0.011374
0.009371
0.010320
0.010998
0.011116
0.011481
