0.126533
0.131717
0.133904
0.127479
0.125442
0.125399
0.127222
0.129627
0.132622
0.126835
0.132807
0.132719
0.118317
0.122583
0.129649
0.122759
0.126703
0.129869
0.122811
0.122979
0.126884
0.120735
0.127679
0.127476
0.128065
0.133840
0.132506
0.127601
0.128395
0.127438
0.127352
0.133247
0.127803
0.124339
0.120810
0.129368
0.129993
0.134319
0.121759
0.125971
0.134772
0.125673
0.124236
0.126092
0.126418
0.133386
0.131036
0.128099
0.119170
0.122976
0.125430
0.122313
0.126121
0.127315
0.129000
0.128579
0.130813
0.129675
0.127427
0.125173
0.126910
0.128256
0.129290
0.123130
0.130943
0.135488
0.124426
0.124530
0.128027
0.127471
0.129818
0.116908
0.129086
0.126519
0.130130
0.128601
0.126438
0.130127
0.129207
0.126201
0.129583
0.129040
0.116464
0.124050
0.130030
0.128496
0.130273
0.122367
0.132037
0.120426
0.122757
0.128052
0.128984
0.123297
0.125605
0.130345
0.124829
0.121648
0.125756
0.125513
