0.029606
0.027200
0.034130
0.022962
0.020754
0.022274
0.025771
0.025236
0.025832
0.045148
0.026072
0.027073
0.029709
0.026331
0.027644
0.050454
0.022436
0.030046
0.033026
0.028544
0.025015
0.027901
0.022387
0.040139
0.023037
0.024222
0.019982
0.029177
0.029973
0.030846
0.023288
0.021918
0.025270
0.031797
0.025689
0.022215
0.028445
0.024005
0.023405
0.025855
0.022410
0.026030
0.039651
0.044805
0.031288
0.026825
0.025234
0.025086
0.026929
0.026979
0.029800
0.020801
0.022936
0.025850
0.025031
0.041665
0.022703
0.022431
0.027325
0.034470
0.017633
0.027585
0.021767
0.026539
0.026344
0.021343
0.035261
0.026815
0.026794
0.032054
0.031486
0.044059
0.029974
0.026602
0.023549
0.024046
0.031326
0.025208
0.027929
0.029961
0.023222
0.024039
0.033479
0.030131
0.028772
0.028958
0.026977
0.029142
0.020390
0.019406
0.027299
0.027548
0.023342
0.025555
0.033303
0.027209
0.031240
0.023726
0.034134
0.025343
