0.011744
0.014675
0.017048
0.012293
0.013649
0.011542
0.020762
0.011862
0.012081
0.013880
0.013423
0.012365
0.013870
0.012055
0.013365
0.012995
0.032783
0.012535
0.013409
0.013616
0.013577
0.012416
0.011727
0.011552
0.013091
0.012670
0.015303
0.011839
0.012303
0.013049
0.012278
0.012458
0.012457
0.011744
0.012385
0.011968
0.011708
0.012167
0.012341
0.014835
0.012484
0.012253
0.017399
0.013530
0.012214
0.012251
0.012883
0.012038
0.012225
0.014056
0.012951
0.013134
0.012983
0.013821
0.012402
0.014023
0.012743
0.012568
0.012776
0.012598
0.012109
0.011776
0.011989
0.012553
0.012519
0.011513
0.012077
0.011782
0.012933
0.012039
0.012295
0.011714
0.013936
0.011937
0.013677
0.032153
0.013306
0.011692
0.011816
0.025300
0.015895
0.012010
0.012993
0.012560
0.012968
0.012444
0.012059
0.011804
0.012526
0.013523
0.013090
0.012366
0.064579
0.032465
0.013056
0.011818
0.013668
0.011903
0.013626
0.012649
