0.032982
0.032300
0.043286
0.031800
0.032665
0.031370
0.038800
0.032293
0.032034
0.033873
0.034157
0.032385
0.034214
0.032241
0.040211
0.029795
0.031418
0.035344
0.035669
0.033759
0.035540
0.030576
0.034914
0.053453
0.042348
0.029283
0.045869
0.037837
0.034002
0.029217
0.039272
0.033751
0.032509
0.031755
0.033408
0.038153
0.029109
0.031927
0.036226
0.032662
0.034908
0.038844
0.034904
0.041150
0.044419
0.031529
0.031152
0.036158
0.037408
0.029203
0.031468
0.036506
0.033114
0.032032
0.034749
0.037211
0.041492
0.032236
0.034511
0.033808
0.042080
0.037414
0.035115
0.034343
0.031916
0.029598
0.045417
0.030725
0.031476
0.031106
0.031978
0.030979
0.026692
0.033987
0.031971
0.041192
0.028175
0.032832
0.033111
0.034600
0.028976
0.033690
0.032541
0.029578
0.032890
0.030992
0.033504
0.031271
0.032432
0.030900
0.041327
0.035435
0.034913
0.029239
0.035818
0.034739
0.032692
0.031980
0.032178
0.033105
