0.032336
0.009634
0.009464
0.009281
0.009641
0.008926
0.009257
0.009206
0.008955
0.008917
0.009146
0.010277
0.008979
0.009863
0.009498
0.009366
0.008765
0.009770
0.008790
0.014606
0.010162
0.008853
0.008584
0.024491
0.009320
0.008786
0.008894
0.009710
0.009858
0.008807
0.009632
0.009861
0.009091
0.009797
0.008778
0.028835
0.008872
0.008961
0.008707
0.009175
0.009384
0.009042
0.009252
0.010186
0.008901
0.009319
0.008811
0.009443
0.009358
0.009913
0.009018
0.009485
0.009901
0.008714
0.008758
0.008881
0.009449
0.008947
0.009018
0.009313
0.009060
0.009129
0.008976
0.027363
0.009109
0.009183
0.025771
0.009404
0.010205
0.008905
0.009528
0.008966
0.008983
0.009022
0.009153
0.021466
0.009892
0.009109
0.009423
0.009714
0.009251
0.011414
0.008965
0.008911
0.009076
0.009837
0.009323
0.008983
0.012774
0.009375
0.009782
0.009988
0.010598
0.008938
0.009447
0.009683
0.009514
0.009472
0.009409
0.009780
