0.048372
0.064840
0.059151
0.049549
0.054876
0.054825
0.064913
0.053607
0.042032
0.049069
0.052870
0.056025
0.050194
0.059730
0.042757
0.057508
0.047280
0.052557
0.057990
0.066619
0.064184
0.048149
0.045504
0.046278
0.049618
0.056662
0.045520
0.048710
0.050524
0.049247
0.052228
0.074003
0.058178
0.061182
0.113848
0.058152
0.076177
0.050991
0.078963
0.043829
0.045307
0.046702
0.046956
0.045548
0.053041
0.081527
0.062595
0.053678
0.048861
0.051332
0.048415
0.068841
0.062198
0.049756
0.054066
0.044832
0.043130
0.049622
0.052579
0.053052
0.068240
0.048931
0.045669
0.060897
0.051908
0.055487
0.050467
0.054023
0.047917
0.051806
0.052168
0.086340
0.049469
0.048413
0.075864
0.043155
0.044067
0.047354
0.050203
0.076106
0.048857
0.051666
0.059268
0.062456
0.049577
0.046984
0.049547
0.050636
0.059493
0.070184
0.043207
0.062472
0.048478
0.049086
0.045647
0.048911
0.056235
0.048672
0.052679
0.062380
