0.029606
0.020952
0.051391
0.021619
0.023753
0.067964
0.021009
0.022776
0.020257
0.022449
0.022960
0.021254
0.022227
0.028202
0.021097
0.020199
0.021081
0.021651
0.021813
0.027860
0.021561
0.025291
0.021568
0.034204
0.025059
0.019915
0.022271
0.029118
0.022522
0.021352
0.022197
0.070313
0.021498
0.020363
0.022412
0.028657
0.019889
0.023122
0.025744
0.020539
0.023112
0.027608
0.024294
0.021011
0.020021
0.021399
0.021349
0.021935
0.020893
0.021029
0.024037
0.022161
0.023958
0.022548
0.020997
0.024873
0.021235
0.022313
0.020806
0.022447
0.025338
0.021457
0.019999
0.022043
0.022160
0.022615
0.026762
0.023870
0.020553
0.032359
0.021107
0.027423
0.023240
0.021577
0.023142
0.020779
0.021009
0.024461
0.023000
0.022868
0.020972
0.021564
0.020557
0.024285
0.021563
0.022519
0.023532
0.020756
0.023161
0.023916
0.020516
0.023246
0.021741
0.022850
0.020908
0.020587
0.021909
0.021178
0.022666
0.021665
