63.704245
0.018303
2.436151
0.057627
0.061832
27524.434670
793.697454
0.791289
0.635347
9.809769
0.027571
1430.140125
23.296773
0.016335
34.888572
18.281640
17.762146
546.238017
0.079349
14.599532
36.819298
0.084947
0.020200
0.020775
911.250106
0.021114
0.018751
0.076640
0.076033
0.016351
285729.639960
0.485069
0.021520
0.737533
57.134077
0.387858
1.155815
8405.015706
0.145242
1.827511
74.187937
693.755171
8.274480
0.386485
0.021689
68.732786
16.341379
1.280001
13.395734
8.391228
4.618566
128016.296994
2.307399
0.015340
7904.829073
0.105570
9.576365
7827.359248
0.038482
20.849945
20.395664
0.014918
0.032486
0.015678
0.018717
0.014112
353.683771
0.019348
0.013840
1.449138
0.129564
16.852539
38.444727
62.715750
23.873017
0.961246
5.633363
5.124835
28.857124
0.165795
0.440663
1333.285854
3.725561
880556.210167
13.482349
0.016302
32.108506
2823.252278
0.017258
0.128316
125.617562
1.724082
121.619519
0.016710
1229.636820
7280.044048
22413605.082003
17.222145
0.018271
670.323681
