0.021894
0.029609
0.034680
0.015986
0.030220
0.021159
0.035490
0.027065
0.031010
0.041418
0.015615
0.091470
0.029288
0.044174
0.030926
0.015256
0.036500
0.028388
0.022407
0.057445
0.027078
0.022691
0.068205
0.029332
0.042525
0.035895
0.019421
0.018044
0.023843
0.018759
0.020919
0.031407
0.029856
0.024299
0.175503
0.025646
0.035031
0.027033
0.046110
0.036524
0.030603
0.020007
0.031877
0.026997
0.036604
0.038861
0.032414
0.027425
0.026379
0.015551
0.028106
0.023276
0.143112
0.024346
0.038232
0.025887
0.024736
0.027732
0.025620
0.031858
0.034217
0.018595
0.081323
0.095220
0.044261
0.035800
0.016841
0.039212
0.035960
0.023153
0.046878
0.022138
0.028730
0.027511
0.030424
0.028651
0.032280
0.029393
0.025055
0.031363
0.028610
0.029901
0.015411
0.028978
0.036415
0.029618
0.017973
0.019344
0.031879
0.020511
0.022858
0.075896
0.024024
0.020576
0.039541
0.024874
0.026419
0.032999
0.027615
0.038372
