0.004421
0.005774
0.016848
0.016232
0.016978
0.007045
0.018415
0.004754
0.004685
0.016517
0.015267
0.018488
0.016548
0.017174
0.006796
0.360192
0.004730
0.019905
0.016207
0.017757
0.005621
0.003919
0.017813
0.018816
0.017117
0.005930
0.002250
0.016303
0.002431
0.004226
0.003960
0.015846
0.018515
3.792932
28.382759
0.216259
0.017278
4.066595
0.017318
0.004944
0.004745
0.008537
0.017875
0.580129
0.004356
0.003195
0.004446
0.003612
0.004458
0.004552
0.015292
0.014087
0.004818
0.016235
0.003932
0.016202
0.018040
0.005032
0.017435
0.017058
0.001919
5.552745
0.015906
0.002800
0.217489
0.017026
28520.930197
0.016236
0.009378
0.015839
0.017884
0.005049
0.139396
0.017332
0.003325
0.630746
0.003445
0.018415
0.003656
0.003820
0.004276
0.004976
0.005724
0.003305
0.003670
0.002229
0.003300
0.017249
0.006025
0.002274
0.017609
0.003591
0.016774
0.015403
0.002810
0.002463
0.002874
0.003789
0.002302
0.016570
