0.037784
0.021135
0.056180
0.056544
0.071154
0.045513
0.045175
0.050692
0.068347
0.034211
0.066837
0.026352
0.055569
0.058737
0.063106
0.033184
0.141583
0.077648
0.029027
0.106786
0.462172
0.035279
0.054140
0.073972
0.061965
0.080458
0.095173
0.089443
0.043815
0.038431
0.075207
0.110758
0.062882
0.067832
0.061432
0.273240
0.074270
0.176234
0.054393
0.073522
0.049219
0.157858
0.131097
0.082893
0.062073
0.096309
0.053193
0.031754
0.076180
0.050943
0.079903
0.096985
0.091562
0.060013
0.069041
0.081153
0.125987
0.091322
0.107835
0.053712
0.188278
0.321556
0.086826
0.077218
0.056335
0.072069
0.037971
0.081205
0.101781
0.067399
0.064760
0.056650
0.092218
0.110015
0.072640
0.052500
0.134973
0.072227
0.081455
0.071412
0.054619
0.072699
0.125474
0.046652
0.053600
0.081236
0.069021
0.047175
0.062335
0.093720
0.068477
0.061230
0.167695
0.076011
0.057940
0.089100
0.092376
0.064833
0.061001
0.139499
