0.023300
0.009544
0.011919
0.015161
0.039112
0.032799
0.012228
0.012520
0.033629
0.023938
0.010583
0.024740
0.023665
0.007876
0.034075
0.020538
0.010051
0.014460
0.021932
0.021194
0.007120
0.020288
0.035281
0.036941
0.014419
0.011586
0.034260
0.026513
0.023062
0.019589
0.021255
0.008987
0.023677
0.033912
0.011492
0.019429
0.010475
0.035945
0.022204
0.022008
0.012912
0.140625
0.009598
0.031978
0.074564
0.010259
0.012517
0.024757
0.026641
0.018212
0.022179
0.020761
0.022408
0.022236
0.008634
0.024392
0.022538
0.021258
0.025375
0.023099
0.037183
0.010956
0.008553
0.021117
0.021072
0.014118
0.024750
0.011929
0.025120
0.032682
0.012110
0.057346
0.010543
0.017944
0.021582
0.009948
0.025990
0.015002
0.020561
0.025695
0.071818
0.028974
0.024185
0.022706
0.021981
0.021944
0.024132
0.033650
0.009654
0.020844
0.021681
0.021154
0.015255
0.031159
0.009631
0.021770
0.024792
0.024191
0.025449
0.011228
