0.014445
0.014041
0.010979
0.010878
0.013745
0.011248
0.015514
0.007808
0.010284
0.013641
0.011902
0.013538
0.012282
0.011663
0.015089
0.012864
0.012142
0.008869
0.010091
0.010040
0.011637
0.010105
0.011839
0.013292
0.012493
0.013828
0.011901
0.012387
0.021507
0.012555
0.013183
0.013261
0.009686
0.014220
0.011020
0.006402
0.013410
0.013994
0.012281
0.009195
0.010112
0.013656
0.014258
0.009894
0.011884
0.013687
0.013299
0.010172
0.010639
0.011931
0.012984
0.011130
0.014215
0.009352
0.013671
0.011639
0.014588
0.015339
0.013810
0.010835
0.011546
0.013830
0.014805
0.015064
0.015831
0.011734
0.014622
0.012522
0.012741
0.005567
0.010178
0.013854
0.009391
0.010358
0.013528
0.013537
0.011982
0.011371
0.012291
0.011149
0.011151
0.005279
0.012212
0.013531
0.013536
0.010299
0.014100
0.013068
0.013491
0.012912
0.011665
0.011113
0.012190
0.011853
0.011834
0.013338
0.012942
0.009887
0.013216
0.015653
