0.032712
0.032684
0.030239
0.029171
0.033742
0.026970
0.032170
0.033715
0.032683
0.031585
0.035832
0.025485
0.034758
0.031826
0.033384
0.030041
0.032795
0.030046
0.027825
0.031314
0.028587
0.020739
0.035473
0.032682
0.026362
0.030298
0.030085
0.034389
0.033042
0.031065
0.029082
0.026732
0.023417
0.035215
0.024000
0.025147
0.028526
0.028524
0.029230
0.030100
0.030713
0.033318
0.037906
0.033597
0.031154
0.029700
0.033353
0.030221
0.032073
0.027706
0.030428
0.031182
0.027676
0.026436
0.030135
0.034661
0.026713
0.029136
0.027681
0.028082
0.033295
0.032697
0.034779
0.030885
0.030788
0.027091
0.030506
0.029332
0.024350
0.032371
0.031884
0.030812
0.029247
0.033379
0.029261
0.030464
0.048470
0.032913
0.028030
0.027118
0.035277
0.028530
0.029303
0.028228
0.032217
0.027778
0.032239
0.033833
0.029795
0.035009
0.030738
0.030841
0.029090
0.030472
0.031305
0.032537
0.026221
0.028659
0.025420
0.026843
