0.009908
0.007755
0.010097
0.014184
0.010978
0.010751
0.010964
0.009983
0.010300
0.010638
0.010144
0.014417
0.009616
0.009321
0.010450
0.010027
0.010988
0.009906
0.009408
0.009653
0.025184
0.025716
0.010259
0.010440
0.010497
0.010231
0.010548
0.009717
0.009875
0.010432
0.010205
0.016275
0.011065
0.009995
0.010138
0.010544
0.009845
0.010249
0.010384
0.010089
0.011170
0.009513
0.010061
0.009923
0.010483
0.004153
0.010650
0.010752
0.009986
0.009616
0.010664
0.010128
0.003877
0.009923
0.010068
0.010786
0.009915
0.009780
0.010841
0.009100
0.009818
0.010040
0.009854
0.010663
0.009699
0.009292
0.010429
0.009486
0.009736
0.009862
0.009857
0.009838
0.011139
0.009701
0.020680
0.010490
0.010383
0.010822
0.023199
0.040409
0.009492
0.003514
0.009977
0.010164
0.007443
0.009700
0.010073
0.009772
0.034014
0.009889
0.010868
0.009799
0.014324
0.010144
0.010749
0.005214
0.009743
0.009310
0.009783
0.003777
