0.049763
0.051718
0.047381
0.056547
0.042287
0.043250
0.046563
0.041794
0.057206
0.052042
0.053599
0.050023
0.049869
0.050672
0.054559
0.048702
0.052747
0.048323
0.048472
0.046499
0.052213
0.039248
0.050678
0.049393
0.045412
0.057405
0.048468
0.050567
0.052219
0.048691
0.050218
0.052032
0.048209
0.052967
0.045223
0.048929
0.050014
0.051339
0.053227
0.055093
0.050940
0.048969
0.042635
0.051012
0.047661
0.049471
0.052853
0.049271
0.050592
0.044610
0.045603
0.048433
0.049394
0.043734
0.049377
0.050691
0.049264
0.052178
0.047911
0.050713
0.042373
0.049345
0.048376
0.062887
0.052608
0.041949
0.043775
0.052689
0.047957
0.053451
0.053430
0.050124
0.047375
0.046080
0.044144
0.045744
0.049822
0.046154
0.047374
0.045373
0.049644
0.054106
0.047404
0.046042
0.049198
0.040090
0.052139
0.046289
0.049165
0.048249
0.055414
0.049933
0.045652
0.045609
0.050254
0.055952
0.049226
0.041717
0.044554
0.068300
