0.021640
0.014586
0.017300
0.020887
0.025813
0.020808
0.024826
0.018771
0.020414
0.023849
0.016890
0.023157
0.022077
0.015439
0.017058
0.023446
0.017843
0.023282
0.021853
0.026840
0.019513
0.024768
0.025802
0.024770
0.021696
0.017277
0.024646
0.056240
0.018475
0.017409
0.022627
0.024763
0.020166
0.023440
0.018278
0.026779
0.022637
0.017655
0.017244
0.020949
0.017623
0.024546
0.022776
0.018180
0.020644
0.021118
0.021482
0.017153
0.020074
0.023256
0.016793
0.022454
0.022841
0.020544
0.018300
0.023423
0.024773
0.022807
0.019434
0.022785
0.019008
0.022491
0.020202
0.022747
0.022214
0.024326
0.023756
0.020973
0.022128
0.016909
0.021603
0.024457
0.019544
0.017748
0.015197
0.022359
0.017398
0.023737
0.031409
0.022627
0.017266
0.022795
0.016775
0.014878
0.018540
0.024476
0.022057
0.022835
0.029456
0.022580
0.024438
0.019296
0.020589
0.024194
0.021933
0.030819
0.024577
0.019696
0.023654
0.023136
