0.247398
0.168441
0.048568
0.035845
0.223640
0.026960
0.114856
0.082390
0.080707
0.014330
0.029613
0.024249
0.034256
0.060670
0.021182
0.133553
0.043682
0.069535
0.046493
0.018184
0.341770
0.052546
0.064119
0.021013
0.052634
0.009590
0.015956
0.303047
0.014997
0.031098
0.208887
0.141783
0.037644
0.038203
0.011043
0.094759
0.037947
0.209900
0.078212
0.164107
0.036405
0.021464
0.039898
0.011297
0.420631
0.035480
0.015458
0.069018
0.083278
0.092965
0.121111
0.019659
0.045757
0.156470
0.078751
0.065276
0.070052
0.069107
0.127062
0.017673
0.104831
0.029702
0.085440
0.023121
0.200787
0.074160
0.070036
0.063759
0.246214
0.222523
0.064981
0.080634
0.055650
0.011806
0.049967
0.136111
0.138638
0.040372
0.082291
0.071867
0.016914
0.016802
0.063007
0.013480
0.045458
0.026526
0.019972
0.014032
0.118322
0.017367
0.126751
0.142714
0.021782
0.066539
0.078088
0.024682
0.017920
0.051442
0.111709
0.060712
