0.076486
0.038823
0.162441
0.065445
0.064846
0.077790
0.041113
0.047956
0.083507
0.035007
0.074964
0.086864
0.039735
0.063142
0.096190
0.121292
0.104686
0.077532
0.087344
0.257626
0.127401
0.128569
0.059853
0.249250
0.041856
0.057808
0.105948
0.078189
0.070248
0.062728
0.093882
0.088436
0.115339
0.039006
0.060238
0.065889
0.052225
0.137234
0.078657
0.054775
0.048815
0.064139
0.115433
0.060870
0.245514
0.096376
0.180945
0.104402
0.080910
0.072240
0.092431
0.069778
0.042166
0.099552
0.128997
0.064817
0.151290
0.041720
0.050597
0.046973
0.082423
0.068128
0.052225
0.100485
0.084085
0.057741
0.051060
0.057633
0.151783
0.065610
0.189676
0.073252
0.062616
0.052959
0.079278
0.117596
0.068420
0.065086
0.137501
0.042968
0.079210
0.042367
0.066750
0.098607
0.174009
0.070844
0.043069
0.049742
0.085925
0.208812
0.157119
0.051975
0.064520
0.053680
0.295204
0.069718
0.060639
0.096514
0.047729
0.038619
