0.182060
0.151801
0.235632
0.112915
0.036691
0.095673
0.108455
0.106513
0.254884
0.085047
0.095280
0.026863
0.159535
0.129767
0.280460
0.045688
0.036172
0.140460
0.032352
0.363082
0.077602
0.132259
0.079679
0.397343
0.086245
0.146244
0.124079
0.068407
0.027199
0.098298
0.046327
0.274357
0.102816
0.093803
0.171696
0.115232
0.021612
0.079945
0.049357
0.176304
0.027513
0.157540
0.201170
0.103411
0.179863
0.116306
0.540893
0.150586
0.120524
0.059954
0.021960
0.219783
0.073994
0.220696
0.123782
0.104483
0.135338
0.304770
0.047222
0.162971
0.191230
0.138946
0.038892
0.035045
0.093023
0.024392
0.142326
0.120201
0.137049
0.072318
0.439080
0.063634
0.087202
0.036710
0.061116
0.176085
0.078552
0.206672
0.070704
0.166428
0.102985
0.158330
0.194263
0.181900
0.162938
0.213495
0.108770
0.187074
0.040252
0.312786
0.121286
0.142440
0.195824
0.027444
0.091490
0.128905
0.036662
0.337968
0.041745
0.244874
