0.050350
0.067048
0.106636
0.058250
0.086205
0.059420
0.083929
0.053179
0.043014
0.081901
0.054649
0.046899
0.060842
0.052999
0.037931
0.060805
0.066767
0.081256
0.041955
0.071163
0.100968
0.066419
0.112734
0.064885
0.094700
0.065657
0.070248
0.057359
0.050313
0.119857
0.068945
0.115630
0.066985
0.059537
0.043293
0.049912
0.072137
0.055404
0.054234
0.064772
0.121009
0.055581
0.091631
0.043541
0.074289
0.048262
0.038476
0.049908
0.083295
0.197776
0.046751
0.071980
0.044702
0.039929
0.049698
0.054638
0.046204
0.052266
0.039169
0.042090
0.163472
0.061458
0.128870
0.065703
0.127328
0.095794
0.080763
0.055708
0.075202
0.055012
0.082329
0.161748
0.097430
0.060183
0.064365
0.048671
0.064842
0.066156
0.053285
0.069272
0.134723
0.056738
0.041572
0.042623
0.055535
0.047285
0.064490
0.058576
0.068760
0.067112
0.093729
0.071987
0.040844
0.070297
0.061629
0.090068
0.097920
0.185223
0.091656
0.050423
