0.087341
0.070775
0.079515
0.086253
0.052614
0.069520
0.048940
0.121279
0.109521
0.164938
0.074912
0.029491
0.055495
0.052377
0.248949
0.131535
0.133103
0.025386
0.070986
0.061335
0.215282
0.216685
0.053882
0.157776
0.059714
0.026557
0.099762
0.085898
0.084857
0.100287
0.065265
0.082682
0.059171
0.088884
0.054906
0.118414
0.064148
0.049258
0.051324
0.083124
0.057406
0.063442
0.077145
0.079081
0.062232
0.029451
0.178260
0.187929
0.050799
0.113347
0.036434
0.031909
0.057302
0.168403
0.096951
0.087635
0.144434
0.051323
0.235720
0.037727
0.067604
0.072849
0.057721
0.054507
0.033445
0.045800
0.163045
0.114674
0.083138
0.173898
0.118926
0.142516
0.082368
0.199000
0.046651
0.033421
0.174334
0.128002
0.065534
0.034711
0.086382
0.052935
0.090927
0.166497
0.038475
0.080919
0.028353
0.025589
0.074651
0.049617
0.090167
0.067627
0.023312
0.042993
0.039339
0.055980
0.056351
0.055197
0.094675
0.129851
