0.016861
0.017733
0.010516
0.014425
0.016599
0.016485
0.014960
0.009795
0.016977
0.018582
0.014833
0.017383
0.016469
0.015899
0.019063
0.016292
0.017021
0.010672
0.009575
0.016332
0.016511
0.016221
0.017129
0.016414
0.015959
0.016997
0.016481
0.017369
0.010310
0.016720
0.015160
0.018988
0.011649
0.017801
0.010880
0.010406
0.015170
0.015964
0.018016
0.008961
0.013861
0.018213
0.010321
0.011176
0.010267
0.015999
0.015565
0.013299
0.016534
0.017577
0.014640
0.015400
0.016730
0.015771
0.017311
0.014139
0.016422
0.014447
0.016611
0.020784
0.018179
0.015457
0.009598
0.017453
0.010485
0.018698
0.016904
0.016134
0.015903
0.009603
0.011090
0.016971
0.017404
0.015883
0.016093
0.018161
0.016751
0.014912
0.016862
0.009512
0.016137
0.010193
0.018639
0.016094
0.017240
0.010864
0.018268
0.014750
0.016057
0.017176
0.015857
0.015885
0.015380
0.017988
0.008991
0.016219
0.010354
0.018300
0.017770
0.010253
