0.044224
0.047715
0.049952
0.042734
0.051458
0.047216
0.051592
0.044864
0.053567
0.039292
0.051264
0.044338
0.043085
0.047855
0.049302
0.045577
0.049466
0.044816
0.042217
0.047665
0.048149
0.038139
0.052769
0.052408
0.036075
0.045259
0.049575
0.049841
0.048175
0.048763
0.048043
0.047389
0.042602
0.036622
0.037828
0.044704
0.043564
0.048417
0.051259
0.053094
0.050279
0.047417
0.048781
0.047162
0.053067
0.033594
0.049793
0.045493
0.051392
0.045046
0.050048
0.047333
0.038649
0.041105
0.047124
0.051210
0.043761
0.045783
0.046839
0.042605
0.053250
0.046289
0.051818
0.048021
0.051000
0.043943
0.047177
0.037588
0.043019
0.042438
0.048475
0.050837
0.047429
0.049911
0.051912
0.050283
0.043583
0.053961
0.042521
0.045328
0.051207
0.040091
0.048731
0.049668
0.044373
0.041668
0.053022
0.049242
0.046709
0.049692
0.044903
0.051531
0.046630
0.038468
0.048639
0.047883
0.045111
0.039833
0.046742
0.046824
