0.010053
0.002833
0.010169
0.003185
0.010439
0.010733
0.010306
0.010615
0.010821
0.010662
0.010109
0.003108
0.009713
0.010318
0.010635
0.010329
0.010684
0.010094
0.009354
0.009833
0.003086
0.003549
0.009687
0.010798
0.010587
0.010200
0.010501
0.009766
0.002946
0.010432
0.010409
0.002989
0.010567
0.010118
0.010026
0.010640
0.010555
0.010626
0.010297
0.010303
0.010896
0.010227
0.010262
0.010079
0.010568
0.002341
0.010421
0.010978
0.009789
0.009741
0.010791
0.010490
0.002831
0.010214
0.010175
0.010673
0.009739
0.010544
0.010318
0.010075
0.009843
0.010130
0.009694
0.010521
0.009991
0.009430
0.010376
0.010250
0.010177
0.003021
0.010081
0.009729
0.010644
0.009743
0.003618
0.010308
0.009998
0.010923
0.003092
0.003071
0.009288
0.003306
0.009917
0.010341
0.002359
0.010159
0.010440
0.009979
0.002961
0.010043
0.010698
0.010074
0.002704
0.010052
0.011019
0.003570
0.009900
0.009349
0.009898
0.003055
