0.053385
0.054199
0.049628
0.056136
0.051123
0.051709
0.052888
0.058028
0.057848
0.057164
0.054181
0.050856
0.051810
0.055036
0.058093
0.052018
0.057586
0.055219
0.061822
0.050379
0.050530
0.046487
0.052784
0.053469
0.053020
0.056357
0.050681
0.056359
0.055511
0.053654
0.050755
0.055520
0.053359
0.055839
0.054367
0.046418
0.045898
0.055449
0.054040
0.055891
0.053656
0.052890
0.053189
0.051658
0.048039
0.051694
0.052038
0.052106
0.052545
0.044393
0.048406
0.050934
0.052330
0.046834
0.053272
0.054911
0.052308
0.053230
0.051270
0.056779
0.049631
0.053435
0.053727
0.054529
0.056945
0.052184
0.054454
0.059139
0.052372
0.057059
0.055080
0.051627
0.052329
0.055552
0.047966
0.047787
0.049905
0.050036
0.049189
0.054123
0.045494
0.052837
0.050502
0.046898
0.054026
0.049054
0.056646
0.054220
0.055279
0.052269
0.061532
0.055380
0.045117
0.050635
0.053482
0.056488
0.048510
0.048436
0.045794
0.058449
