0.024769
0.014421
0.019631
0.021305
0.020717
0.024271
0.025808
0.020019
0.023584
0.025028
0.019908
0.019533
0.023849
0.018910
0.019284
0.024128
0.020386
0.026163
0.027296
0.024708
0.018915
0.025883
0.019390
0.025439
0.026245
0.019867
0.025559
0.014592
0.018311
0.019815
0.018508
0.021769
0.025524
0.025484
0.020228
0.024136
0.025125
0.019597
0.017399
0.024917
0.022471
0.026246
0.024668
0.019568
0.023132
0.023167
0.020249
0.019026
0.018905
0.024755
0.018201
0.024949
0.024284
0.020817
0.021582
0.025889
0.025224
0.026993
0.020337
0.025359
0.024459
0.024888
0.022873
0.022959
0.024170
0.024977
0.026568
0.024669
0.024245
0.013891
0.022172
0.024769
0.024015
0.020090
0.019902
0.022956
0.019377
0.024254
0.017878
0.024320
0.021421
0.023519
0.017865
0.014090
0.018345
0.025238
0.021501
0.024342
0.024813
0.023575
0.024685
0.023432
0.023235
0.024525
0.024609
0.018156
0.024237
0.022018
0.025009
0.025976
