0.012021
0.012710
0.004600
0.004459
0.008574
0.012457
0.010638
0.007601
0.012730
0.004659
0.004064
0.003833
0.002875
0.004327
0.008958
0.003496
0.006668
0.008315
0.015608
0.003637
0.004301
0.004371
0.003764
0.004224
0.002714
0.004575
0.013918
0.003618
0.006406
0.003249
0.004015
0.003831
0.005571
0.003679
0.004225
0.003240
0.011502
0.007494
0.003730
0.004282
0.005306
0.003115
0.005369
0.003392
0.009251
0.004651
0.004743
0.003343
0.010962
0.003643
0.006545
0.003535
0.011032
0.013085
0.004561
0.002498
0.004919
0.002794
0.011722
0.012326
0.003790
0.005979
0.004341
0.005893
0.003098
0.012805
0.015107
0.007661
0.011839
0.004433
0.003288
0.004960
0.007693
0.010422
0.004696
0.005632
0.004467
0.003569
0.004904
0.009450
0.006066
0.011818
0.003491
0.002893
0.005483
0.002438
0.004440
0.006674
0.004481
0.004809
0.004356
0.014227
0.003494
0.003694
0.010541
0.003688
0.009298
0.013591
0.003985
0.009258
