0.001601
0.001765
0.001698
0.001798
0.001644
0.001851
0.001877
0.001761
0.001808
0.001740
0.001630
0.001692
0.001829
0.001999
0.001765
0.001920
0.002003
0.001618
0.001906
0.001746
0.001728
0.001783
0.001989
0.001669
0.001926
0.001815
0.001804
0.001636
0.001674
0.001762
0.001599
0.001664
0.001787
0.001740
0.001929
0.001841
0.001718
0.001842
0.001958
0.001725
0.001918
0.001727
0.001696
0.001784
0.001671
0.001878
0.001770
0.001717
0.001989
0.001700
0.001628
0.002087
0.001568
0.001650
0.001701
0.001615
0.001809
0.001898
0.001882
0.001726
0.002016
0.002009
0.001791
0.001907
0.002098
0.001851
0.001594
0.002032
0.001862
0.001715
0.001674
0.001727
0.001916
0.002059
0.001946
0.001917
0.001716
0.001734
0.002096
0.001867
0.001704
0.001772
0.001811
0.001793
0.001761
0.001763
0.001696
0.001702
0.001743
0.001878
0.001811
0.001859
0.001770
0.001794
0.001742
0.001762
0.001757
0.001703
0.001690
0.001734
