0.001767
0.003341
0.003601
0.005996
0.046977
0.001757
0.010845
0.019754
0.003730
0.011706
0.001430
0.002456
0.011827
0.011451
0.003836
0.009589
0.008949
0.001824
0.001921
0.003142
0.016396
0.009007
0.003513
0.004199
0.001198
0.005183
0.003791
0.009652
0.009858
0.002901
0.007739
0.036813
0.009356
0.009680
0.003083
0.010131
0.003634
0.032770
0.004345
0.067172
0.048212
0.004048
0.002852
0.004287
0.002657
0.003759
0.003134
0.008266
0.002626
0.001705
0.067268
0.058519
0.001669
0.029420
0.011954
0.003176
0.044899
0.003418
0.003552
0.042220
0.003263
0.002860
0.003756
0.010121
0.039630
0.001598
0.013652
0.001986
0.043120
0.008150
0.008981
0.002739
0.003868
0.044819
0.002262
0.013263
0.004123
0.003470
0.008611
0.002734
0.004059
0.005466
0.002961
0.011996
0.007408
0.009297
0.001720
0.001168
0.003603
0.014542
0.010435
0.010865
0.001734
0.056650
0.055868
0.004747
0.059485
0.006449
0.009882
0.022384
