0.024970
0.029314
0.018800
0.029353
0.039282
0.022991
0.045231
0.031116
0.027330
0.030590
0.024942
0.034400
0.028697
0.037801
0.034875
0.029852
0.028169
0.033651
0.027936
0.038110
0.023850
0.046255
0.032438
0.026234
0.027413
0.049262
0.021370
0.028081
0.026815
0.030533
0.032954
0.030857
0.039707
0.031910
0.030848
0.038759
0.019210
0.019022
0.038419
0.026826
0.034501
0.029441
0.028469
0.051784
0.030512
0.026014
0.032116
0.026725
0.023151
0.032708
0.036136
0.026154
0.019000
0.031636
0.040343
0.048340
0.030423
0.041393
0.044570
0.034150
0.013979
0.040269
0.030097
0.021838
0.028957
0.023065
0.036920
0.046156
0.025229
0.028808
0.049436
0.035080
0.017362
0.024327
0.037963
0.015441
0.036307
0.035786
0.035352
0.030037
0.030230
0.023620
0.039924
0.024459
0.028334
0.029119
0.030303
0.028161
0.022234
0.025064
0.030794
0.020890
0.015849
0.028226
0.035275
0.039591
0.034250
0.048488
0.030433
0.027964
