0.009364
0.027001
0.041276
0.013084
0.013644
0.051486
0.026069
0.012139
0.012705
0.017514
0.011842
0.006612
0.022050
0.010696
0.008393
0.015226
0.011597
0.031103
0.015254
0.030908
0.022798
0.010811
0.017598
0.018397
0.014355
0.016799
0.015291
0.013669
0.036482
0.033253
0.005524
0.039019
0.034976
0.011530
0.054576
0.021242
0.017669
0.013010
0.032123
0.054408
0.040021
0.015236
0.017002
0.025700
0.010171
0.013891
0.036534
0.024265
0.007940
0.031757
0.018082
0.007542
0.023204
0.029913
0.036403
0.016549
0.036823
0.038740
0.022533
0.007658
0.010288
0.036814
0.030052
0.023240
0.009703
0.011540
0.009002
0.030047
0.020828
0.025812
0.040413
0.040709
0.017139
0.014991
0.010412
0.011223
0.008058
0.008498
0.037488
0.040190
0.020806
0.013369
0.023806
0.035262
0.005849
0.037083
0.051737
0.014059
0.020063
0.040198
0.008723
0.019333
0.024877
0.046452
0.032316
0.009022
0.016235
0.015853
0.023687
0.015986
