0.009169
0.008936
0.012364
0.008900
0.013281
0.010457
0.012610
0.008946
0.012280
0.008827
0.012274
0.011876
0.011597
0.012908
0.008758
0.012401
0.013055
0.012085
0.009517
0.012828
0.009124
0.011970
0.009653
0.012550
0.010492
0.011872
0.011866
0.012213
0.012496
0.012199
0.012200
0.011703
0.009493
0.012456
0.009875
0.011661
0.012479
0.012385
0.013641
0.011851
0.012726
0.012445
0.010586
0.009739
0.012430
0.008403
0.012534
0.012743
0.012341
0.012741
0.008742
0.012455
0.011401
0.012995
0.012631
0.009242
0.012382
0.012231
0.011406
0.010188
0.011290
0.013016
0.013681
0.011667
0.007016
0.012295
0.012356
0.010112
0.011124
0.012584
0.007902
0.012898
0.008944
0.010088
0.038001
0.012956
0.012416
0.011817
0.008094
0.012544
0.011695
0.012981
0.011942
0.013235
0.012866
0.011725
0.007265
0.034626
0.006811
0.011938
0.012694
0.011760
0.012442
0.009379
0.011651
0.012295
0.011791
0.011850
0.012609
0.012822
