0.003997
0.003722
0.004559
0.004170
0.004137
0.004267
0.004581
0.004200
0.003899
0.003734
0.004589
0.004541
0.004367
0.004525
0.004324
19197.739841
0.004487
0.003930
0.004192
0.004927
0.003617
0.004138
0.004413
0.004489
0.004544
0.004094
0.004177
0.003373
0.004703
0.004415
0.004151
0.003549
0.004268
0.004080
0.003751
0.003901
0.004376
0.004332
0.004144
0.003751
0.004311
0.004369
0.004347
0.003790
0.004102
0.004077
0.004572
0.003954
0.004146
0.004397
0.004157
8055.858526
0.004107
0.004010
0.004283
0.004003
0.004507
0.004124
0.004372
0.004799
269.125788
0.003745
0.004148
37550.403367
0.004233
0.004126
0.004116
0.004573
28.697944
0.004058
0.004139
0.004191
0.003344
0.004507
0.004489
0.004071
0.004415
0.004556
0.004077
13726.288895
0.004034
0.003872
20.932998
0.004199
0.004418
0.004143
0.004475
0.004084
0.004207
0.005009
0.003825
0.004517
0.003661
0.004060
0.771499
0.004220
0.004467
0.003940
0.004010
0.003404
