0.084913
0.256224
0.319885
0.045889
0.055448
0.359638
0.087032
0.062899
0.419425
0.247338
0.043869
0.091656
0.386971
0.045492
0.057753
0.045578
0.203016
0.285915
0.303365
0.154000
0.072288
0.091250
0.067414
0.267854
0.374042
0.220520
0.317812
0.102421
0.155690
0.432965
0.289352
0.080848
0.063547
0.179305
0.205392
0.116877
0.380612
0.234603
0.076994
0.113040
0.409221
0.046366
0.050203
0.114854
0.282899
0.048352
0.167862
0.038740
0.123920
0.035604
0.219975
0.060421
0.045561
0.034758
0.052906
0.295130
0.121051
0.109902
0.040547
0.054279
0.419389
0.071998
0.041782
0.087446
0.325036
0.392997
0.046407
0.168223
0.199072
0.269037
0.202772
0.164549
0.075391
0.065451
0.101501
0.055627
0.064022
0.045093
0.066700
0.066099
0.041808
0.043318
0.350860
0.432606
0.486034
0.045384
0.046304
0.044521
0.151651
0.556088
0.390761
0.426085
0.055348
0.052787
0.196031
0.178370
0.190647
0.069014
0.177137
0.158391
