0.145705
0.333805
0.535602
0.115995
0.179727
0.515253
0.507100
0.208856
0.366651
0.691457
0.061101
0.025264
0.225025
0.112224
0.028298
0.441067
0.241439
0.125279
0.270978
0.226937
0.158077
0.079293
0.137153
0.046487
0.770828
0.272921
0.282280
0.424550
0.034317
0.612248
0.377415
0.313435
0.096217
0.374430
0.241358
0.121003
0.424589
0.405667
0.083569
0.026235
0.097942
0.079336
0.287004
0.093421
0.501997
0.048886
0.093212
0.081696
0.105626
0.325507
0.071984
0.767200
0.210234
0.503790
0.090932
0.377896
0.499099
0.568345
0.068925
0.051845
0.707538
0.437423
0.141803
0.527496
0.346272
0.260904
0.338760
0.207746
0.410412
0.458220
0.460458
0.587300
0.082853
0.161837
0.024508
0.057079
0.048987
0.051230
0.155262
0.094043
0.689002
0.530800
0.155027
0.392576
0.121820
0.203856
0.031962
0.381509
0.061255
0.065915
0.137517
0.077640
0.016060
0.028159
0.385441
0.429424
0.438226
0.181223
0.262309
0.159940
