0.147688
0.077429
0.111925
0.127803
0.070032
0.086279
0.128744
0.122749
0.125859
0.107126
0.080897
0.067542
0.079558
0.107780
0.151019
0.194633
0.089899
0.103134
0.064990
0.066204
0.112490
0.237000
0.120379
0.107252
0.128056
0.210012
0.090891
0.224167
0.086230
0.069860
0.208927
0.066192
0.076869
0.091030
0.129568
0.071008
0.177401
0.132773
0.089267
0.088963
0.203612
0.178008
0.080290
0.059306
0.063624
0.092716
0.100392
0.086992
0.080071
0.291054
0.187883
0.300283
0.214184
0.075128
0.079153
0.317048
0.075352
0.096582
0.256764
0.092939
0.150357
0.071368
0.214800
0.063696
0.098268
0.080569
0.179768
0.094060
0.067387
0.102511
0.139499
0.125039
0.212932
0.118840
0.057727
0.068910
0.051129
0.115080
0.095063
0.202462
0.087361
0.074558
0.078156
0.201396
0.071913
0.068652
0.144752
0.116292
0.068591
0.067428
0.283785
0.118683
0.334170
0.116598
0.116924
0.249404
0.108962
0.086961
0.127676
0.136055
