0.112827
0.081197
0.117877
0.051520
0.160846
0.386389
0.075628
0.155743
0.282513
0.281175
0.126973
0.168905
0.652111
0.031945
0.053849
0.379665
0.129565
0.344488
0.117896
0.266202
0.054415
0.107264
0.024815
0.249629
0.056130
0.034793
0.064802
0.022933
0.131710
0.040120
0.044961
0.110706
0.089647
0.331659
0.361756
0.382757
0.382711
0.175416
0.098583
0.182302
0.046501
0.044927
0.146294
0.245451
0.199629
0.196079
0.467395
0.233364
0.054701
0.036339
0.032677
0.037274
0.039585
0.032255
0.301654
0.061711
0.049775
0.368399
0.024505
0.436310
0.081861
0.513498
0.115502
0.089001
0.463467
0.046419
0.440162
0.571394
0.228908
0.034202
0.239178
0.218142
0.067980
0.032378
0.375580
0.047568
0.059078
0.041796
0.188735
0.043896
0.609548
0.319124
0.537516
0.358655
0.184601
0.262790
0.636074
0.513690
0.326256
0.278018
0.215988
0.220965
0.035598
0.343683
0.263779
0.029323
0.293688
0.064487
0.076424
0.105445
