0.140722
0.134859
0.021319
0.410441
0.426419
0.192208
0.110172
0.015034
0.034625
0.287014
0.227049
0.030891
0.020816
0.325288
0.203250
0.083032
0.458703
0.063981
0.044295
0.189502
0.528927
0.079318
0.013808
0.689919
0.022508
0.034795
0.043879
0.025123
0.107718
0.511483
0.175032
0.091368
0.023759
0.377958
0.015125
0.073237
0.068146
0.140208
0.137672
0.157498
0.117076
0.763146
0.038715
0.096786
0.083180
0.435864
0.110499
0.047481
0.159080
0.107712
0.199708
0.017100
0.606830
0.036890
0.554570
0.028550
0.325773
0.067389
0.394564
0.056016
0.566746
0.226858
0.085500
0.237484
0.036628
0.116706
0.052143
0.298460
0.404953
0.058830
0.033814
0.497964
0.123740
0.029136
0.437676
0.224556
0.299819
0.060032
0.641992
0.017087
0.119528
0.131447
0.174054
0.379147
0.024640
0.370137
0.220909
0.122734
0.590359
0.563448
0.067171
0.316916
0.067631
0.106470
0.025077
0.782827
0.046866
0.258580
0.418810
0.059340
