0.173755
0.198101
0.042526
0.082753
0.300803
0.227737
0.132142
0.176396
0.119584
0.229593
0.045748
0.268197
0.544143
0.116626
0.053290
0.087239
0.062984
0.355160
0.200251
0.133091
0.296712
0.343846
0.048762
0.075459
0.044444
0.337353
0.073554
0.148591
0.048351
0.062329
0.187779
0.108322
0.053100
0.164904
0.084201
0.117018
0.197843
0.321792
0.111036
0.082768
0.225696
0.385272
0.046818
0.058898
0.246448
0.365490
0.048562
0.043145
0.314649
0.033531
0.428901
0.181720
0.045437
0.115294
0.038157
0.039256
0.158004
0.232639
0.041914
0.216797
0.549786
0.423415
0.048237
0.221631
0.217116
0.044303
0.444887
0.182338
0.042895
0.062637
0.168199
0.486130
0.041164
0.268400
0.041588
0.227964
0.048604
0.136226
0.184013
0.100748
0.036160
0.120778
0.122778
0.106362
0.081470
0.058119
0.530336
0.054141
0.423585
0.044568
0.363734
0.054630
0.036773
0.142534
0.186463
0.081620
0.203513
0.280437
0.086496
0.344363
