0.047836
0.391662
0.161190
0.037645
0.434557
0.087362
0.346713
0.095108
0.155209
0.390509
0.118567
0.016527
0.082553
0.033519
0.102727
0.244288
0.320306
0.134410
0.021816
0.427911
0.061610
0.017542
0.535643
0.029000
0.242084
0.430353
0.275232
0.731413
0.022468
0.510284
0.373463
0.144086
0.094167
0.353659
0.290313
0.173622
0.109723
0.374722
0.085668
0.287501
0.601572
0.205281
0.544732
0.143569
0.411760
0.131567
0.603734
0.102832
0.504660
0.218007
0.065655
0.702393
0.060649
0.369965
0.030095
0.079569
0.253295
0.390009
0.044811
0.069593
0.310897
0.345593
0.159337
0.606393
0.309737
0.021214
0.023239
0.039210
0.115275
0.038580
0.402106
0.563260
0.049379
0.585859
0.022358
0.164014
0.355280
0.061760
0.034700
0.020177
0.261886
0.313007
0.313564
0.339930
0.423098
0.468319
0.532275
0.046123
0.063887
0.033187
0.132685
0.142679
0.027299
0.336436
0.539930
0.033770
0.230802
0.138055
0.101850
0.082481
