0.146161
0.076554
0.095799
0.068767
0.053383
0.078072
0.107123
0.162606
0.113346
0.081294
0.085299
0.067348
0.087931
0.113631
0.055630
0.065604
0.065280
0.101881
0.070794
0.080250
0.089163
0.286421
0.068855
0.169634
0.072320
0.077120
0.067012
0.246322
0.102904
0.084949
0.110002
0.117975
0.085810
0.092367
0.117149
0.056326
0.060086
0.092112
0.057384
0.056151
0.183798
0.071439
0.084702
0.106890
0.045958
0.127104
0.074567
0.094902
0.172429
0.159931
0.132379
0.059096
0.109900
0.063012
0.134834
0.307291
0.055167
0.080270
0.170016
0.208778
0.139366
0.062297
0.233984
0.153136
0.092758
0.241540
0.167042
0.250016
0.113036
0.050152
0.069574
0.154643
0.069282
0.183148
0.057272
0.082896
0.118701
0.109659
0.079326
0.197466
0.231895
0.132561
0.124203
0.058938
0.101773
0.153680
0.094259
0.109946
0.130359
0.122942
0.178272
0.054149
0.297716
0.077942
0.079638
0.234160
0.054279
0.088778
0.048853
0.084199
