0.241678
0.170228
0.037044
0.103863
0.058021
0.126820
0.150420
0.063080
0.114947
0.092336
0.251320
0.257964
0.397909
0.207754
0.051215
0.640259
0.130985
0.401392
0.110965
0.323607
0.090057
0.199372
0.074458
0.235799
0.154888
0.040221
0.077621
0.138613
0.043229
0.050921
0.096508
0.277615
0.075623
0.392085
0.267620
0.312934
0.076857
0.095607
0.065776
0.102155
0.126056
0.048995
0.040620
0.067914
0.121660
0.604082
0.030511
0.464983
0.077030
0.054408
0.049782
0.267126
0.034175
0.051903
0.295880
0.048866
0.151353
0.327733
0.318052
0.241783
0.265407
0.216490
0.041459
0.033058
0.092128
0.312005
0.620738
0.035693
0.053986
0.040391
0.299510
0.409627
0.041433
0.102742
0.102127
0.068635
0.035770
0.062115
0.082066
0.092823
0.038139
0.256691
0.112247
0.167412
0.609580
0.545075
0.130845
0.526387
0.236378
0.438966
0.276411
0.171781
0.037116
0.039421
0.050799
0.031046
0.039207
0.052337
0.247138
0.098325
