0.161177
0.108629
0.189162
0.719525
0.211781
0.105652
0.308763
0.220421
0.073231
0.551203
0.271952
0.244932
0.077309
0.046922
0.018645
0.322264
0.326130
0.404957
0.383824
0.469892
0.394115
0.175721
0.252406
0.533333
0.582961
0.383658
0.242011
0.034788
0.060402
0.068766
0.059415
0.120962
0.126284
0.145060
0.036540
0.479567
0.079144
0.266822
0.133376
0.488807
0.501614
0.404229
0.317746
0.205413
0.414294
0.600263
0.042960
0.030745
0.391188
0.053440
0.014419
0.009636
0.680419
0.052266
0.431168
0.608758
0.381985
0.063285
0.477214
0.240296
0.060088
0.483118
0.026691
0.088597
0.170186
0.531818
0.029090
0.600291
0.135629
0.111163
0.497804
0.198039
0.035924
0.395526
0.537559
0.658592
0.324213
0.057337
0.293120
0.304809
0.054547
0.072862
0.257450
0.732714
0.287629
0.372479
0.759851
0.026893
0.368614
0.332923
0.043801
0.590618
0.235096
0.673400
0.162851
0.695726
0.175540
0.458379
0.146526
0.229924
