0.079396
0.237593
0.332086
0.046065
0.054418
0.359977
0.087856
0.064010
0.437591
0.267450
0.042808
0.085907
0.377176
0.043365
0.057684
0.045575
0.232614
0.285497
0.349322
0.149311
0.068649
0.074336
0.069077
0.312046
0.353303
0.228731
0.322702
0.107407
0.124625
0.428231
0.332989
0.067236
0.060050
0.160922
0.211615
0.122293
0.396470
0.244943
0.085267
0.119690
0.395958
0.049385
0.049106
0.115910
0.306479
0.047131
0.201252
0.040534
0.125801
0.036848
0.239407
0.061554
0.043215
0.036012
0.048275
0.312569
0.162005
0.099534
0.040219
0.058195
0.434396
0.071383
0.041458
0.080485
0.334199
0.339901
0.045892
0.186752
0.199865
0.219715
0.173367
0.143573
0.076756
0.067562
0.126223
0.055521
0.054045
0.044832
0.075308
0.068462
0.041470
0.037785
0.379057
0.427125
0.495667
0.048760
0.052039
0.045910
0.122304
0.562638
0.395727
0.432480
0.060193
0.051102
0.180189
0.183704
0.197681
0.072140
0.173444
0.171149
