0.137955
0.338634
0.547039
0.125040
0.157239
0.529303
0.523179
0.200364
0.381030
0.691762
0.053452
0.028216
0.254093
0.117415
0.029133
0.432966
0.263083
0.117178
0.262352
0.230653
0.140849
0.085986
0.114004
0.039287
0.742356
0.246910
0.273046
0.420352
0.028303
0.627075
0.415464
0.342530
0.095639
0.404009
0.260719
0.121477
0.424215
0.418209
0.091736
0.024878
0.141711
0.073746
0.287350
0.101026
0.522887
0.048105
0.076408
0.074962
0.091938
0.331697
0.060100
0.780739
0.202541
0.421977
0.081283
0.369231
0.554982
0.600436
0.061851
0.045526
0.726113
0.444939
0.117908
0.523095
0.351003
0.250755
0.278686
0.178665
0.425704
0.375933
0.466489
0.607116
0.082372
0.175326
0.026207
0.056459
0.063258
0.049081
0.153795
0.116853
0.685654
0.572466
0.156145
0.391765
0.100775
0.181190
0.027115
0.381639
0.060964
0.055822
0.134885
0.073530
0.015637
0.026450
0.395344
0.442921
0.436442
0.171380
0.268326
0.179975
