0.120567
0.076709
0.121966
0.055105
0.169194
0.405458
0.073417
0.161757
0.305700
0.254930
0.149197
0.167520
0.660652
0.029839
0.054111
0.383761
0.112467
0.335905
0.127718
0.262488
0.049916
0.106272
0.025070
0.260842
0.051865
0.032421
0.062576
0.019334
0.121624
0.038864
0.043949
0.097077
0.085057
0.324654
0.347771
0.382515
0.407811
0.165063
0.092450
0.197342
0.040404
0.044460
0.144860
0.232146
0.216486
0.262636
0.477285
0.214535
0.054498
0.034586
0.032011
0.037747
0.037976
0.032492
0.321140
0.059639
0.048733
0.386508
0.024525
0.454516
0.075313
0.544089
0.088667
0.089586
0.484992
0.049434
0.507157
0.590478
0.229505
0.030519
0.268947
0.201514
0.069363
0.034138
0.388955
0.042236
0.055137
0.039066
0.192525
0.043352
0.617266
0.346720
0.555931
0.373245
0.212596
0.280603
0.658800
0.576568
0.292088
0.279142
0.205659
0.235265
0.035807
0.344890
0.254330
0.028528
0.324982
0.062629
0.076437
0.087851
