0.010768
0.014917
0.009890
0.009717
0.009544
0.011570
0.007514
0.009407
0.013693
0.009643
0.010573
0.008236
0.008678
0.009512
0.009349
0.010943
0.009811
0.008420
0.010261
0.010287
0.009026
0.012038
0.009540
0.011873
0.009187
0.011467
0.016545
0.007597
0.011720
0.010673
0.012591
0.010720
0.010598
0.014376
0.010840
0.009106
0.010861
0.010343
0.009431
0.007977
0.011105
0.011365
0.010408
0.008655
0.009119
0.010350
0.010716
0.010826
0.009445
0.007949
0.010346
0.010518
0.008682
0.009422
0.009573
0.010278
0.009913
0.016008
0.009845
0.009649
0.009850
0.010219
0.011288
0.014632
0.010747
0.012764
0.012010
0.009431
0.012606
0.010440
0.009435
0.008574
0.010856
0.014360
0.011415
0.010089
0.010135
0.011582
0.010169
0.010686
0.016421
0.008923
0.010364
0.007831
0.009641
0.009012
0.010146
0.012713
0.010635
0.008919
0.009182
0.010489
0.009164
0.010079
0.016609
0.009270
0.012626
0.009363
0.012020
0.009896
