0.007725
0.008055
0.008200
0.007754
0.008535
0.007562
0.007573
0.008098
0.007925
0.008488
0.007836
0.008439
0.007744
0.008521
0.007667
0.006948
0.008285
0.008752
0.008578
0.007922
0.007045
0.007029
0.008579
0.007630
0.008800
0.007607
0.007917
0.008342
0.007134
0.007966
0.009997
0.007348
0.006974
0.008305
0.010372
0.008745
0.010136
0.007819
0.008883
0.008340
0.007072
0.010697
0.007315
0.007954
0.010290
0.008749
0.007996
0.007684
0.007520
0.007404
0.006866
0.006378
0.008554
0.006545
0.008323
0.007764
0.006779
0.009387
0.007207
0.009464
0.007764
0.009677
0.007060
0.009175
0.009995
0.007028
0.007627
0.006119
0.006765
0.007021
0.009543
0.014202
0.006726
0.008615
0.009643
0.008753
0.008146
0.008575
0.007875
0.008558
0.008641
0.008415
0.007638
0.007534
0.008504
0.007235
0.009340
0.008957
0.008168
0.009044
0.006861
0.009177
0.007822
0.007084
0.008657
0.007770
0.008465
0.007671
0.008152
0.007751
