0.006883
0.006220
0.014065
0.011878
0.008718
0.005821
0.009204
0.007124
0.005983
0.013111
0.012323
0.007407
0.004879
0.007003
0.012694
0.006348
0.009275
0.006476
0.006956
0.006125
0.006789
0.006930
0.006305
0.008250
0.012344
0.004899
0.005135
0.005031
0.010127
0.009702
0.006207
0.012496
0.012467
0.011577
0.005409
0.006220
0.007028
0.005862
0.005401
0.008775
0.005416
0.011811
0.007260
0.010900
0.006497
0.005148
0.004948
0.010056
0.006747
0.007229
0.006266
0.010674
0.005887
0.005447
0.004299
0.005363
0.006448
0.011386
0.007183
0.005166
0.006132
0.005337
0.008708
0.007720
0.006486
0.005506
0.006082
0.007704
0.004924
0.005966
0.005604
0.005272
0.006318
0.005582
0.012364
0.010954
0.005292
0.012527
0.007568
0.006142
0.005721
0.005707
0.004768
0.006173
0.005507
0.010020
0.011569
0.007787
0.005649
0.007109
0.008137
0.012289
0.007000
0.005323
0.005562
0.005702
0.006298
0.005619
0.005279
0.005820
