0.013106
0.005397
0.011390
0.005199
0.004417
0.016160
0.010361
0.015509
0.016324
0.004249
0.012324
0.005864
0.006644
0.017145
0.015201
0.004828
0.020678
0.007912
0.004874
0.017294
0.016087
0.006161
0.013848
0.004183
0.010011
0.012965
0.013050
0.013766
0.009266
0.020650
0.012736
0.015081
0.014458
0.011932
0.012860
0.012677
0.008905
0.011734
0.006101
0.013335
0.005354
0.018960
0.013887
0.007525
0.002597
0.004533
0.012603
0.005874
0.011966
0.005126
0.012207
0.006596
0.015657
0.011819
0.014616
0.009301
0.011624
0.012027
0.017349
0.013079
0.013567
0.008711
0.007525
0.019324
0.011651
0.005875
0.012137
0.008618
0.013398
0.007920
0.013353
0.004350
0.012008
0.012136
0.012419
0.007940
0.004084
0.014824
0.019253
0.013117
0.013470
0.003327
0.011871
0.015630
0.005843
0.013638
0.016964
0.013337
0.013679
0.012539
0.003627
0.014081
0.016756
0.011149
0.011416
0.019058
0.005570
0.008584
0.004641
0.007075
