0.035567
0.029518
0.020793
0.017798
0.020948
0.032666
0.023696
0.023405
0.024173
0.028483
0.031133
0.034053
0.036280
0.029427
0.033166
0.022912
0.025529
0.023371
0.041980
0.021572
0.031555
0.043298
0.031492
0.029415
0.045928
0.022585
0.023186
0.030121
0.026765
0.026135
0.029835
0.026758
0.036780
0.032068
0.032790
0.033669
0.034789
0.031055
0.032780
0.033730
0.016137
0.026199
0.024954
0.024643
0.023474
0.020802
0.023888
0.035676
0.032562
0.022492
0.027509
0.037581
0.031576
0.027337
0.024798
0.024549
0.027787
0.019466
0.025087
0.031477
0.028424
0.045069
0.024916
0.029008
0.029602
0.027962
0.032206
0.029964
0.029401
0.040304
0.036705
0.025932
0.019314
0.026112
0.026912
0.024603
0.030761
0.031344
0.014426
0.035516
0.027873
0.029477
0.022679
0.029854
0.019194
0.031933
0.036426
0.029008
0.029712
0.024614
0.026384
0.025474
0.025063
0.022534
0.021957
0.022039
0.037936
0.021264
0.022855
0.022185
