0.014027
0.013920
0.007262
0.013401
0.011573
0.015517
0.015303
0.017689
0.014086
0.008466
0.013038
0.003513
0.014675
0.015748
0.015322
0.009524
0.007322
0.012298
0.013611
0.005781
0.002842
0.013566
0.003301
0.013442
0.013959
0.013842
0.006567
0.012717
0.013230
0.004166
0.015384
0.005135
0.015017
0.015521
0.015357
0.014025
0.014544
0.007616
0.013592
0.014212
0.003492
0.013449
0.014093
0.014253
0.003872
0.015421
0.012913
0.008251
0.014008
0.006309
0.017272
0.003419
0.002603
0.013535
0.009301
0.004160
0.002799
0.004685
0.014037
0.016612
0.006705
0.013973
0.023653
0.015347
0.012744
0.015640
0.031320
0.013503
0.003257
0.003749
0.013373
0.003737
0.009783
0.014038
0.013196
0.005968
0.016158
0.013152
0.019144
0.002388
0.005564
0.029546
0.007129
0.004779
0.014851
0.013282
0.003669
0.013976
0.012173
0.005735
0.013797
0.013791
0.015016
0.014006
0.014148
0.013441
0.007586
0.013422
0.014046
0.012464
