0.043463
0.044763
0.044928
0.040653
0.054399
0.053108
0.050755
0.044114
0.062307
0.037453
0.052326
0.044219
0.045738
0.045813
0.047805
0.049818
0.053973
0.042661
0.032384
0.050431
0.043285
0.040016
0.056160
0.062592
0.051595
0.047243
0.047027
0.046823
0.051094
0.059961
0.046819
0.051020
0.051187
0.059309
0.058514
0.035776
0.053969
0.051527
0.050704
0.051298
0.043845
0.055244
0.053110
0.045642
0.045532
0.040793
0.049526
0.055103
0.062535
0.045629
0.038986
0.048146
0.046813
0.042507
0.048177
0.059469
0.053612
0.047524
0.052560
0.043567
0.050752
0.052557
0.046053
0.056946
0.044433
0.056017
0.041037
0.043211
0.048210
0.041622
0.052647
0.052036
0.058923
0.044682
0.063657
0.050800
0.053381
0.053237
0.047653
0.042441
0.048877
0.052697
0.050919
0.045693
0.047192
0.048755
0.052305
0.053223
0.044118
0.054931
0.057041
0.047114
0.038882
0.053727
0.044745
0.046055
0.053856
0.045481
0.048662
0.046005
