0.024713
0.030663
0.026221
0.009266
0.020551
0.024137
0.021267
0.020752
0.014138
0.018345
0.033236
0.017628
0.019773
0.012375
0.022590
0.016705
0.022418
0.018601
0.020566
0.024818
0.023637
0.028051
0.011110
0.019679
0.029074
0.012061
0.011160
0.020641
0.022008
0.032985
0.029438
0.023357
0.011200
0.023917
0.029545
0.022262
0.024312
0.027262
0.018898
0.021478
0.020847
0.020947
0.027111
0.020905
0.018793
0.019801
0.023231
0.008983
0.022078
0.007846
0.021043
0.012102
0.010748
0.019434
0.015081
0.018001
0.018401
0.025437
0.028655
0.017773
0.011768
0.017133
0.029652
0.011876
0.031397
0.026328
0.007498
0.017781
0.017094
0.021493
0.024820
0.023514
0.011430
0.023109
0.022131
0.023373
0.020938
0.020937
0.026215
0.015846
0.019683
0.011038
0.027592
0.017452
0.033417
0.019627
0.026900
0.019277
0.024516
0.019085
0.019781
0.019657
0.009617
0.028695
0.024495
0.018941
0.007875
0.019397
0.029552
0.007979
