0.088168
0.038457
0.028878
0.008386
0.018985
0.063481
0.041176
0.065294
0.040377
0.011077
0.016227
0.169269
0.103598
0.062539
0.023327
0.012646
0.010029
0.018823
0.021759
0.096551
0.047461
0.018457
0.108570
0.057960
0.032399
0.017435
0.013171
0.017231
0.067857
0.017437
0.035172
0.033167
0.031099
0.034239
0.012002
0.091436
0.055905
0.021540
0.020395
0.018636
0.010941
0.040282
0.082166
0.030739
0.016368
0.020217
0.055827
0.020031
0.013364
0.008296
0.022810
0.011007
0.021914
0.016870
0.022042
0.030028
0.014909
0.043521
0.016312
0.009964
0.010248
0.023243
0.111603
0.021691
0.260444
0.026703
0.033823
0.046979
0.013128
0.028396
0.018988
0.008584
0.016362
0.014467
0.073701
0.037111
0.031502
0.020383
0.018331
0.103835
0.057465
0.020528
0.013840
0.023912
0.011156
0.018570
0.022890
0.027443
0.013663
0.048712
0.015538
0.013907
0.093533
0.038854
0.030845
0.111829
0.105145
0.017106
0.035949
0.194715
