0.080818
0.078448
0.179926
0.065682
0.065748
0.057533
0.181491
0.110526
0.076264
0.054027
0.092619
0.061627
0.085454
0.073076
0.105749
0.075380
0.096692
0.098808
0.176994
0.090448
0.056104
0.077257
0.137409
0.055566
0.057201
0.086876
0.286347
0.080817
0.286492
0.082112
0.063305
0.226395
0.120529
0.204403
0.208775
0.203539
0.081914
0.055958
0.085218
0.246636
0.132098
0.064062
0.307908
0.098475
0.073830
0.073116
0.125842
0.075353
0.321523
0.087543
0.123873
0.096372
0.064792
0.169610
0.048920
0.075522
0.078716
0.054663
0.124541
0.286612
0.061963
0.247308
0.060537
0.149622
0.081113
0.063737
0.090779
0.076872
0.056899
0.087116
0.086542
0.090097
0.151229
0.060956
0.267508
0.126474
0.108220
0.254519
0.112534
0.088682
0.161009
0.068017
0.054823
0.231612
0.116100
0.072081
0.248824
0.065497
0.074072
0.075398
0.065681
0.264682
0.251961
0.078344
0.067414
0.192042
0.081265
0.102756
0.103784
0.132037
