0.046539
0.027185
0.468410
0.026499
0.019571
0.011904
0.501082
0.036554
0.019395
0.058524
0.112435
0.071335
0.150226
0.033154
0.163590
0.093382
0.414325
0.043630
0.049555
0.316731
0.060510
0.114015
0.109095
0.027800
0.029721
0.162790
0.021694
0.046164
0.037047
0.356759
0.039614
0.492434
0.022618
0.018779
0.346593
0.524559
0.103747
0.178025
0.103324
0.162198
0.119812
0.137351
0.410223
0.362387
0.187421
0.041172
0.439001
0.126700
0.015818
0.028095
0.087360
0.342043
0.138430
0.067753
0.031143
0.030196
0.036078
0.142103
0.034312
0.058827
0.046713
0.095647
0.170641
0.162559
0.151725
0.095069
0.036947
0.220816
0.047855
0.067514
0.122980
0.056038
0.343855
0.023818
0.577108
0.112568
0.596166
0.489651
0.447530
0.049251
0.359353
0.252476
0.232620
0.079702
0.043330
0.330684
0.126872
0.064825
0.132993
0.122898
0.047558
0.546967
0.033062
0.249164
0.121859
0.103462
0.068027
0.451486
0.196340
0.030622
