0.050883
0.050118
0.048776
0.041552
0.062884
0.041279
0.045026
0.055386
0.038771
0.045199
0.038928
0.065546
0.139658
0.058596
0.087887
0.043634
0.044283
0.056174
0.035449
0.078657
0.042400
0.075909
0.091755
0.043953
0.038691
0.063614
0.051404
0.035315
0.050478
0.042224
0.092068
0.052539
0.060125
0.070521
0.037320
0.075651
0.069061
0.045179
0.050436
0.121869
0.038950
0.043706
0.061270
0.052141
0.042256
0.064732
0.068777
0.044922
0.040433
0.037329
0.115244
0.059201
0.033178
0.055946
0.160971
0.047616
0.048065
0.048663
0.052134
0.054877
0.064636
0.050753
0.040443
0.050148
0.082981
0.054667
0.058396
0.042029
0.046212
0.047883
0.062257
0.043423
0.057848
0.040159
0.026911
0.032074
0.071418
0.058577
0.077127
0.063102
0.041185
0.054951
0.049847
0.044208
0.047652
0.056978
0.039812
0.082356
0.083737
0.066202
0.050281
0.048691
0.054577
0.046950
0.076336
0.064377
0.046253
0.049187
0.053217
0.061411
