0.069798
0.053272
0.020615
0.018218
0.022653
0.036050
0.006394
0.035039
0.015356
0.011841
0.017370
0.019952
0.016650
0.017401
0.010417
0.057413
0.026503
0.042598
0.047215
0.011465
0.068841
0.005739
0.023006
0.020131
0.018300
0.006070
0.010251
0.064927
0.009886
0.020367
0.077704
0.053919
0.018256
0.021929
0.007245
0.024846
0.041587
0.038051
0.018314
0.039960
0.021287
0.008853
0.006893
0.005231
0.075066
0.020280
0.009124
0.023751
0.017949
0.004795
0.039298
0.017638
0.011911
0.039170
0.029753
0.005336
0.024257
0.048322
0.041942
0.026446
0.052243
0.011612
0.027997
0.009036
0.040202
0.020295
0.037227
0.012081
0.079093
0.067123
0.021794
0.020492
0.057159
0.015472
0.010017
0.031045
0.065902
0.030700
0.031241
0.005145
0.028112
0.007228
0.051199
0.008643
0.041351
0.023264
0.020776
0.005756
0.015199
0.007401
0.056962
0.042894
0.009417
0.004888
0.025687
0.020257
0.014254
0.030053
0.024169
0.022377
