0.029164
0.038174
0.029626
0.034536
0.033452
0.036800
0.039207
0.024756
0.051849
0.034479
0.035704
0.043826
0.045576
0.048206
0.032174
0.029001
0.031097
0.032174
0.038328
0.030854
0.051273
0.078621
0.043470
0.025367
0.031574
0.047821
0.051176
0.038751
0.039991
0.032293
0.078563
0.047356
0.029178
0.049056
0.040033
0.048311
0.038604
0.039898
0.044707
0.048546
0.048965
0.039945
0.051770
0.034190
0.041901
0.047407
0.042891
0.036652
0.043655
0.038895
0.046811
0.024678
0.030430
0.032681
0.033668
0.036427
0.040890
0.027551
0.028131
0.029654
0.060037
0.034002
0.041809
0.044542
0.039033
0.033856
0.041916
0.035510
0.031594
0.068420
0.036771
0.039613
0.025445
0.036861
0.035583
0.046363
0.036010
0.037486
0.046300
0.046247
0.031609
0.045913
0.050411
0.032523
0.037574
0.040307
0.031602
0.034078
0.035703
0.042187
0.045105
0.045056
0.050762
0.039793
0.043226
0.046398
0.055644
0.037260
0.039976
0.034057
