0.046057
0.004104
0.026657
0.009123
0.057340
0.009301
0.071822
0.008334
0.007400
0.031802
0.016731
0.026558
0.057013
0.032509
0.007731
0.016826
0.013240
0.054757
0.007546
0.038560
0.049887
0.029514
0.073874
0.050714
0.030123
0.031964
0.088608
0.014815
0.009275
0.035647
0.010045
0.030252
0.024044
0.036544
0.069980
0.033270
0.017307
0.034406
0.017709
0.026373
0.027144
0.065294
0.037512
0.052307
0.037440
0.057529
0.023228
0.018229
0.003785
0.053942
0.005163
0.036344
0.050650
0.024677
0.034696
0.006159
0.036208
0.033578
0.013193
0.037608
0.056110
0.049187
0.050060
0.010486
0.042512
0.028023
0.039525
0.049622
0.027328
0.027396
0.031715
0.037141
0.036410
0.015723
0.023941
0.148727
0.073799
0.035061
0.011645
0.045106
0.029994
0.039461
0.045072
0.031494
0.057083
0.008634
0.037968
0.050599
0.012592
0.056174
0.081310
0.053702
0.032086
0.023992
0.050963
0.043671
0.023923
0.065186
0.009563
0.046893
