0.034306
0.039018
0.056400
0.037287
0.042170
0.046636
0.038409
0.038448
0.031454
0.038616
0.041971
0.035910
0.047906
0.037590
0.036728
0.035925
0.043562
0.035454
0.036614
0.039951
0.051183
0.045052
0.057339
0.038061
0.032304
0.038900
0.048390
0.039913
0.031773
0.045132
0.045579
0.051022
0.033736
0.042547
0.045058
0.053396
0.048804
0.031417
0.041927
0.043929
0.040598
0.042497
0.039315
0.037841
0.057177
0.042276
0.034261
0.032172
0.052777
0.037396
0.039830
0.047792
0.046207
0.034215
0.033904
0.045157
0.028727
0.030786
0.035006
0.044034
0.034606
0.034416
0.043094
0.056443
0.034284
0.031696
0.054620
0.038520
0.062594
0.035789
0.051316
0.033931
0.033067
0.037159
0.039215
0.038656
0.060827
0.045659
0.028338
0.030516
0.036406
0.046369
0.029472
0.041993
0.037208
0.041648
0.041647
0.033676
0.036885
0.046887
0.041991
0.038920
0.035923
0.039736
0.046948
0.043370
0.040976
0.039213
0.036764
0.033917
