0.064815
0.024555
0.016563
0.020167
0.055346
0.027182
0.047591
0.036038
0.021554
0.095348
0.031798
0.029428
0.095105
0.043720
0.040099
0.018728
0.020138
0.019350
0.023147
0.084241
0.052870
0.044612
0.052122
0.052952
0.023560
0.023351
0.019511
0.066348
0.046923
0.049574
0.027632
0.019642
0.024422
0.056852
0.019782
0.029727
0.035897
0.030792
0.022002
0.043749
0.025967
0.027365
0.153307
0.025350
0.039225
0.022309
0.016684
0.055740
0.021408
0.016492
0.024044
0.031731
0.032072
0.034531
0.047235
0.022730
0.018434
0.037743
0.035736
0.019899
0.018718
0.049328
0.026723
0.026882
0.021617
0.021332
0.043387
0.045720
0.041002
0.033340
0.045409
0.021231
0.024602
0.058795
0.019159
0.021217
0.072395
0.041503
0.069315
0.019855
0.024095
0.028718
0.036412
0.051280
0.034701
0.016614
0.023003
0.017676
0.019444
0.028403
0.014922
0.043217
0.020014
0.026562
0.032754
0.019104
0.019692
0.077670
0.043985
0.014691
