0.003651
0.004313
0.003618
0.003232
0.003987
0.006127
0.003807
0.003167
0.003777
0.003683
0.003853
0.003677
0.003335
0.003243
0.003303
0.003339
0.003826
0.003676
0.003609
0.005806
0.004106
0.003524
0.003839
0.003337
0.004001
0.004563
0.003470
0.003843
0.004291
0.004200
0.003620
0.003889
0.003350
0.002918
0.004173
0.003945
0.004600
0.003550
0.003979
0.004158
0.003122
0.003596
0.004495
0.004577
0.003355
0.003877
0.004547
0.003736
0.003980
0.003436
0.004251
0.003208
0.003635
0.003494
0.003686
0.002964
0.003708
0.003834
0.003518
0.003090
0.003488
0.003684
0.003539
0.003175
0.003653
0.002866
0.003158
0.004213
0.003783
0.004147
0.003763
0.003104
0.003137
0.003612
0.004248
0.003343
0.003205
0.003956
0.004061
0.003865
0.004014
0.003450
0.003490
0.003048
0.003374
0.003896
0.003409
0.003773
0.004141
0.004644
0.004443
0.005054
0.004135
0.004257
0.003927
0.004085
0.004220
0.004860
0.003486
0.002846
