0.015109
0.013041
99.082339
0.011226
72.836032
0.013815
0.496399
0.014528
0.192490
46.807421
0.292851
29.949723
0.089174
0.009620
19.926680
0.012129
13.666554
0.015715
0.012927
19.910979
0.015227
50.785571
0.013982
0.012575
1.116407
0.006126
7.477496
0.015017
4.933287
8.531620
0.014708
0.016147
4.285747
49.741795
40.201192
0.850557
0.011304
0.015578
0.013691
0.016714
0.012712
0.210733
127.969449
0.219652
0.016414
0.012161
0.660417
1.423468
4.646497
5.693931
0.013347
0.131184
1.324745
0.012667
4.351465
0.006372
26.149219
0.011667
0.014282
0.012661
0.016019
71.977695
0.013273
1.252632
0.011637
1.723982
0.013967
99.438685
0.014927
0.015636
24.640880
9.786131
0.016348
0.014059
0.146918
0.011275
0.013907
0.015257
0.011442
90.759480
2.599822
7.195544
0.013568
1.192225
0.013452
1.000194
0.012239
0.005812
3.488829
2.600046
0.014861
0.015508
41.673157
2.802837
0.013190
7.046869
5.539116
162.164424
0.013460
0.724048
