0.027891
0.022756
0.025237
0.048563
0.027827
0.034234
0.023501
0.027539
0.032192
0.025884
0.025100
0.028247
0.034153
0.034773
0.027886
0.023224
0.029807
0.025104
0.027773
0.032742
0.032535
0.033003
0.032199
0.029213
0.036183
0.031056
0.032041
0.029696
0.025708
0.026845
0.031093
0.037632
0.022765
0.031671
0.047671
0.035790
0.034568
0.029392
0.030808
0.030467
0.032427
0.034423
0.035414
0.029978
0.029915
0.027111
0.029944
0.028431
0.032715
0.039541
0.035415
0.030086
0.025751
0.027307
0.052709
0.032710
0.028904
0.023451
0.024102
0.027526
0.034820
0.027351
0.040544
0.041986
0.035840
0.037857
0.024203
0.030716
0.030584
0.037989
0.022593
0.036612
0.028768
0.086868
0.047057
0.032262
0.033632
0.030226
0.062831
0.030325
0.030863
0.034299
0.047622
0.027535
0.028712
0.046754
0.032087
0.068911
0.028192
0.036237
0.032155
23.793385
0.032441
0.030959
0.031969
0.028412
0.027147
0.028986
0.032704
0.035775
