0.014857
0.003902
0.010662
0.003385
0.010196
0.004980
0.009956
0.095421
1.493956
0.011307
0.010634
9.911851
0.012028
0.010568
0.005791
2.240535
0.004556
0.010287
0.003933
0.011503
0.009957
0.010496
0.010725
0.010473
0.012563
0.011439
0.011165
0.933865
0.006005
0.011431
2.000482
0.010979
0.010705
0.010714
0.011246
0.010780
3.584724
0.011037
8.807102
0.011925
13.913407
0.012072
0.011595
0.010201
0.010813
0.010139
0.010499
5.638850
11.457850
0.010643
0.003770
0.011074
0.011665
0.010969
0.010926
0.006444
0.010394
0.011563
1.520300
0.013438
0.011502
0.011029
0.010611
0.006939
0.011566
7.227661
0.010441
0.011215
0.011014
0.011661
0.010999
0.010422
0.010837
0.008037
0.010671
0.016696
0.010942
0.010621
31.089857
0.015909
0.011353
0.010857
0.010811
0.011096
0.009992
3.027349
0.011226
0.010190
0.009117
0.010902
0.011919
0.010045
0.011333
0.668997
0.011447
0.010500
306.378586
0.009802
0.008590
0.010700
