0.051919
0.081133
0.054160
0.052821
0.044701
0.059416
0.033812
0.040532
0.056520
0.038255
0.043498
0.028690
0.046779
0.048850
0.037419
0.061341
0.067539
0.042286
0.046952
0.041927
0.038920
0.050941
0.063834
0.057393
0.060153
0.084474
0.072742
0.051572
0.079383
0.043318
0.050833
0.065974
0.063730
0.065396
0.071111
0.073085
0.039924
0.038921
0.046773
0.054711
0.053669
0.132621
0.035577
0.046084
0.043327
0.042973
0.051177
0.037822
0.077705
0.036955
0.046023
0.057484
0.042535
0.039165
0.054078
0.041071
0.026975
0.037637
0.037769
0.052814
0.046804
0.039077
0.068218
0.086719
0.058800
0.060860
0.057476
0.083470
0.058361
0.042338
0.087099
0.049924
0.041871
0.042262
0.054889
0.046559
0.052065
0.049950
0.043025
0.057742
0.045221
0.050976
0.043293
0.043213
0.042003
0.072336
0.053150
0.057538
0.044026
0.059466
0.056839
0.060716
0.040031
0.056854
0.070041
0.041916
0.040411
0.046585
0.032241
0.052002
