0.027482
0.018298
0.013863
0.011927
0.023321
0.017442
0.026839
0.023264
0.014509
0.027966
0.018714
0.026341
0.025957
0.023444
0.024178
0.015846
0.012333
0.013869
4.458088
0.024258
0.024393
0.018854
0.023527
0.025122
0.018482
0.025666
0.013777
0.024829
0.020520
0.024745
0.058455
0.017629
0.016855
0.024651
0.017144
0.020515
0.022910
0.020145
0.012386
0.027465
0.040079
0.035800
0.027669
0.016828
0.023313
0.020051
0.016425
0.021375
0.017059
0.015580
0.015554
0.027967
0.018879
0.024709
0.024726
0.016549
0.015831
0.022026
0.020938
0.021545
0.015936
0.024557
0.017449
0.018211
0.014282
0.018177
0.024483
0.020884
0.024790
0.027161
0.021751
0.018553
0.018287
0.020791
0.017543
0.017250
0.025661
0.021415
0.022212
0.017455
0.020327
0.015246
0.023067
0.025666
0.026444
0.012398
0.019105
0.017051
0.017790
0.021443
0.012177
0.024792
0.018952
0.015317
0.025369
0.018805
0.013447
0.021102
0.025886
0.009493
