0.012851
0.012840
0.014950
0.025461
0.013452
0.010461
0.012380
0.011812
0.012013
0.012199
0.011097
0.012065
0.012111
0.012537
0.010573
0.016116
0.012731
0.013116
0.012888
0.012584
0.009975
0.012444
0.013211
0.014089
0.012508
0.012344
0.011644
0.011863
0.011526
0.013066
0.012450
0.013174
0.011480
0.018706
0.012061
0.011772
0.011659
0.011742
0.011969
0.010934
0.012226
0.012557
0.012760
0.011932
0.013272
0.009638
0.013931
0.011233
0.012976
0.010262
0.013962
0.012334
0.012628
0.013219
0.012319
0.011491
0.022563
0.012698
0.011623
0.013298
0.012073
0.011954
0.012920
0.010514
0.012358
0.013555
0.013126
0.012706
0.010949
0.011186
0.012441
0.013016
0.012577
0.012512
0.011625
0.010305
0.012338
0.012739
0.014642
0.012520
0.012755
0.011431
0.012583
0.011919
0.012609
0.013022
0.011408
0.032396
0.012950
0.011946
0.011703
0.011129
0.012400
0.012392
0.022584
0.017623
0.038776
0.012518
0.013148
0.022381
