0.028322
0.032664
0.039223
0.032453
0.033862
0.029806
0.029445
0.033114
0.031092
0.034527
0.034629
0.033111
0.035073
0.031452
0.030865
0.033085
0.039056
0.029382
0.028490
0.031247
0.032252
0.030453
0.034989
0.031394
0.032221
0.036963
0.031267
0.033216
0.040205
0.027682
0.028579
0.029839
0.032609
0.029948
0.028706
0.033869
0.031332
0.034723
0.032536
0.031188
0.033563
0.029209
0.031753
0.040382
0.046125
0.026506
0.033727
0.038348
0.032685
0.036311
0.031710
0.031149
0.033897
0.031085
0.029255
0.039114
0.028259
0.036464
0.033573
0.032851
0.029243
0.029250
0.030473
0.029000
0.036986
0.029378
0.030327
0.034393
0.032729
0.028496
0.028949
0.030536
0.032241
0.034191
0.034406
0.032201
0.033190
0.039636
0.031482
0.035745
0.032760
0.030100
0.029666
0.029234
0.033811
0.032747
0.029428
0.029248
0.029694
0.032655
0.034104
0.034071
0.033093
0.031974
0.040177
0.033387
0.032750
0.032042
0.034968
0.035433
