0.010249
0.009398
0.010428
0.009628
0.009065
0.009405
0.009662
0.009326
0.010075
0.007829
0.009159
0.008966
0.009615
0.009522
0.010620
0.009690
0.009029
0.009918
0.008713
0.009511
0.009682
0.009424
0.009748
0.009130
0.009306
0.009094
0.010048
0.009111
0.008643
0.009094
0.009263
0.009201
0.009179
0.010431
0.009690
0.010332
0.008969
0.009053
0.009145
0.009282
0.010001
0.010180
0.009457
0.009171
0.009138
0.009022
0.009597
0.009677
0.009391
0.008755
0.009430
0.009366
0.008924
0.009446
0.010187
0.009580
0.013279
0.009100
0.009254
0.009879
0.010151
0.008355
0.009467
0.009127
0.008893
0.009659
0.008856
0.009258
0.009110
0.008975
0.009266
0.009215
0.009035
0.009897
0.008404
0.009256
0.009173
0.007462
0.010011
0.009277
0.009042
0.010151
0.009691
0.010034
0.009975
0.010155
0.009740
0.009221
0.009538
0.010062
0.009825
0.009282
0.009313
0.009931
0.009101
0.009651
0.009062
0.009619
0.009989
0.009363
