0.036476
0.044162
0.053005
0.055181
0.047152
0.045716
0.039188
0.048296
0.042925
0.039847
0.046517
0.054901
0.041136
0.041087
0.057887
0.061251
0.051734
0.044527
0.041644
0.050622
0.050418
0.051006
0.043880
0.041610
0.037359
0.050055
0.044048
0.057978
0.058634
0.039979
0.048018
0.042014
0.041928
0.049304
0.036938
0.057818
0.049722
0.042563
0.041797
0.051250
0.047138
0.042650
0.044930
0.046094
0.046629
0.052084
0.056354
0.037828
0.041508
0.038399
0.055895
0.052354
0.042944
0.046640
0.052408
0.052889
0.035591
0.059684
0.038520
0.051266
0.047753
0.040576
0.045999
0.078329
0.037136
0.042983
0.049538
0.051736
0.041977
0.092501
0.046196
0.048145
0.048739
0.056924
0.051143
0.048957
0.044836
0.041427
0.056122
0.036436
0.041132
0.057508
0.050735
0.041689
0.049586
0.041944
0.040777
0.048804
0.046098
0.050313
0.058935
0.045250
0.050480
0.044165
0.039987
0.059840
0.040980
0.044253
0.054317
0.056662
