0.017762
0.021988
0.021013
0.040561
0.027181
0.019471
0.023741
0.022201
0.017784
0.019768
0.024961
0.020747
0.022589
0.020716
0.022693
0.021819
0.021987
0.020686
0.044397
0.020856
0.022479
0.023865
0.020460
0.022996
0.016620
0.020706
0.016614
0.021302
0.019810
0.023313
0.021402
0.018600
0.021829
0.021965
0.020425
0.019346
0.020261
0.024630
0.018413
0.022445
0.031076
0.022336
0.020355
0.024200
0.023117
0.021007
0.020895
0.024319
0.020614
0.035525
0.024659
0.024144
0.050466
0.022804
0.021198
0.021615
0.019713
0.030790
0.017881
0.022335
0.022629
0.021767
0.020286
0.020430
0.016523
0.024306
0.022112
0.020685
0.022724
0.027484
0.023791
0.021354
0.024210
0.021453
0.027798
0.023348
0.021610
0.020636
0.021153
0.021643
0.020641
0.021672
0.022205
0.018755
0.024390
0.030838
0.041162
0.024927
0.016494
0.021795
0.021810
0.022614
0.021103
0.022541
0.020634
0.024202
0.022631
0.021032
0.023034
0.021859
