0.001911
0.001813
0.001874
0.002150
0.002010
0.001945
0.001880
0.002033
0.001739
0.002240
0.002405
0.001913
0.002573
0.001993
0.002129
0.002065
0.002111
0.001856
0.002192
0.002121
0.002066
0.002421
0.002173
0.001996
0.002282
0.002032
0.002094
0.002010
0.002189
0.002066
0.001922
0.002106
0.002105
0.002041
0.002067
0.002063
0.002059
0.002159
0.001945
0.001746
0.001908
0.001928
0.002129
0.002138
0.001897
0.001826
0.001932
0.001786
0.002152
0.002096
0.002436
0.002113
0.001997
0.002088
0.001932
0.001970
0.001810
0.002179
0.002092
0.001941
0.001884
0.002044
0.002069
0.002157
0.001958
0.001880
0.002168
0.001783
0.002069
0.002101
0.001866
0.002187
0.001703
0.001752
0.002302
0.002086
0.002139
0.001765
0.002337
0.002102
0.001844
0.001904
0.001838
0.002440
0.002076
0.001831
0.002259
0.001847
0.001922
0.002123
0.002193
0.002068
0.002276
0.001808
0.001926
0.002165
0.002318
0.002210
0.001759
0.002051
