0.005303
0.021965
0.005248
0.010699
0.017812
0.005012
0.005652
0.007712
0.008541
0.004089
0.017215
0.004057
0.005434
0.021984
0.003500
0.003339
0.004266
0.004073
0.016941
0.004170
0.004655
0.005214
0.022310
0.022190
0.004109
0.022088
0.020342
0.017791
0.019142
0.018834
0.008482
0.007168
0.022370
0.004590
0.007380
0.003853
0.018117
0.007256
0.003783
0.008179
0.006200
0.008376
0.007060
0.020531
0.023690
0.006232
0.004210
0.006436
0.004664
0.019084
0.008968
0.002750
0.003560
0.017965
0.007166
0.018744
0.004675
0.003748
0.021729
0.003557
0.006027
0.017797
0.017978
0.019700
0.021226
0.016808
0.018306
0.021466
0.016721
0.007339
0.016916
0.005743
0.018076
0.008343
0.007914
0.019229
0.004871
0.004516
0.005088
0.007848
0.007857
0.007555
0.020073
0.005128
0.003654
0.020299
0.005064
0.009853
0.021001
0.008537
0.003187
0.008099
0.008206
0.020493
0.019169
0.007955
0.008270
0.009816
0.021423
0.004130
