0.025055
0.029962
0.039356
0.019457
0.038091
0.026903
0.041531
0.029592
0.037171
0.046496
0.015327
0.018820
0.025070
0.026518
0.031497
0.019381
0.023727
0.033387
0.025690
0.035525
0.030948
0.027768
0.022051
0.027802
0.042776
0.032083
0.025752
0.022842
0.027570
0.021760
0.024610
0.035487
0.036402
0.025673
0.019307
0.030914
0.603739
0.031914
0.053452
0.035881
0.036820
0.026623
0.084007
0.033320
0.036393
0.042468
0.033646
0.031121
0.031144
0.021978
0.027598
0.028490
0.022983
0.025284
0.043577
0.025530
0.029543
0.026232
0.030760
0.036758
0.052818
0.022259
0.026640
0.013989
0.029652
0.040279
0.014485
0.039311
0.035672
0.025935
0.041644
0.024769
0.035089
0.031545
0.032563
0.028569
0.036569
0.029120
0.026729
0.034737
0.031666
0.033272
0.016137
0.028673
0.041668
0.027348
0.022449
0.026069
0.037578
0.019621
0.025334
0.029543
0.029471
0.024325
0.044353
0.025985
0.039411
0.039538
0.034223
0.036852
