0.002455
0.003151
0.017487
0.017272
0.019014
0.002452
0.017723
0.002775
0.003411
0.016750
0.015549
0.016576
0.016772
0.017864
0.003490
0.002833
0.002480
0.020147
0.014678
0.018225
0.005240
0.003180
0.017865
0.018716
0.021050
0.003239
0.002350
0.017331
0.001949
0.002310
0.002701
0.015659
0.018515
0.004190
0.004511
0.004236
0.029127
0.002724
0.017293
0.003265
0.003045
0.003314
0.016969
0.003902
0.001870
0.003326
0.002406
0.003259
0.003543
0.003137
0.016074
0.001943
0.002790
0.014924
0.003046
0.016757
0.020954
0.002982
0.017657
0.017706
0.002441
0.002462
0.016662
0.003246
0.002699
0.015957
0.002256
0.016512
0.003511
0.015956
0.018448
0.003483
0.004217
0.018222
0.002540
0.003986
0.002853
0.018452
0.002552
0.002927
0.004102
0.003044
0.002200
0.003218
0.002633
0.002152
0.003372
0.017150
0.004669
0.001802
0.033250
0.003319
0.025928
0.016171
0.002793
0.002823
0.003400
0.002637
0.002515
0.016829
