0.028704
0.022171
0.027490
0.029483
0.032633
0.030795
0.021624
0.026827
0.042208
0.026693
0.034713
0.027023
0.028100
0.025267
0.028781
0.032610
0.036228
0.025728
0.025192
0.045098
0.036652
0.042755
0.033965
0.038716
0.031713
0.036388
0.039477
0.032113
0.032000
0.029032
0.024668
0.028022
0.035310
0.049040
0.028678
0.035331
0.031383
0.031294
0.028856
0.035734
0.037003
0.033949
0.029887
0.034486
0.039844
0.031299
0.032848
0.028789
0.033010
0.023887
0.027606
0.026830
0.023975
0.029130
0.024483
0.035943
0.021445
0.042881
0.045080
0.049835
0.031421
0.054452
0.032716
0.030992
0.028740
0.029651
0.029099
0.031550
0.048477
0.034696
0.032590
0.029020
0.039277
0.037869
0.029827
0.034695
0.030029
0.043479
0.031506
0.042336
0.037594
0.028647
0.033684
0.025818
0.033210
0.031953
0.034544
0.026098
0.026607
0.030812
0.037351
0.032011
0.027820
0.026162
0.034096
0.031089
0.035680
0.031900
0.024218
0.035032
