0.023280
0.007513
0.011734
0.014484
0.041830
0.033070
0.012280
0.018724
0.032940
0.022935
0.011528
0.864657
0.013015
0.008125
0.034300
0.020771
0.010029
0.015296
0.021192
0.022932
0.008283
0.021815
0.015217
0.034782
0.014285
0.009764
0.035702
0.027729
0.023104
0.030461
0.027203
0.008255
0.023563
0.032871
0.012872
0.016890
0.008509
0.038209
0.066425
0.024549
0.014365
0.008634
0.010988
0.033480
0.012924
0.010677
0.009964
0.024600
0.024693
0.018494
0.026090
0.025927
0.018785
0.020319
0.008007
0.022105
0.020805
0.038779
0.024078
0.029539
0.038172
0.009438
0.008320
0.021834
0.018306
0.012035
0.022128
0.012765
0.025789
0.032016
0.012943
0.011426
0.010702
0.033295
0.021691
0.010852
0.024197
0.013833
0.025910
0.024850
0.010718
0.030125
0.028001
0.016710
0.040464
0.019445
0.028835
0.037195
0.010954
0.021070
0.021145
0.091303
0.014695
0.033378
0.010883
0.033132
0.041186
0.025450
0.025553
0.010685
