0.054124
0.153153
0.015784
0.015289
0.036609
0.023920
0.055458
0.012430
0.011400
0.012628
0.040718
0.363649
0.008484
0.067280
0.027099
0.096565
0.033282
0.076062
0.131529
0.055744
0.032357
0.014180
0.082864
0.153088
0.033771
0.140464
0.042262
0.094307
0.037075
0.061609
0.042648
0.047708
0.122646
0.020028
0.034457
0.015898
0.046832
0.032337
0.020328
0.029664
0.014373
0.010050
0.052512
0.008009
0.083552
0.026111
0.039855
0.008137
0.044956
0.022941
0.013891
0.023774
0.037788
0.044547
0.027421
0.057466
0.023826
0.037199
0.041350
0.082589
0.026073
0.041990
0.170659
0.083349
0.201505
0.042147
0.015793
0.064429
0.185955
0.016176
0.055960
0.013782
0.021108
0.036685
0.013771
0.055522
0.021175
0.044648
0.033809
0.020728
0.048413
0.024509
0.150515
0.018389
0.024129
0.015856
0.029584
0.021239
0.182466
0.013205
0.033736
0.023691
0.100269
0.044834
0.078250
0.021264
0.025775
0.009577
0.066865
0.038985
