0.083652
0.103022
0.063586
0.093782
0.106499
0.191216
0.288591
0.104790
0.045852
0.055696
0.121696
0.083323
0.126076
0.083398
0.052159
0.128542
0.093745
0.063842
0.122855
0.070876
0.044217
0.180153
0.072566
0.178842
0.078753
0.052055
0.097359
0.060602
0.084743
0.110087
0.109787
0.093734
0.073107
0.070341
0.214635
0.114922
0.043585
0.153952
0.159267
0.064685
0.079475
0.099261
0.055839
0.135174
0.301036
0.064714
0.067831
0.111084
0.164149
0.281209
0.218443
0.230911
0.082177
0.179644
0.224434
0.083967
0.262834
0.148972
0.263614
0.050631
0.239896
0.240205
0.087265
0.193829
0.066887
0.051955
0.203864
0.179914
0.076169
0.141478
0.053511
0.074865
0.114726
0.464918
0.104460
0.287139
0.129277
0.124812
0.077427
0.065113
0.100583
0.080047
0.238227
0.106863
0.121004
0.057007
0.054817
0.098313
0.060568
0.086718
0.078138
0.177750
0.066811
0.209709
0.112537
0.072369
0.100377
0.150182
0.286967
0.466257
