0.051976
0.460317
0.155789
0.232246
0.281726
0.036911
0.095372
0.435892
0.116202
0.175745
0.316507
0.135398
0.399916
0.123611
0.062082
0.089074
0.067103
0.089206
0.076975
0.171980
0.028755
0.419274
0.199190
0.504377
0.123003
0.025307
0.354962
0.463528
0.032034
0.098884
0.049055
0.157636
0.122091
0.063212
0.589542
0.189727
0.092485
0.038186
0.380345
0.132407
0.038695
0.457078
0.104760
0.029407
0.596291
0.023547
0.036835
0.043635
0.036645
0.540564
0.135978
0.040805
0.282707
0.182475
0.473781
0.078687
0.097212
0.589457
0.200629
0.047202
0.029505
0.545454
0.085766
0.051562
0.029081
0.704629
0.218583
0.143183
0.251488
0.132568
0.383859
0.120491
0.074632
0.696265
0.336513
0.060161
0.058355
0.260325
0.031017
0.056752
0.031034
0.031379
0.059885
0.039962
0.037747
0.045032
0.221910
0.262164
0.083263
0.046421
0.170421
0.026304
0.077543
0.516698
0.147728
0.021902
0.055237
0.509505
0.095523
0.684875
