0.055136
0.051936
0.045433
0.049852
0.097780
0.045017
0.044911
0.049952
0.100041
0.051908
0.057812
0.066006
0.026932
0.055594
0.070941
0.043918
0.052957
0.044977
0.054202
0.060098
0.092781
0.107220
0.085052
0.062182
0.033185
0.055977
0.074198
0.060306
0.048065
0.039312
0.045827
0.040540
0.035210
0.103628
0.060210
0.065200
0.050298
0.048516
0.038976
0.065513
0.040858
0.054171
0.041668
0.126136
0.063465
0.042950
0.046879
0.039240
0.061141
0.034857
0.058143
0.039557
0.050651
0.093363
0.039439
0.059480
0.046588
0.069683
0.087461
0.063000
0.073471
0.065325
0.045614
0.042887
0.055412
0.100163
0.219440
0.056243
0.079855
0.081309
0.075072
0.048002
0.112812
0.062641
0.045451
0.063984
0.045053
0.066074
0.072254
0.045882
0.072529
0.055899
0.070329
0.042670
0.043973
0.077032
0.082745
0.056888
0.049373
0.065526
0.064386
0.053970
0.067294
0.071893
0.064299
0.042273
0.078575
0.076087
0.036300
0.075836
