0.068468
0.309576
0.064344
0.072658
0.048875
0.053656
0.067530
0.192636
0.099706
0.052472
0.231941
0.127379
0.046331
0.080480
0.121131
0.067466
0.205044
0.062590
0.096756
0.077920
0.040906
0.105523
0.084613
0.224745
0.097202
0.350923
0.278848
0.188494
0.089147
0.055309
0.095811
0.303801
0.112952
0.075450
0.329874
0.040761
0.119724
0.055044
0.331029
0.043446
0.145938
0.266358
0.060817
0.124887
0.299027
0.057847
0.036101
0.045942
0.055967
0.317290
0.399624
0.057485
0.046918
0.084528
0.020319
0.100742
0.056408
0.352985
0.048765
0.107853
0.085852
0.247147
0.072944
0.059044
0.098768
0.479427
0.050701
0.066268
0.070804
0.077621
0.245029
0.075386
0.087684
0.100044
0.087262
0.071369
0.045317
0.043869
0.044548
0.039343
0.037386
0.081223
0.050990
0.058374
0.067997
0.314833
0.076193
0.211814
0.106145
0.048154
0.155555
0.111654
0.113778
0.231217
0.073674
0.052455
0.123747
0.299267
0.040740
0.306391
