0.282659
0.303382
0.241657
0.306286
0.131410
0.233769
0.355866
0.353583
0.300942
0.159377
0.278638
0.285157
0.363342
0.205923
0.198384
0.190019
0.271962
0.193707
0.402272
0.348707
0.269836
0.244848
0.234162
0.173079
0.239577
0.295264
0.281669
0.197725
0.258141
0.565826
0.528114
0.339033
0.218766
0.271534
0.342917
0.289526
0.254419
0.280303
0.216350
0.324708
0.207886
0.181703
0.305871
0.311483
0.356328
0.189407
0.321726
0.290968
0.331607
0.375112
0.286070
0.149566
0.215867
0.201086
0.106818
0.296933
0.234403
0.281660
0.289376
0.203756
0.292997
0.412602
0.220042
0.256124
0.283359
0.302353
0.282539
0.244626
0.258488
0.191459
0.331784
0.225187
0.225303
0.105358
0.238427
0.212930
0.295280
0.147600
0.286735
0.275991
0.246015
0.157829
0.227744
0.283346
0.207054
0.191159
0.229629
0.289182
0.238283
0.204457
0.192407
0.171237
0.344501
0.243016
0.181039
0.223203
0.537859
0.303785
0.315684
0.247036
