0.206944
0.150218
0.329200
0.258450
0.094316
0.121708
0.083177
0.140976
0.320902
0.091465
0.160107
0.250815
0.156377
0.135622
0.127142
0.121981
0.313871
0.160087
0.218011
0.127643
0.216470
0.177854
0.110517
0.226814
0.120864
0.104807
0.109578
0.099119
0.165151
0.419963
0.151619
0.223936
0.240800
0.112929
0.150559
0.147187
0.181611
0.054489
0.101312
0.110145
0.271892
0.105029
0.225204
0.162865
0.185666
0.249084
0.278546
0.204216
0.114859
0.195808
0.167286
0.106358
0.201584
0.143063
0.117775
0.202120
0.175260
0.122134
0.232420
0.224695
0.116733
0.158284
0.273184
0.058572
0.139801
0.155953
0.207210
0.278095
0.202312
0.128926
0.311107
0.158909
0.300726
0.154667
0.200242
0.037111
0.151879
0.200785
0.144200
0.219971
0.137315
0.303014
0.204010
0.139628
0.211600
0.126392
0.141254
0.267486
0.148223
0.159531
0.211927
0.174849
0.132649
0.174221
0.127060
0.189085
0.143189
0.246233
0.179953
0.193633
