0.245122
0.195348
0.241519
0.230443
0.247226
0.374105
0.226805
0.254062
0.316753
0.273474
0.226655
0.229579
0.272329
0.225433
0.237986
0.338475
0.224399
0.230455
0.273516
0.140036
0.362050
0.273068
0.154548
0.357497
0.349768
0.268024
0.261161
0.344773
0.250691
0.119388
0.240623
0.175861
0.337304
0.185945
0.237459
0.242322
0.151488
0.285791
0.186379
0.217208
0.447423
0.252916
0.232045
0.381604
0.334319
0.322091
0.077912
0.253325
0.246115
0.250763
0.214606
0.209763
0.370869
0.192704
0.303390
0.242642
0.232324
0.274049
0.318323
0.288489
0.227084
0.245518
0.221768
0.313219
0.141011
0.236271
0.165513
0.206174
0.253072
0.163609
0.276387
0.130364
0.303726
0.330014
0.377173
0.235344
0.202351
0.158897
0.262360
0.382325
0.199846
0.431867
0.237080
0.346560
0.225856
0.268296
0.295197
0.446480
0.140645
0.188222
0.265108
0.280512
0.322931
0.237153
0.436301
0.210889
0.113253
0.198332
0.224022
0.283412
