0.133225
0.104670
0.105585
0.099183
0.085507
0.106044
0.086652
0.083897
0.138055
0.144031
0.081444
0.081625
0.097811
0.090138
0.119373
0.072859
0.168395
0.074014
0.117278
0.057925
0.063627
0.139454
0.122739
0.158121
0.078834
0.083006
0.128318
0.069249
0.126590
0.103153
0.058644
0.112453
0.067147
0.088827
0.075458
0.077446
0.113666
0.061462
0.060850
0.050103
0.070051
0.098481
0.078120
0.071304
0.134413
0.098352
0.099194
0.064410
0.179153
0.122007
0.059248
0.082886
0.064446
0.043316
0.114899
0.100728
0.141781
0.089558
0.072056
0.078010
0.111448
0.082818
0.061322
0.152769
0.086225
0.056121
0.056937
0.105162
0.112620
0.091130
0.114293
0.105889
0.101078
0.080052
0.044116
0.080575
0.067752
0.099584
0.073604
0.108658
0.070840
0.099571
0.063386
0.045321
0.199785
0.113634
0.114826
0.091640
0.083405
0.050025
0.177020
0.120104
0.108808
0.074410
0.077328
0.067075
0.162750
0.097444
0.100600
0.148654
