0.271656
0.170289
0.292880
0.233569
0.180528
0.071732
0.242452
0.115929
0.164745
0.267033
0.316427
0.337347
0.138955
0.266205
0.069660
0.234411
0.266875
0.256505
0.264242
0.186099
0.095485
0.162757
0.161462
0.206394
0.156596
0.199266
0.152091
0.237489
0.281946
0.072921
0.220824
0.216571
0.084884
0.165626
0.210940
0.224420
0.205176
0.248847
0.345892
0.208066
0.171688
0.358272
0.166244
0.174584
0.154775
0.121523
0.286611
0.215689
0.215288
0.242031
0.310648
0.125437
0.097197
0.143852
0.236829
0.178508
0.246813
0.154088
0.221154
0.130668
0.212329
0.115002
0.202347
0.282981
0.194847
0.215994
0.186521
0.219231
0.150856
0.280548
0.131826
0.194399
0.336855
0.188496
0.135834
0.164709
0.122958
0.165836
0.205818
0.219594
0.154313
0.206761
0.261081
0.203207
0.275756
0.044360
0.289769
0.229571
0.338758
0.186070
0.108691
0.171154
0.252309
0.148307
0.220728
0.088809
0.095916
0.227188
0.272586
0.176641
