0.011611
0.013222
0.015128
0.012810
0.013401
0.011829
0.025065
0.011848
0.012079
0.013843
0.012260
0.012215
0.014041
0.012023
0.013563
0.012957
0.016086
0.012508
0.013294
0.013638
0.013785
0.012334
0.011958
0.011863
0.012520
0.012653
0.015758
0.011932
0.012251
0.011969
0.012136
0.012073
0.012476
0.011893
0.012369
0.012037
0.011781
0.012651
0.012263
0.013622
0.012419
0.012322
0.018122
0.013526
0.012080
0.012225
0.012773
0.012205
0.011874
0.014039
0.011992
0.013375
0.011772
0.013648
0.012409
0.014330
0.012828
0.012525
0.013030
0.012727
0.012243
0.011806
0.011984
0.013124
0.012236
0.012226
0.012501
0.011968
0.012809
0.012342
0.012294
0.012018
0.014013
0.011858
0.013096
0.016485
0.011938
0.011917
0.011729
0.014727
0.019055
0.011910
0.011815
0.012669
0.012448
0.012400
0.012029
0.011884
0.012520
0.011973
0.013252
0.012149
0.027583
0.018526
0.013007
0.011897
0.011500
0.011850
0.012732
0.012566
