0.032592
0.032201
0.044402
0.031831
0.034937
0.031709
0.039261
0.032976
0.034873
0.036004
0.034707
0.032440
0.034593
0.032383
0.038252
0.032376
0.031776
0.031231
0.037523
0.036089
0.030563
0.032413
0.038546
0.039814
0.042033
0.030583
0.046187
0.038870
0.034898
0.032656
0.031874
0.034232
0.033597
0.031851
0.033201
0.042016
0.032553
0.033362
0.035271
0.032155
0.032445
0.040301
0.035892
0.042574
0.045035
0.032689
0.032761
0.037936
0.037994
0.031219
0.037372
0.036680
0.034225
0.034679
0.038776
0.038096
0.056696
0.031911
0.035011
0.034351
0.047340
0.040832
0.029777
0.035118
0.035420
0.033999
0.036654
0.032824
0.031901
0.033307
0.032499
0.033674
0.032135
0.034316
0.035742
0.043037
0.028296
0.033171
0.033861
0.036784
0.030961
0.035307
0.032810
0.030950
0.035314
0.031793
0.033303
0.032229
0.033353
0.032148
0.040985
0.036476
0.035720
0.032440
0.035809
0.035324
0.034615
0.032788
0.032815
0.033517
