0.027724
0.009271
0.009231
0.009149
0.009654
0.008999
0.009256
0.009228
0.009416
0.009046
0.009210
0.010306
0.009087
0.010479
0.009485
0.009885
0.008993
0.009682
0.008944
0.010782
0.008937
0.009099
0.008804
0.025123
0.009044
0.008917
0.009210
0.009764
0.010549
0.009183
0.009510
0.009858
0.009162
0.009778
0.009035
0.038431
0.009048
0.008985
0.008970
0.009578
0.009490
0.009065
0.009230
0.010141
0.009056
0.009397
0.009098
0.009870
0.009425
0.010082
0.009018
0.009811
0.009820
0.009035
0.009206
0.009056
0.010215
0.009177
0.009474
0.008976
0.009668
0.009402
0.009323
0.013466
0.009264
0.009384
0.014881
0.009369
0.010280
0.009579
0.009535
0.009168
0.009658
0.009016
0.010501
0.025429
0.010024
0.009129
0.009423
0.008958
0.009279
0.009602
0.008980
0.009123
0.008982
0.009837
0.009326
0.009001
0.018971
0.009550
0.009781
0.009036
0.010866
0.009312
0.009176
0.009593
0.009638
0.009991
0.009406
0.009789
