0.050368
0.056850
0.058860
0.050983
0.060853
0.047584
0.053504
0.054769
0.052185
0.049939
0.054099
0.056939
0.071885
0.057083
0.041644
0.056336
0.045538
0.052849
0.059831
0.069533
0.065610
0.049340
0.049056
0.052096
0.044669
0.056730
0.050306
0.047981
0.053546
0.050238
0.048015
0.075684
0.061055
0.062583
0.092357
0.052854
0.077514
0.050733
0.082434
0.044235
0.059989
0.046291
0.046865
0.044472
0.052677
0.079947
0.062377
0.055548
0.048137
0.056064
0.047858
0.067870
0.051243
0.052165
0.054960
0.051612
0.051235
0.052823
0.048640
0.053834
0.055730
0.043966
0.044245
0.069369
0.053005
0.053745
0.056276
0.050298
0.048499
0.054703
0.051510
0.087527
0.050421
0.051149
0.076075
0.044007
0.043022
0.050018
0.050309
0.047510
0.041354
0.046872
0.051178
0.065131
0.049007
0.045472
0.052914
0.054135
0.058268
0.078652
0.053973
0.063258
0.048238
0.049248
0.045075
0.050477
0.052434
0.048150
0.053790
0.047692
