0.024205
0.021071
0.055529
0.021433
0.023476
0.037455
0.021997
0.022271
0.020852
0.022465
0.022571
0.021211
0.024549
0.025405
0.021285
0.019942
0.021674
0.022329
0.021656
0.028122
0.021681
0.025171
0.021752
0.023313
0.024996
0.020401
0.022488
0.027932
0.022841
0.021346
0.022672
0.049704
0.021695
0.020346
0.021881
0.029785
0.020772
0.022799
0.026683
0.023076
0.021783
0.027325
0.024345
0.020714
0.020070
0.021485
0.020935
0.022312
0.023164
0.021528
0.024731
0.025486
0.023332
0.020084
0.021966
0.024644
0.021430
0.023024
0.020951
0.020962
0.031032
0.021587
0.020017
0.020419
0.020451
0.019992
0.022002
0.023720
0.020252
0.025985
0.021084
0.027549
0.022631
0.021645
0.024422
0.021294
0.021201
0.024476
0.022960
0.020533
0.020900
0.023622
0.020408
0.024111
0.020922
0.022484
0.023900
0.020648
0.022771
0.020611
0.020427
0.023290
0.020494
0.022012
0.021240
0.021420
0.022188
0.021160
0.022534
0.021706
