0.001897
0.001527
0.001516
0.001640
0.001869
0.001829
0.001761
0.001761
0.001882
0.001608
0.001826
0.001795
0.001690
0.001715
0.001508
0.001643
0.001731
0.001575
0.001819
0.001418
0.001840
0.001654
0.001759
0.001483
0.001607
0.001649
0.001644
0.001666
0.001582
0.001559
0.001586
0.001644
0.001545
0.001664
0.001370
0.001723
0.001670
0.001518
0.001764
0.001610
0.001645
0.001746
0.001776
0.001635
0.001819
0.001721
0.001870
0.001805
0.001519
0.001649
0.001620
0.001856
0.001617
0.001590
0.001554
0.001582
0.001691
0.001629
0.001633
0.001685
0.001879
0.001760
0.001672
0.001581
0.001605
0.001638
0.001926
0.001940
0.001722
0.001799
0.001510
0.001677
0.001420
0.001557
0.001833
0.001591
0.001756
0.001724
0.001719
0.001694
0.001625
0.001698
0.001870
0.001740
0.001593
0.001648
0.001463
0.001798
0.001845
0.001538
0.001801
0.001552
0.001706
0.001667
0.001626
0.001742
0.001747
0.001728
0.001756
0.001606
