0.272041
0.220930
0.601011
0.201394
0.063910
0.351828
0.085097
0.031687
0.018265
0.260183
0.667442
0.619461
0.726701
0.015519
0.153323
0.246581
0.196278
0.051606
0.655565
0.421602
0.020154
0.431592
0.256129
0.082325
0.050738
0.572765
0.078258
0.285620
0.643769
0.040886
0.521409
0.035418
0.066316
0.313249
0.464477
0.670573
0.043462
0.059560
0.151864
0.046826
0.134781
0.641659
0.097474
0.226860
0.308683
0.247581
0.485500
0.020680
0.698572
0.552463
0.588077
0.734898
0.081121
0.063445
0.526471
0.111066
0.617917
0.186218
0.399786
0.191457
0.366257
0.049978
0.364514
0.007852
0.048149
0.040045
0.005700
0.028531
0.031434
0.165042
0.553178
0.308352
0.013339
0.033640
0.035775
0.120859
0.238002
0.031800
0.300561
0.461113
0.009097
0.495986
0.302191
0.044284
0.369335
0.174962
0.532440
0.055086
0.018602
0.012152
0.224235
0.265234
0.035635
0.630325
0.107950
0.350713
0.008556
0.095790
0.809212
0.048027
