0.083721
0.251215
0.230938
0.270752
0.267364
0.125052
0.479486
0.493313
0.455393
0.071644
0.089310
0.072092
0.535561
0.510097
0.099547
0.462977
0.083799
0.076433
0.071258
0.071972
0.270862
0.331400
0.303968
0.146674
0.118427
0.076468
0.066363
0.073655
0.477087
0.058948
0.362301
0.311681
0.173308
0.041619
0.100360
0.042917
0.384924
0.233575
0.076018
0.396814
0.117895
0.501457
0.108898
0.072278
0.185830
0.083073
0.058570
0.296845
0.064722
0.040199
0.401632
0.521655
0.048127
0.134200
0.056333
0.381095
0.046554
0.132011
0.220201
0.124235
0.213524
0.032437
0.273251
0.587004
0.281402
0.048226
0.510199
0.342446
0.285483
0.198385
0.050259
0.169748
0.235766
0.049179
0.061470
0.099160
0.209939
0.428804
0.137754
0.197620
0.061016
0.146719
0.163230
0.387032
0.148357
0.506602
0.130681
0.085459
0.077040
0.046667
0.036464
0.045901
0.385585
0.277169
0.200221
0.433720
0.047996
0.139766
0.059055
0.577430
