0.147062
0.177270
0.053898
0.390588
0.291885
0.436130
0.139705
0.616478
0.033757
0.210876
0.175398
0.032896
0.033678
0.613150
0.272958
0.359866
0.453252
0.483040
0.082119
0.141976
0.679237
0.431197
0.081600
0.550473
0.370762
0.089365
0.372689
0.173064
0.675141
0.088323
0.107442
0.321110
0.424947
0.046465
0.304058
0.523453
0.581708
0.189156
0.278226
0.364334
0.344641
0.775954
0.686513
0.419780
0.719606
0.404270
0.076776
0.020389
0.830897
0.206406
0.210499
0.020177
0.072626
0.523889
0.605023
0.311910
0.330899
0.312082
0.210961
0.160083
0.098064
0.419321
0.146757
0.791702
0.678498
0.040217
0.876897
0.548441
0.464088
0.148306
0.055505
0.117572
0.262989
0.049000
0.039444
0.211707
0.428648
0.612211
0.259123
0.441232
0.020034
0.044243
0.176591
0.586914
0.070038
0.221938
0.068011
0.540041
0.176211
0.020795
0.043966
0.033590
0.582771
0.362065
0.106835
0.180828
0.023276
0.150550
0.506496
0.804243
