0.063926
0.068699
0.222588
0.101089
0.216777
0.206304
0.097598
0.243718
0.266539
0.066082
0.144873
0.132203
0.139642
0.133768
0.066937
0.061897
0.106550
0.059233
0.079258
0.126528
0.223191
0.135099
0.087669
0.128882
0.190800
0.207569
0.094112
0.071679
0.126395
0.133117
0.049833
0.105185
0.071129
0.088723
0.089123
0.061053
0.153553
0.412199
0.056404
0.277196
0.076382
0.147934
0.251101
0.150033
0.069183
0.077659
0.121732
0.300505
0.308992
0.146906
0.162849
0.196396
0.182354
0.212262
0.060216
0.269220
0.118080
0.089735
0.063771
0.087101
0.136942
0.069690
0.067652
0.337353
0.122594
0.268248
0.365560
0.269673
0.064338
0.077953
0.075676
0.141003
0.099901
0.378689
0.247238
0.096398
0.093669
0.179488
0.068428
0.069805
0.327374
0.127021
0.163873
0.245116
0.077620
0.085597
0.071484
0.216403
0.132152
0.232763
0.070178
0.221031
0.079374
0.079427
0.233127
0.184951
0.153747
0.057863
0.049577
0.279729
