0.103335
0.161084
0.022843
0.087907
0.032055
0.333447
0.106705
0.025299
0.544199
0.153765
0.493943
0.045400
0.629982
0.564239
0.269897
0.487199
0.121682
0.095671
0.073040
0.283331
0.109014
0.520174
0.477997
0.057131
0.375461
0.535786
0.284233
0.272577
0.039638
0.241400
0.099715
0.206538
0.169188
0.060860
0.102581
0.027239
0.066824
0.274585
0.190372
0.042294
0.282717
0.563841
0.043374
0.269218
0.199749
0.048788
0.037565
0.055173
0.674188
0.109379
0.196411
0.632516
0.340355
0.076960
0.024059
0.496752
0.184295
0.203734
0.086887
0.276888
0.492854
0.391116
0.095696
0.040099
0.031358
0.024935
0.045764
0.095252
0.323389
0.247283
0.215131
0.244718
0.045013
0.434007
0.628438
0.471930
0.216106
0.499587
0.137457
0.282242
0.021887
0.174630
0.125048
0.043845
0.260403
0.121646
0.020868
0.051247
0.164487
0.027732
0.262833
0.050474
0.458605
0.150166
0.032076
0.063343
0.619297
0.206068
0.654640
0.684018
