0.002121
0.001905
0.002009
0.001905
0.002215
0.002086
0.001892
0.002055
0.002084
0.001914
0.002131
0.001788
0.002093
0.002065
0.001991
0.001863
0.002069
0.001983
0.002058
0.002123
0.002009
0.002119
0.002075
0.002070
0.002133
0.001983
0.002247
0.002079
0.001898
0.002072
0.001867
0.001857
0.001935
0.002055
0.001779
0.001912
0.001966
0.002061
0.002011
0.001975
0.001873
0.002095
0.002157
0.001892
0.002015
0.002144
0.002009
0.001919
0.001869
0.001871
0.001955
0.002067
0.002010
0.002030
0.001862
0.002043
0.001990
0.002083
0.002315
0.002228
0.002071
0.001941
0.002037
0.002311
0.002085
0.001944
0.001959
0.001999
0.002298
0.002011
0.001860
0.002166
0.001771
0.002126
0.001846
0.001825
0.002327
0.002068
0.001989
0.002061
0.001934
0.001969
0.001834
0.001947
0.002085
0.002153
0.002093
0.001948
0.001807
0.002092
0.001882
0.001971
0.001960
0.001876
0.001899
0.002024
0.002187
0.002007
0.002037
0.001916
