0.012865
0.014030
0.015085
0.037745
0.014587
0.010555
0.015877
0.013099
0.013679
0.016275
0.015397
0.016142
0.013818
0.014421
0.013672
0.014656
0.017394
0.013117
0.013688
0.014041
0.024182
0.017134
0.016391
0.014582
0.016273
0.015284
0.036728
0.031884
0.019768
0.014080
0.014809
0.014435
0.014932
0.027786
0.012043
0.014930
0.018714
0.015912
0.013076
0.014149
0.015451
0.014114
0.017874
0.016144
0.014207
0.018855
0.024450
0.013617
0.023408
0.012090
0.014644
0.013146
0.014581
0.015488
0.016337
0.012735
0.026646
0.036806
0.012593
0.015329
0.017819
0.014724
0.016615
0.014309
0.015229
0.020639
0.016627
0.015155
0.013234
0.015445
0.017708
0.014583
0.014116
0.012910
0.013871
0.012257
0.015293
0.013865
0.014175
0.012618
0.014897
0.013412
0.012900
0.012873
0.014754
0.014100
0.014966
0.039178
0.012531
0.014343
0.016723
0.013234
0.013309
0.014719
0.025376
0.020711
0.056340
0.013958
0.013997
0.031633
