0.042932
0.028173
0.037961
0.029477
0.058008
0.034369
0.043748
0.114163
0.024795
0.038122
0.032838
0.038755
0.028172
0.035579
0.027215
0.026375
0.051020
0.038344
0.062171
0.049499
0.031208
0.035386
0.109042
0.033094
0.043056
0.058379
0.027379
0.055045
0.031266
0.036810
0.041198
0.044944
0.052933
0.031617
0.031775
0.037948
0.039707
0.033026
0.046555
0.048260
0.036185
0.121821
0.032489
0.029473
0.050459
0.026360
0.042372
0.031601
0.039603
0.037005
0.049384
0.027832
0.029136
0.041082
0.032408
0.061690
0.047810
0.031725
0.026622
0.029704
0.028112
0.042977
0.029322
0.051799
0.036442
0.028109
0.029054
0.047401
0.030962
0.042360
0.040570
0.034217
0.039477
0.033532
0.032779
0.047289
0.040871
0.027812
0.030403
0.051419
0.036576
0.101272
0.028316
0.053772
0.066971
0.029795
0.031295
0.040190
0.040886
0.041355
0.043054
0.029329
0.031423
0.033385
0.047228
0.041868
0.031273
0.037866
0.027609
0.027972
