0.010792
0.008864
0.009786
0.010864
0.012597
0.010846
0.008683
0.010605
0.011761
0.014179
0.012700
0.011381
0.010049
0.009439
0.013093
0.010873
0.012945
0.009620
0.008382
0.009878
0.012193
0.011560
0.010568
0.010037
0.011688
0.014127
0.009966
0.009110
0.007713
0.011620
0.017738
0.010437
0.014092
0.010846
0.009124
0.010887
0.008782
0.009711
0.011650
0.010212
0.010932
0.014059
0.007938
0.009184
0.008343
0.013844
0.009474
0.009280
0.009035
0.008079
0.010471
0.012727
0.008163
0.010024
0.011134
0.009530
0.020068
0.008006
0.010473
0.010092
0.010015
0.008532
0.011220
0.011794
0.009177
0.009552
0.011782
0.013069
0.016308
0.013505
0.009560
0.011653
0.021683
0.010406
0.008927
0.010381
0.012718
0.031792
0.009491
0.011420
0.013340
0.011266
0.010265
0.009536
0.010585
0.010728
0.009351
0.008506
0.013934
0.010834
0.009587
0.012641
0.012609
0.010317
0.013996
0.010714
0.010184
0.009881
0.009508
0.010787
