0.073895
0.066712
0.082073
0.071261
0.067637
0.053380
0.056005
0.059571
0.060960
0.050942
0.073770
0.064040
0.052201
0.078697
0.071883
0.082885
0.063180
0.051828
0.062169
0.057526
0.051836
0.073716
0.059241
0.061892
0.058866
0.074501
0.046959
0.051339
0.059489
0.075225
0.062113
0.082440
0.058602
0.071262
0.052339
0.055374
0.053031
0.048388
0.068264
0.065714
0.052071
0.065252
0.064435
0.058823
0.055336
0.058485
0.054695
0.060355
0.057190
0.053669
0.072899
0.064552
0.073545
0.075303
0.060666
0.053741
0.066882
0.074905
0.062329
0.070350
0.087912
0.058105
0.071026
0.108048
0.058016
0.038019
0.056290
0.099658
0.073165
0.135335
0.091817
0.050909
0.076639
0.053635
0.053979
0.075210
0.070399
0.053744
0.064918
0.070257
0.084497
0.062261
0.066947
0.078830
0.075041
0.050639
0.071009
0.063847
0.072901
0.082125
0.069736
0.054753
0.063397
0.046503
0.089606
0.063309
0.062794
0.072992
0.066591
0.054632
