0.039384
0.033220
0.025913
0.066386
0.038712
0.021436
0.024651
0.027107
0.063923
0.025517
0.024739
0.027521
0.023635
0.034689
0.024519
0.053217
0.033503
0.026700
0.087911
0.042722
0.023075
0.026541
0.041109
0.026130
0.140600
0.034988
0.154235
0.027785
0.031711
0.025105
0.027374
0.075446
0.026719
0.024405
0.024674
0.024628
0.039453
0.023655
0.020223
0.026053
0.170796
0.031004
0.028239
0.033051
0.025728
0.036480
0.023486
0.032908
0.033136
0.101336
0.133685
0.025509
0.098986
0.025898
0.037070
0.024781
0.037880
0.076020
0.032043
0.026113
0.030427
0.024308
0.024790
0.042584
0.080596
0.025170
0.023828
0.029347
0.060978
0.123558
0.025503
0.037051
0.032319
0.027803
0.026218
0.025990
0.024217
0.027969
0.040977
0.024395
0.026459
0.026443
0.026471
0.031984
0.085558
0.084644
0.110854
0.026427
0.053628
0.023583
0.033326
0.023679
0.055790
0.025314
0.023477
0.042890
0.028317
0.023032
0.027014
0.029503
