0.009712
0.008206
0.008760
0.003832
0.008820
0.007669
0.012641
0.036191
0.016300
0.004977
0.004257
0.007547
0.007596
0.003603
0.007465
0.034108
0.031877
0.017305
0.008300
0.003551
0.007711
0.008726
0.012925
0.009248
0.008898
0.004961
0.006405
0.002336
0.002858
0.006206
0.010194
0.030409
0.014852
0.011158
0.007153
0.004076
0.008705
0.004994
0.005981
0.006872
0.006463
0.002909
0.016273
0.008098
0.004118
0.009609
0.004814
0.002004
0.039953
0.003332
0.010946
0.004096
0.037312
0.033806
0.035091
0.005984
0.003367
0.002543
0.032726
0.006395
0.005085
0.036823
0.002635
0.006162
0.011249
0.035839
0.006092
0.029832
0.015106
0.008435
0.006477
0.004505
0.007945
0.008983
0.008458
0.034429
0.009542
0.032404
0.005732
0.004694
0.004930
0.013838
0.016765
0.004306
0.035110
0.008299
0.005477
0.004740
0.004451
0.002541
0.029975
0.005038
0.035021
0.005993
0.016291
0.009322
0.031554
0.031442
0.004800
0.014046
