0.035417
0.056617
0.018288
0.037992
0.052341
0.021300
0.029577
0.051704
0.037020
0.048518
0.051733
0.046744
0.035382
0.034690
0.046845
0.056012
0.053673
0.031230
0.035219
0.050848
0.014432
0.014586
0.031662
0.027279
0.043194
0.062982
0.044233
0.059393
0.057195
0.021894
0.018039
0.040028
0.019056
0.040830
0.035923
0.023331
0.060868
0.038230
0.021747
0.021430
0.016445
0.068694
0.016856
0.021129
0.042141
0.022437
0.051683
0.022418
0.056145
0.033572
0.036827
0.021973
0.017153
0.042682
0.038088
0.019771
0.025803
0.034754
0.047431
0.014805
0.041507
0.054058
0.027150
0.041586
0.029941
0.018302
0.013139
0.048712
0.013281
0.020334
0.044614
0.020196
0.047087
0.035937
0.024140
0.024028
0.048566
0.019561
0.033787
0.025013
0.041271
0.022508
0.020860
0.036319
0.030136
0.023281
0.047499
0.024454
0.022359
0.034230
0.030668
0.041835
0.042455
0.049805
0.039208
0.052234
0.056050
0.033501
0.052152
0.030377
