0.001048
0.003034
0.003487
0.005395
0.032735
0.002152
0.003157
0.006236
0.004014
0.002604
0.001939
0.002439
0.005237
0.006396
0.002484
0.002232
0.002802
0.001718
0.001954
0.004568
0.006040
0.002435
0.004419
0.003797
0.002182
0.007448
0.003937
0.006092
0.003154
0.004297
0.000972
0.031420
0.001928
0.001324
0.003506
0.004450
0.003067
0.034034
0.004372
0.033481
0.033982
0.006362
0.002572
0.004472
0.001600
0.004978
0.003360
0.002005
0.002728
0.001833
0.031481
0.032028
0.002638
0.032196
0.005543
0.003223
0.030970
0.002160
0.003190
0.031901
0.005545
0.002689
0.003430
0.002894
0.028939
0.001798
0.003600
0.002724
0.032658
0.004124
0.003853
0.002158
0.004794
0.032264
0.001566
0.002090
0.004264
0.004207
0.002793
0.003085
0.006373
0.006977
0.002799
0.005679
0.001314
0.003799
0.003152
0.002338
0.003772
0.003773
0.005928
0.006684
0.001700
0.033335
0.033026
0.003615
0.032445
0.007960
0.005750
0.003863
