0.052778
0.060040
0.045853
0.053567
0.054499
0.047646
0.048961
0.077592
0.041877
0.063546
0.029337
0.066204
0.050445
0.052652
0.069625
0.046077
0.054086
0.050346
0.066909
0.054128
0.062639
0.068997
0.050315
0.045971
0.034822
0.083157
0.056444
0.054069
0.065484
0.075961
0.058729
0.028713
0.062954
0.042356
0.046437
0.058228
0.036693
0.044981
0.082059
0.070352
0.058891
0.061957
0.042016
0.060937
0.048678
0.045982
0.064594
0.058338
0.063164
0.059534
0.086564
0.043229
0.059858
0.052344
0.060964
0.060880
0.041409
0.050876
0.066299
0.061289
0.052511
0.063749
0.048814
0.049749
0.040823
0.050163
0.055539
0.042075
0.060565
0.047377
0.059399
0.078929
0.032520
0.045780
0.043354
0.045574
0.044304
0.060450
0.049377
0.050597
0.067717
0.053008
0.069110
0.048532
0.057523
0.051399
0.064896
0.038836
0.058151
0.040486
0.062018
0.060842
0.050582
0.054513
0.067707
0.061547
0.050934
0.084599
0.061062
0.093029
