0.007287
0.033634
0.037651
0.011718
0.012897
0.053814
0.034920
0.011971
0.026093
0.015091
0.007167
0.012731
0.032838
0.008949
0.008510
0.008846
0.007207
0.039025
0.020348
0.037315
0.022407
0.019046
0.017112
0.014162
0.009427
0.017129
0.010991
0.018813
0.031739
0.042750
0.010786
0.031127
0.039126
0.010598
0.075351
0.026020
0.007652
0.018928
0.035800
0.034849
0.039934
0.019805
0.036408
0.042487
0.007478
0.012687
0.030673
0.032636
0.019562
0.030219
0.017574
0.010248
0.023254
0.036963
0.037898
0.016236
0.038372
0.037223
0.035998
0.008344
0.018550
0.039690
0.037302
0.027382
0.017394
0.011382
0.007333
0.036061
0.015802
0.028208
0.037459
0.043456
0.009227
0.014521
0.011691
0.008098
0.013809
0.007875
0.032487
0.042065
0.033032
0.016705
0.041665
0.035306
0.011774
0.040361
0.068931
0.008377
0.010990
0.027604
0.009583
0.010831
0.021554
0.045479
0.041719
0.009382
0.015427
0.011184
0.035777
0.009087
