0.016054
0.012691
0.010881
0.012635
0.012164
0.012127
0.010390
0.011904
0.013877
0.012290
0.014105
0.013436
0.014234
0.012717
0.012604
0.012527
0.015015
0.009029
0.010523
0.012710
0.011094
0.009897
0.013384
0.010911
0.012508
0.011153
0.012211
0.012343
0.012082
0.008914
0.009619
0.012170
0.008270
0.011772
0.010292
0.008813
0.012830
0.011403
0.010119
0.010805
0.009963
0.011641
0.013458
0.012945
0.014796
0.007871
0.010719
0.012917
0.014906
0.010402
0.011335
0.013093
0.011790
0.013973
0.011516
0.011906
0.012480
0.014576
0.012555
0.012572
0.012840
0.011132
0.016406
0.010991
0.010208
0.010471
0.012574
0.012502
0.010290
0.012010
0.010831
0.014174
0.015248
0.011538
0.009723
0.014366
0.014702
0.012840
0.010889
0.010485
0.014151
0.007222
0.013434
0.012399
0.016899
0.012994
0.016415
0.012427
0.014320
0.013223
0.011409
0.011164
0.011321
0.014574
0.012722
0.012836
0.013938
0.012265
0.010529
0.012764
