0.001909
0.001557
0.001556
0.001680
0.001886
0.001867
0.001832
0.001827
0.001919
0.001634
0.001850
0.001805
0.001738
0.001714
0.001534
0.001651
0.001769
0.001600
0.001896
0.001456
0.001857
0.001690
0.001789
0.001533
0.001679
0.001702
0.001704
0.001724
0.001607
0.001604
0.001641
0.001705
0.001576
0.001700
0.001417
0.001736
0.001694
0.001540
0.001793
0.001642
0.001644
0.001757
0.001854
0.001675
0.001871
0.001753
0.001880
0.001804
0.001577
0.001662
0.001661
0.001873
0.001641
0.001643
0.001579
0.001635
0.001712
0.001663
0.001642
0.001701
0.001946
0.001770
0.001690
0.001613
0.001663
0.001685
0.001939
0.001979
0.001751
0.001820
0.001545
0.001705
0.001448
0.001602
0.001837
0.001589
0.001783
0.001779
0.001776
0.001707
0.001686
0.001740
0.001916
0.001764
0.001620
0.001698
0.001510
0.001852
0.001829
0.001578
0.001807
0.001565
0.001734
0.001697
0.001650
0.001726
0.001752
0.001757
0.001782
0.001640
