0.005763
0.002851
0.002942
0.006471
0.002577
0.006214
0.045363
0.012528
0.002706
0.003613
0.024323
0.001945
0.002491
0.002142
0.002860
0.055756
0.002697
0.005590
0.058839
0.001436
0.001163
0.007360
0.042714
0.004874
0.001953
0.004479
0.013491
0.006098
0.002212
0.002495
0.001602
0.004326
0.015152
0.001396
0.006194
0.013325
0.001622
0.006044
0.002144
0.013611
0.010137
0.004621
0.054034
0.001966
0.002185
0.003587
0.003760
0.003291
0.002250
0.020563
0.012457
0.011809
0.003097
0.003392
0.012168
0.001153
0.002298
0.049520
0.003483
0.002149
0.013102
0.013477
0.002530
0.001374
0.003422
0.000885
0.003091
0.005485
0.015725
0.016534
0.002924
0.001275
0.045878
0.003969
0.005365
0.003543
0.004132
0.001119
0.005088
0.002318
0.045878
0.002742
0.004422
0.002078
0.050277
0.003887
0.002834
0.002493
0.002073
0.003064
0.006439
0.044818
0.004031
0.013768
0.005378
0.023204
0.049630
0.002198
0.013384
0.003167
