0.004535
0.036979
0.013585
0.010928
0.055870
0.011129
0.030543
0.008818
0.012763
0.035980
0.011163
0.037668
0.023973
0.012097
0.014863
0.009229
0.009536
0.004965
0.016645
0.040111
0.028767
0.012896
0.018054
0.008103
0.029483
0.051665
0.048605
0.009941
0.024607
0.010787
0.029257
0.010978
0.010442
0.010948
0.050858
0.032041
0.037238
0.031371
0.008902
0.047398
0.057086
0.026587
0.011223
0.015432
0.008581
0.034610
0.010845
0.039782
0.055560
0.018197
0.021526
0.006882
0.016000
0.024372
0.009155
0.012335
0.009399
0.051848
0.031868
0.018299
0.014305
0.019265
0.003444
0.013604
0.020241
0.049817
0.031700
0.005608
0.010950
0.050053
0.011446
0.023882
0.033388
0.031015
0.019698
0.013658
0.004959
0.012240
0.005381
0.006526
0.012988
0.023671
0.022935
0.028972
0.010048
0.052714
0.019056
0.009802
0.039144
0.043253
0.012037
0.012011
0.045753
0.018465
0.042599
0.010731
0.087797
0.056381
0.016417
0.007795
