0.004825
0.004616
0.060940
0.000860
0.013408
0.001372
0.001761
0.001268
0.001311
0.002207
0.004154
0.001448
0.007095
0.012915
0.003734
0.002656
0.003273
0.012251
0.002538
0.059566
0.005587
0.001114
0.004965
0.001593
0.001007
0.003138
0.058906
0.004532
0.000511
0.035269
0.057584
0.001422
0.000274
0.014498
0.056632
0.003188
0.012021
0.004516
0.016661
0.002596
0.002533
0.006248
0.001506
0.003408
0.000409
0.004841
0.003029
0.012697
0.015339
0.001861
0.003126
0.002256
0.002966
0.001097
0.000868
0.001781
0.003698
0.002042
0.001254
0.001571
0.001568
0.013837
0.002273
0.004237
0.057692
0.013339
0.003324
0.002880
0.003137
0.022682
0.002343
0.004373
0.003773
0.001657
0.014688
0.015707
0.004819
0.002525
0.003306
0.001327
0.003070
0.005595
0.001732
0.059329
0.002202
0.002044
0.000578
0.001147
0.021436
0.017349
0.003045
0.014261
0.057002
0.002848
0.000757
0.002291
0.001689
0.055901
0.032520
0.006481
