0.026782
0.041918
0.031087
0.018235
0.017555
0.027385
0.030177
0.039313
0.020268
0.029513
0.027257
0.025692
0.039374
0.015910
0.028506
0.016793
0.042432
0.016760
0.035823
0.033483
0.017001
0.029457
0.035412
0.029518
0.011501
0.032177
0.046411
0.054488
0.019617
0.039320
0.026652
0.030053
0.030758
0.024748
0.022152
0.016637
0.018030
0.032001
0.020645
0.017865
0.015380
0.016287
0.033265
0.042330
0.020609
0.021856
0.032857
0.025801
0.032403
0.037598
0.029384
0.026356
0.021890
0.021430
0.023850
0.017648
0.055887
0.039567
0.065365
0.031326
0.043179
0.019091
0.021550
0.053554
0.026763
0.017560
0.030413
0.029806
0.041520
0.041738
0.032823
0.025295
0.038058
0.033885
0.022609
0.021290
0.024029
0.024616
0.031489
0.019929
0.022433
0.045289
0.020304
0.015439
0.038789
0.008467
0.011248
0.051965
0.024275
0.024794
0.033502
0.026569
0.023316
0.013747
0.049605
0.026801
0.019782
0.025278
0.015557
0.026665
