0.009404
0.003032
0.025599
0.057559
0.052582
0.007140
0.006622
0.017380
0.005164
0.008877
0.057879
0.006273
0.010168
0.006519
0.003844
0.003762
0.052461
0.048892
0.007673
0.021958
0.010231
0.043558
0.004206
0.032517
0.011301
0.011831
0.017304
0.006263
0.005697
0.015956
0.011637
0.012420
0.017888
0.013243
0.055606
0.005151
0.090420
0.009198
0.012483
0.012544
0.010898
0.010369
0.015761
0.003936
0.058263
0.067770
0.006851
0.007089
0.007954
0.003088
0.005443
0.005153
0.015309
0.005844
0.004308
0.059086
0.044617
0.019878
0.007278
0.003411
0.053144
0.011833
0.011008
0.010233
0.012009
0.013884
0.006933
0.014119
0.005084
0.005950
0.007919
0.020152
0.005866
0.009094
0.007024
0.005081
0.005984
0.012595
0.069175
0.009027
0.050258
0.006475
0.008496
0.020078
0.067761
0.012687
0.007226
0.026962
0.005566
0.009551
0.022312
0.006233
0.073819
0.062941
0.006882
0.016194
0.006522
0.069832
0.097692
0.003620
