0.598520
0.111185
0.032719
0.089281
0.684731
0.010122
0.097720
0.029440
0.241706
0.409784
0.038815
0.030662
0.232794
0.071325
0.043382
0.394895
0.083797
0.047033
0.050543
0.075610
0.442814
0.030027
0.438415
0.018686
0.055087
0.032089
0.024060
0.240117
0.023944
0.076155
0.113658
0.022103
0.181421
0.128794
0.019339
0.438077
0.027163
0.115262
0.151535
0.558941
0.136568
0.032977
0.015923
0.014025
0.360141
0.074516
0.025408
0.332738
0.081009
0.028298
0.176445
0.043652
0.044866
0.143517
0.093720
0.045659
0.307487
0.022924
0.227730
0.020053
0.058939
0.092097
0.214115
0.049959
0.369565
0.038513
0.058014
0.038585
0.288190
0.490903
0.094233
0.286131
0.014632
0.015151
0.038733
0.147986
0.045078
0.022387
0.123258
0.089872
0.024411
0.038962
0.122241
0.024124
0.066651
0.028030
0.010217
0.057589
0.397776
0.064880
0.034544
0.017965
0.031300
0.065413
0.026419
0.044673
0.050277
0.058981
0.479692
0.261314
