0.062087
0.037213
0.277921
0.105590
0.036713
0.039917
0.048630
0.117367
0.196690
0.045348
0.061260
0.043945
0.042681
0.093242
0.178222
0.366011
0.253524
0.351253
0.204153
0.515186
0.330745
0.417126
0.038656
0.217313
0.047909
0.100684
0.200182
0.162351
0.181721
0.170143
0.057123
0.372301
0.227936
0.037204
0.090036
0.227725
0.085816
0.165864
0.089188
0.051836
0.059741
0.117597
0.351711
0.122642
0.473116
0.090987
0.375281
0.136216
0.173228
0.061403
0.100136
0.090676
0.089677
0.088211
0.199930
0.076273
0.254032
0.323897
0.078804
0.143634
0.316691
0.239714
0.065614
0.123269
0.070328
0.033011
0.177438
0.059206
0.445034
0.406231
0.530658
0.044499
0.046159
0.062088
0.140812
0.089351
0.135639
0.129890
0.108434
0.054392
0.045108
0.040481
0.109407
0.230980
0.288160
0.068510
0.066294
0.060928
0.313374
0.356200
0.396429
0.158402
0.065917
0.045127
0.568824
0.112465
0.034520
0.434357
0.056537
0.051561
