0.097810
0.407701
0.627137
0.124482
0.024288
0.116619
0.524070
0.116350
0.436317
0.034819
0.089829
0.022593
0.086030
0.156260
0.497233
0.025943
0.125035
0.055833
0.089086
0.698338
0.148381
0.324952
0.211769
0.370562
0.331246
0.317187
0.314712
0.073521
0.050010
0.159053
0.024019
0.302283
0.053224
0.359627
0.202643
0.341811
0.019533
0.118017
0.033033
0.498113
0.029777
0.208724
0.486626
0.110051
0.419760
0.220890
0.770475
0.301827
0.366010
0.043495
0.127370
0.381631
0.085449
0.282088
0.237802
0.148118
0.240745
0.598399
0.111504
0.308835
0.629671
0.121056
0.034064
0.069779
0.425669
0.026423
0.195484
0.147744
0.087114
0.030573
0.784471
0.045736
0.028820
0.065341
0.098246
0.170631
0.180577
0.366769
0.254536
0.033943
0.312432
0.151893
0.411209
0.253827
0.230358
0.301496
0.070039
0.205363
0.406609
0.538544
0.138446
0.042010
0.260563
0.017314
0.140619
0.155713
0.028694
0.548904
0.021062
0.507335
