0.098678
0.068920
0.137940
0.116376
0.062731
0.083062
0.300985
0.066421
0.070321
0.060840
0.071991
0.092424
0.088881
0.054148
0.040858
0.068886
0.111121
0.086982
0.043739
0.125143
0.074159
0.124592
0.270140
0.054881
0.189749
0.077229
0.086201
0.069441
0.076327
0.186181
0.089373
0.154347
0.193214
0.073861
0.151424
0.056677
0.059845
0.217334
0.052466
0.072693
0.084313
0.061674
0.210413
0.062901
0.067203
0.059352
0.048911
0.103054
0.118984
0.348352
0.057446
0.115058
0.054878
0.062731
0.125664
0.106547
0.093276
0.052217
0.050593
0.045696
0.264175
0.068164
0.096204
0.159415
0.070460
0.190067
0.071213
0.061438
0.071911
0.071782
0.077844
0.227553
0.125610
0.155535
0.101978
0.069068
0.095645
0.094780
0.173754
0.061442
0.222146
0.098390
0.062935
0.040794
0.048576
0.090497
0.108456
0.072187
0.126563
0.194507
0.231906
0.147175
0.058367
0.074539
0.098516
0.149017
0.116736
0.286677
0.090751
0.126262
