0.060607
0.104933
0.173818
0.107595
0.056707
0.200571
0.040816
0.456849
0.178232
0.240133
0.104692
0.024653
0.038677
0.044299
0.397160
0.099764
0.141788
0.077114
0.151581
0.046089
0.495097
0.359205
0.041856
0.298741
0.102369
0.040146
0.195579
0.149565
0.301367
0.102693
0.028893
0.056517
0.091039
0.091681
0.243706
0.262442
0.179194
0.141522
0.044785
0.051066
0.057305
0.072476
0.051008
0.129956
0.053723
0.046719
0.429917
0.504855
0.153411
0.073986
0.059083
0.027586
0.060709
0.313303
0.080678
0.172368
0.303603
0.244342
0.443256
0.060870
0.212340
0.116397
0.440174
0.088084
0.263096
0.039982
0.260224
0.220451
0.160323
0.513166
0.124268
0.167321
0.209704
0.480922
0.093056
0.096533
0.340042
0.337150
0.064086
0.240116
0.111891
0.096030
0.079045
0.242735
0.081290
0.047476
0.160636
0.084975
0.319248
0.045266
0.155914
0.064066
0.037616
0.029660
0.380126
0.053650
0.035794
0.121217
0.034688
0.297133
