0.011745
0.017769
0.040643
0.012293
0.013720
0.011629
0.020762
0.011862
0.012081
0.014217
0.015098
0.012366
0.013615
0.012615
0.013308
0.013079
0.040061
0.012841
0.013409
0.013565
0.015447
0.012358
0.011727
0.011552
0.012982
0.012670
0.014392
0.011834
0.012303
0.024137
0.012278
0.017258
0.012457
0.011744
0.012710
0.011391
0.011708
0.013760
0.012694
0.031259
0.012484
0.012253
0.022176
0.013552
0.012135
0.012910
0.013437
0.012038
0.012399
0.014080
0.012898
0.013156
0.014246
0.013861
0.012402
0.015819
0.012695
0.012568
0.013006
0.015531
0.012923
0.011776
0.011989
0.012390
0.012812
0.011513
0.012060
0.011781
0.012933
0.012394
0.012295
0.011714
0.014035
0.011926
0.013686
0.046444
0.014586
0.011763
0.011816
0.034150
0.015895
0.012094
0.013667
0.013149
0.016247
0.012444
0.012059
0.011804
0.012591
0.016809
0.013361
0.012745
0.047376
0.049541
0.013056
0.011818
0.017533
0.011903
0.014791
0.012647
