0.033256
0.032979
0.043286
0.042014
0.038541
0.031370
0.038800
0.032249
0.034768
0.033873
0.034524
0.034652
0.034148
0.032521
0.040211
0.029305
0.031482
0.030201
0.035521
0.041383
0.136535
0.032362
0.041439
0.161733
0.041213
0.029769
0.045870
0.047738
0.034002
0.029277
0.065881
0.033661
0.032509
0.033670
0.033408
0.038153
0.041289
0.031927
0.036226
0.034091
0.037703
0.038569
0.034904
0.041320
0.044407
0.039815
0.036713
0.035651
0.041435
0.029203
0.036241
0.076112
0.033114
0.032018
0.042058
0.038694
0.045108
0.032236
0.034335
0.033808
0.040530
0.045659
0.047079
0.034343
0.045757
0.029441
0.066474
0.033061
0.031384
0.031104
0.034695
0.030612
0.027449
0.036424
0.031970
0.041192
0.028629
0.042007
0.033111
0.032242
0.028976
0.035512
0.030947
0.028439
0.037359
0.031886
0.036029
0.031254
0.032432
0.030900
0.041327
0.035324
0.034913
0.029513
0.035818
0.034738
0.032692
0.032125
0.031712
0.033041
