0.048372
0.079499
0.059286
0.049549
0.058098
0.059335
0.058665
0.053607
0.046863
0.052341
0.052870
0.056773
0.053444
0.061861
0.049745
0.059252
0.047280
0.055628
0.057990
0.066619
0.067617
0.047111
0.061028
0.049172
0.049618
0.054328
0.046740
0.049062
0.050524
0.049247
0.052228
0.073773
0.058178
0.069635
0.133353
0.081725
0.076177
0.055911
0.088953
0.053613
0.044479
0.045375
0.054366
0.046461
0.053039
0.081527
0.062595
0.053678
0.050037
0.052032
0.050362
0.066131
0.060627
0.049756
0.054066
0.047778
0.061514
0.054002
0.168879
0.053051
0.134244
0.048927
0.042646
0.061721
0.051883
0.055157
0.046470
0.060360
0.053423
0.051806
0.052168
0.092665
0.049469
0.050285
0.075545
0.043262
0.046118
0.048653
0.050113
0.212256
0.152421
0.097021
0.062048
0.062680
0.049576
0.046946
0.049547
0.050636
0.062546
0.089977
0.043515
0.062472
0.052244
0.049049
0.047796
0.048911
0.110726
0.048672
0.055780
0.103797
