0.040952
0.021201
0.051391
0.021619
0.023595
0.176144
0.021009
0.023652
0.020257
0.022723
0.023376
0.021818
0.022510
0.032197
0.021097
0.020179
0.022324
0.023539
0.021813
0.027860
0.022011
0.025317
0.021568
0.056668
0.024926
0.022846
0.022297
0.029601
0.022841
0.021318
0.021497
0.159526
0.021554
0.020363
0.022136
0.029198
0.019889
0.030236
0.026764
0.020539
0.024609
0.027607
0.026187
0.020912
0.020021
0.021574
0.022169
0.021935
0.020893
0.021029
0.024019
0.022161
0.023956
0.027730
0.021614
0.024873
0.021235
0.023663
0.020806
0.023599
0.025333
0.021457
0.019846
0.019872
0.019707
0.030418
0.028523
0.024443
0.020568
0.055743
0.021107
0.030088
0.023566
0.021485
0.023142
0.020779
0.021009
0.025378
0.023000
0.029328
0.020972
0.021564
0.020557
0.024285
0.020860
0.022625
0.023634
0.020756
0.022080
0.025919
0.020433
0.023246
0.167079
0.023084
0.021659
0.021404
0.022484
0.021178
0.025161
0.021665
