0.645367
0.091454
0.137092
0.149215
0.416502
0.270210
0.478526
0.122175
0.288642
0.140460
0.361685
0.172379
0.181307
0.420983
0.144955
0.311261
0.065809
0.556362
0.058746
0.236314
0.188791
0.174200
0.280048
0.525297
0.136830
0.129073
0.076713
0.372938
0.316509
0.397004
0.333659
0.175153
0.456162
0.444923
0.140995
0.155359
0.053040
0.105127
0.342433
0.516256
0.091359
0.352164
0.570161
0.371183
0.464758
0.454621
0.229838
0.125282
0.615854
0.067567
0.072488
0.322385
0.347642
0.214973
0.290791
0.442121
0.382601
0.161225
0.185919
0.115438
0.194616
0.079094
0.392957
0.178482
0.090275
0.147421
0.202178
0.331452
0.220135
0.330524
0.340416
0.140694
0.634150
0.340299
0.299791
0.500908
0.217399
0.241301
0.471495
0.143925
0.380766
0.276814
0.365592
0.206101
0.244213
0.097146
0.178984
0.215938
0.145178
0.129034
0.209919
0.191255
0.576831
0.451672
0.559465
0.301879
0.167107
0.293996
0.112473
0.140234
