0.088817
0.344689
0.148863
0.373847
0.365479
0.301649
0.252785
0.345838
0.257499
0.335358
0.276530
0.073127
0.205019
0.151871
0.243119
0.111337
0.239334
0.251105
0.050955
0.204556
0.108383
0.206011
0.288719
0.078156
0.142968
0.318680
0.396319
0.213096
0.209961
0.196737
0.151279
0.364098
0.295802
0.170419
0.284211
0.140998
0.329754
0.186636
0.310019
0.416137
0.103737
0.245275
0.058812
0.110389
0.115274
0.287648
0.259080
0.230689
0.065055
0.082431
0.466551
0.211927
0.243522
0.111790
0.299153
0.276497
0.240458
0.321042
0.098787
0.228220
0.164990
0.074462
0.284224
0.334456
0.324600
0.445380
0.077999
0.131928
0.232969
0.385977
0.164162
0.265867
0.454841
0.173140
0.214745
0.135029
0.177682
0.224199
0.185944
0.255074
0.128119
0.437568
0.197650
0.373378
0.140057
0.464898
0.379870
0.196959
0.099640
0.198397
0.100103
0.310481
0.365012
0.304323
0.407957
0.334053
0.181856
0.277039
0.150591
0.369341
