0.059680
0.177139
0.200619
0.227210
0.431582
0.587015
0.472962
0.115942
0.252325
0.275626
0.408727
0.602750
0.280262
0.115170
0.083918
0.393345
0.272663
0.195753
0.656612
0.233653
0.150593
0.241787
0.316497
0.077099
0.304328
0.450097
0.243286
0.498411
0.191802
0.131782
0.490290
0.286233
0.440039
0.256664
0.447638
0.185708
0.515135
0.103116
0.367155
0.367958
0.091565
0.364507
0.129540
0.195825
0.320728
0.480881
0.205228
0.235441
0.063392
0.376286
0.225216
0.326659
0.354475
0.365262
0.421502
0.172541
0.379620
0.375340
0.258742
0.131860
0.096591
0.064957
0.181613
0.380947
0.432982
0.210581
0.058837
0.139321
0.253849
0.511310
0.147060
0.397970
0.054093
0.401035
0.364398
0.468133
0.265463
0.351673
0.447124
0.333917
0.506191
0.068444
0.355018
0.532552
0.496002
0.453280
0.527582
0.201524
0.156300
0.224858
0.189130
0.067873
0.114557
0.354395
0.054175
0.498213
0.125328
0.308817
0.359803
0.537614
