0.109564
0.105492
0.094353
0.170356
0.086640
0.163655
0.089693
0.199071
0.163697
0.155931
0.057167
0.124741
0.084002
0.082150
0.198552
0.059259
0.151734
0.120349
0.253023
0.059459
0.133401
0.058521
0.103094
0.109226
0.229577
0.135009
0.179578
0.087391
0.093141
0.080673
0.080649
0.097274
0.114263
0.095319
0.079917
0.107174
0.179901
0.194747
0.074355
0.077350
0.075808
0.060571
0.193530
0.124543
0.171410
0.126719
0.102072
0.123105
0.237703
0.093747
0.118983
0.056242
0.089524
0.079200
0.154334
0.216516
0.077277
0.055625
0.131536
0.165927
0.076299
0.200587
0.175717
0.104362
0.184177
0.158371
0.186599
0.134689
0.087065
0.246329
0.148588
0.070447
0.158175
0.151973
0.050431
0.227118
0.110923
0.097702
0.075897
0.113290
0.067337
0.225312
0.122629
0.087228
0.080922
0.078581
0.073477
0.109072
0.081821
0.155926
0.098977
0.132034
0.102544
0.053572
0.120570
0.059499
0.209937
0.100727
0.155283
0.254893
