0.065600
0.332538
0.425966
0.272041
0.142381
0.200139
0.267676
0.356721
0.182553
0.059879
0.271811
0.486220
0.131103
0.286906
0.449272
0.112989
0.231950
0.086035
0.059669
0.196051
0.387151
0.216094
0.304907
0.045995
0.125379
0.140008
0.086066
0.087675
0.168586
0.173393
0.268582
0.098931
0.170487
0.156376
0.057230
0.058591
0.066222
0.085878
0.103292
0.341847
0.048510
0.195388
0.448562
0.123554
0.226119
0.237072
0.433063
0.206421
0.483191
0.283520
0.430683
0.125839
0.267643
0.180666
0.160832
0.114392
0.086924
0.063774
0.229081
0.047451
0.122556
0.051717
0.488694
0.282786
0.068376
0.291054
0.048306
0.144687
0.244814
0.051570
0.131151
0.262659
0.554664
0.249787
0.133878
0.378728
0.173427
0.053252
0.415935
0.318734
0.197994
0.049677
0.468892
0.135551
0.150171
0.376771
0.399679
0.154436
0.164946
0.072112
0.139927
0.180543
0.280342
0.068441
0.521955
0.233199
0.255567
0.445326
0.177676
0.103177
