0.014116
0.016748
0.013461
0.014494
0.017668
0.015637
0.017126
0.012997
0.014321
0.019481
0.012708
0.015197
0.015795
0.011409
0.014949
0.012615
0.012743
0.015678
0.015013
0.015618
0.016254
0.015879
0.012080
0.012909
0.015245
0.015769
0.015487
0.013833
0.013597
0.012936
0.015749
0.013808
0.014956
0.011332
0.016495
0.018381
0.015781
0.016806
0.018292
0.013155
0.014673
0.012721
0.012493
0.015431
0.014868
0.013431
0.014218
0.013851
0.016630
0.013903
0.018290
0.014990
0.015599
0.015067
0.015526
0.015034
0.017503
0.016993
0.013096
0.012073
0.016940
0.012741
0.015524
0.016368
0.015888
0.019349
0.014974
0.012281
0.015368
0.014056
0.017157
0.013950
0.015167
0.014146
0.016499
0.016936
0.018477
0.020457
0.020770
0.017881
0.017476
0.014845
0.016793
0.017567
0.014377
0.013394
0.011537
0.014869
0.012105
0.011903
0.012067
0.013685
0.015455
0.013215
0.016267
0.015500
0.012845
0.014712
0.015158
0.009743
