0.049611
0.051078
0.037843
0.044301
0.043123
0.029998
0.047931
0.028085
0.034057
0.034155
0.037683
0.032109
0.048892
0.042775
0.044500
0.031089
0.032191
0.037920
0.046458
0.040002
0.050506
0.041728
0.032703
0.044671
0.031448
0.042491
0.041841
0.041890
0.040737
0.042783
0.037581
0.035238
0.036322
0.036729
0.032519
0.040421
0.045520
0.039177
0.031373
0.033644
0.035703
0.051605
0.040112
0.036403
0.038162
0.029300
0.041092
0.027642
0.036595
0.045626
0.039085
0.038698
0.056610
0.038534
0.035196
0.039712
0.039063
0.038592
0.040065
0.031647
0.049845
0.043450
0.038014
0.041330
0.036342
0.041622
0.037599
0.034368
0.040282
0.037951
0.037101
0.036668
0.034255
0.041127
0.030822
0.041297
0.038298
0.050688
0.043770
0.035711
0.048549
0.041555
0.043813
0.033138
0.045713
0.049073
0.038879
0.044317
0.047102
0.031126
0.036187
0.036605
0.045711
0.047054
0.042184
0.039964
0.042291
0.038300
0.031487
0.039835
