0.005804
0.005061
0.005643
0.005353
0.005619
0.004646
0.004956
0.005641
0.005627
0.005107
0.005844
0.004959
0.005512
0.004445
0.005618
0.005809
0.004367
0.005499
0.005634
0.005614
0.005352
0.005883
0.005679
0.005511
0.005382
0.005542
0.005761
0.005428
0.005637
0.005745
0.005497
0.004759
0.005225
0.005666
0.005291
0.005758
0.004098
0.005079
0.005096
0.005859
0.005599
0.005666
0.005483
0.005421
0.005209
0.005667
0.005440
0.005420
0.005902
0.005071
0.005435
0.005874
0.005534
0.005648
0.005239
0.005831
0.005361
0.005201
0.005338
0.005937
0.005192
0.005859
0.005764
0.005857
0.005549
0.005510
0.005977
0.005624
0.005685
0.005166
0.005590
0.004709
0.005476
0.005609
0.005173
0.005706
0.005737
0.005830
0.005415
0.005038
0.005547
0.005550
0.005795
0.005613
0.005714
0.005861
0.005224
0.005160
0.005283
0.005088
0.005592
0.005497
0.005346
0.005365
0.005089
0.005310
0.005483
0.005303
0.005776
0.005561
