0.068804
0.055313
0.067396
0.044962
0.064669
0.050039
0.060566
0.065663
0.062281
0.075492
0.056700
0.042014
0.057148
0.052227
0.063569
0.046560
0.053038
0.058041
0.061577
0.060968
0.068615
0.061759
0.040167
0.063401
0.068461
0.060181
0.059194
0.058024
0.061570
0.063219
0.043888
0.041057
0.043780
0.064444
0.067405
0.059425
0.044911
0.073421
0.064789
0.053200
0.081164
0.066443
0.059988
0.058754
0.048810
0.059463
0.050334
0.069436
0.058307
0.053889
0.052225
0.078800
0.055287
0.058986
0.052631
0.073380
0.059466
0.074100
0.064327
0.050314
0.074720
0.051140
0.068741
0.052628
0.063546
0.065576
0.075280
0.058231
0.067475
0.066331
0.070620
0.049481
0.046726
0.037914
0.053796
0.058824
0.049294
0.066980
0.051675
0.055118
0.074835
0.066764
0.060812
0.057387
0.048689
0.047446
0.043998
0.062841
0.051429
0.070706
0.068656
0.068602
0.064538
0.047609
0.057230
0.085687
0.065026
0.042282
0.058028
0.052159
