0.025236
0.024240
0.023625
0.025293
0.026529
0.022418
0.022583
0.021561
0.026377
0.026740
0.025182
0.029817
0.027652
0.022107
0.024076
0.028024
0.020892
0.024913
0.024603
0.029280
0.024356
0.023563
0.022837
0.025064
0.021919
0.026132
0.029756
0.025387
0.021778
0.024270
0.023731
0.025459
0.023348
0.022112
0.023443
0.028555
0.025887
0.023679
0.025584
0.022873
0.025029
0.024249
0.026998
0.027172
0.024735
0.023334
0.022704
0.021670
0.024331
0.024595
0.023084
0.022828
0.021837
0.025073
0.022555
0.023603
0.022351
0.028296
0.026516
0.023961
0.022336
0.025206
0.020973
0.021340
0.025013
0.024549
0.023361
0.025055
0.026243
0.027112
0.027576
0.025022
0.023414
0.028544
0.028448
0.025349
0.023266
0.021493
0.022725
0.025502
0.031005
0.023871
0.026505
0.025172
0.025648
0.025433
0.027380
0.023619
0.022228
0.022804
0.024896
0.020330
0.028346
0.023501
0.027727
0.026037
0.026462
0.026554
0.021352
0.030008
