0.019813
0.025280
0.024766
0.020385
0.015101
0.024864
0.017976
0.018726
0.019861
0.011033
0.013670
0.015982
0.021942
0.019247
0.016121
0.020975
0.021046
0.023289
0.024227
0.009441
0.022286
0.018792
0.018140
0.018601
0.020618
0.020556
0.021700
0.021794
0.019550
0.016232
0.018537
0.019041
0.025819
0.011270
0.012991
0.015531
0.014216
0.021956
0.022833
0.023525
0.021150
0.014509
0.009308
0.015406
0.019087
0.019125
0.012617
0.020498
0.017758
0.014878
0.016534
0.013815
0.014925
0.022408
0.021065
0.011553
0.021840
0.026431
0.018421
0.022985
0.018500
0.008130
0.024177
0.009402
0.016285
0.017997
0.018653
0.011511
0.023056
0.020694
0.013097
0.015969
0.021501
0.020183
0.020624
0.024925
0.018175
0.023499
0.023746
0.014036
0.022041
0.012907
0.019297
0.016633
0.016639
0.015637
0.024099
0.019389
0.020651
0.011574
0.023483
0.020508
0.007054
0.013030
0.017389
0.019348
0.014307
0.023676
0.019709
0.026656
