0.045628
0.031772
0.036847
0.047905
0.042725
0.051823
0.038316
0.043424
0.052113
0.036809
0.039034
0.047306
0.042604
0.052828
0.033892
0.035773
0.031864
0.041620
0.035510
0.046821
0.049099
0.052274
0.039716
0.025209
0.047213
0.048773
0.047099
0.044349
0.036675
0.046276
0.050750
0.051584
0.039704
0.039009
0.045792
0.047324
0.041196
0.047712
0.044043
0.051023
0.051528
0.042613
0.047842
0.048083
0.045204
0.043854
0.041719
0.032193
0.041373
0.047816
0.053057
0.040921
0.038235
0.040337
0.046176
0.045325
0.048130
0.041910
0.034938
0.041405
0.058376
0.035545
0.050218
0.043373
0.048225
0.042251
0.024800
0.042244
0.035103
0.057110
0.031295
0.046232
0.035715
0.030454
0.039671
0.050899
0.047580
0.050484
0.045005
0.042697
0.050627
0.043439
0.055234
0.036052
0.044805
0.047210
0.041282
0.038194
0.039434
0.046845
0.054630
0.051327
0.049020
0.045427
0.043457
0.040443
0.043937
0.042464
0.051791
0.049564
