0.012039
0.004796
0.010778
0.003200
0.011351
0.003964
0.011243
0.002535
0.003470
0.012032
0.003096
0.002965
0.011295
0.011094
0.003164
0.002500
0.002280
0.011243
0.002463
0.012633
0.009855
0.011177
0.011531
0.009940
0.012662
0.012185
0.011941
0.004297
0.003560
0.012286
0.003193
0.011840
0.011855
0.011599
0.011600
0.011015
0.003087
0.011540
0.003282
0.012551
0.003399
0.012686
0.012035
0.010774
0.010967
0.010124
0.011629
0.003531
0.003231
0.011162
0.002906
0.012373
0.012527
0.011395
0.011514
0.003132
0.010964
0.010372
0.003912
0.010706
0.011261
0.011907
0.011370
0.003335
0.012916
0.003792
0.012314
0.012262
0.011511
0.012195
0.011467
0.011905
0.011574
0.003684
0.012179
0.012046
0.011830
0.011353
0.003794
0.011531
0.011727
0.011899
0.011590
0.002493
0.011759
0.003610
0.012010
0.010463
0.002469
0.011493
0.012702
0.010563
0.011059
0.003797
0.012344
0.010763
0.003086
0.010998
0.004139
0.010210
