0.060248
0.056913
0.059863
0.065282
0.066431
0.074465
0.062546
0.057732
0.062038
0.068597
0.053135
0.050160
0.070457
0.068040
0.071588
0.064136
0.057623
0.072060
0.056832
0.079189
0.049409
0.068502
0.056082
0.063574
0.066966
0.063387
0.075477
0.051346
0.071124
0.091156
0.056987
0.048938
0.064763
0.055010
0.058913
0.054205
0.055703
0.068260
0.079741
0.054512
0.075556
0.047327
0.055622
0.055729
0.070529
0.058733
0.069917
0.065038
0.051085
0.070280
0.063646
0.062994
0.073333
0.046820
0.041446
0.044952
0.036934
0.059136
0.052507
0.070318
0.048897
0.074044
0.056347
0.062912
0.053390
0.072184
0.058029
0.063892
0.050838
0.056982
0.048573
0.063419
0.054828
0.053103
0.057413
0.061172
0.055143
0.067034
0.056367
0.080750
0.051808
0.071443
0.045830
0.053110
0.067377
0.057465
0.077141
0.067681
0.050789
0.074406
0.053252
0.061758
0.049661
0.072784
0.051352
0.057573
0.067211
0.065182
0.045403
0.072899
