0.028817
0.018156
0.015474
0.015908
0.025514
0.018920
0.029892
0.029820
0.023147
0.033044
0.024144
0.019434
0.027571
0.031294
0.031391
0.022141
0.019700
0.023072
0.021604
0.027001
0.032748
0.031401
0.023579
0.036080
0.029285
0.029657
0.014234
0.029496
0.027219
0.028326
0.012233
0.025160
0.017664
0.032730
0.024002
0.026433
0.023143
0.028117
0.020415
0.028276
0.024457
0.019334
0.029034
0.024983
0.025214
0.024043
0.020708
0.027130
0.018157
0.024175
0.017436
0.028346
0.021575
0.029686
0.031207
0.020209
0.030473
0.025455
0.027892
0.028431
0.018584
0.034175
0.036396
0.024319
0.023221
0.021549
0.026237
0.029495
0.025978
0.024183
0.028073
0.031909
0.021010
0.029096
0.028699
0.020368
0.036905
0.031012
0.021374
0.031997
0.025704
0.021100
0.026583
0.032345
0.028399
0.020750
0.024358
0.022369
0.023258
0.036883
0.022274
0.027356
0.024023
0.021780
0.031023
0.022990
0.017133
0.027938
0.028995
0.015734
