0.158183
0.213450
0.054284
0.087035
0.062590
0.201637
0.022952
0.198001
0.192472
0.046319
0.158543
0.060954
0.134313
0.176896
0.154127
0.293417
0.049099
0.170096
0.074697
0.103692
0.123522
0.040200
0.074620
0.027752
0.130988
0.124839
0.026461
0.111949
0.221744
0.095623
0.118311
0.094023
0.132617
0.172671
0.052362
0.288856
0.096229
0.077595
0.195848
0.335826
0.080265
0.183524
0.051735
0.094298
0.108990
0.074356
0.071692
0.128696
0.122290
0.055862
0.091034
0.143433
0.096063
0.131019
0.166418
0.235580
0.153102
0.089709
0.165650
0.192333
0.058695
0.024008
0.407335
0.101186
0.106093
0.021543
0.170081
0.048474
0.074226
0.067395
0.163135
0.084729
0.078693
0.167903
0.050223
0.089401
0.082476
0.129035
0.069723
0.030802
0.020869
0.391297
0.319954
0.142840
0.149432
0.276954
0.165374
0.178055
0.160958
0.171206
0.154425
0.138484
0.077824
0.077537
0.122963
0.179680
0.122580
0.085975
0.108065
0.062683
