0.133073
0.158909
0.081387
0.175336
0.140584
0.114433
0.084359
0.086041
0.132886
0.150408
0.075705
0.113590
0.122373
0.212136
0.141411
0.138733
0.148981
0.051049
0.132742
0.117120
0.080815
0.179093
0.083350
0.072668
0.058763
0.170090
0.119670
0.075083
0.122492
0.145835
0.100706
0.179436
0.135538
0.078630
0.083173
0.063472
0.189072
0.086566
0.134081
0.310813
0.133941
0.110034
0.121968
0.083062
0.181026
0.086308
0.083793
0.188495
0.077012
0.047926
0.149680
0.142293
0.186278
0.128343
0.214946
0.132816
0.095757
0.187542
0.089295
0.174309
0.182781
0.076933
0.047600
0.082341
0.131190
0.193479
0.131486
0.122685
0.098652
0.050078
0.111874
0.150960
0.073576
0.076013
0.067500
0.148034
0.105077
0.166051
0.177183
0.181360
0.045216
0.088306
0.248062
0.163236
0.095008
0.183222
0.077196
0.169686
0.070862
0.047378
0.111488
0.120887
0.134022
0.227015
0.213570
0.059875
0.059139
0.144462
0.227972
0.119744
