0.070595
0.303352
0.084057
0.188422
0.185712
0.129826
0.046413
0.183473
0.110403
0.194774
0.052904
0.083373
0.028465
0.093862
0.048332
0.252773
0.226412
0.061688
0.172105
0.249791
0.122562
0.246094
0.060456
0.033783
0.089188
0.031846
0.136319
0.260144
0.044802
0.040505
0.098213
0.208468
0.182752
0.095236
0.103778
0.035784
0.132664
0.110575
0.035051
0.037182
0.082402
0.138724
0.165694
0.052915
0.107962
0.191980
0.064915
0.086160
0.063661
0.077589
0.158272
0.165578
0.116426
0.223197
0.232495
0.212955
0.104326
0.169096
0.175517
0.139418
0.154670
0.092186
0.148042
0.048815
0.222601
0.158631
0.062523
0.167410
0.122019
0.161899
0.192608
0.149271
0.153334
0.070091
0.085010
0.024416
0.166439
0.051968
0.136054
0.113627
0.059392
0.180513
0.189942
0.215948
0.311537
0.199268
0.218670
0.086777
0.083189
0.245905
0.114837
0.132411
0.207153
0.187580
0.135461
0.046828
0.161892
0.138540
0.180699
0.118188
