0.106864
0.096382
0.132871
0.058476
0.151135
0.087594
0.114496
0.126637
0.126362
0.087954
0.073916
0.120730
0.127076
0.088005
0.114259
0.085378
0.110695
0.089192
0.115343
0.099985
0.055786
0.086296
0.056426
0.154296
0.072874
0.050788
0.070769
0.084126
0.070693
0.091480
0.073015
0.115244
0.150581
0.103318
0.109323
0.090866
0.051426
0.059226
0.100801
0.051285
0.072615
0.093789
0.073412
0.074948
0.134542
0.076087
0.101318
0.169221
0.092752
0.065926
0.103719
0.086505
0.096705
0.085751
0.093246
0.043341
0.108014
0.098853
0.124807
0.064673
0.125273
0.056642
0.058573
0.068661
0.074677
0.053135
0.097515
0.127587
0.094368
0.125243
0.079683
0.089360
0.137862
0.146497
0.122424
0.147473
0.083086
0.059752
0.122760
0.141029
0.104658
0.114240
0.118932
0.115588
0.084149
0.098119
0.052338
0.068000
0.106021
0.066402
0.062143
0.088986
0.087955
0.048299
0.095981
0.083915
0.123822
0.061679
0.062275
0.115357
