0.260147
0.135903
0.214093
0.230652
0.099542
0.135392
0.065349
0.125208
0.071418
0.107084
0.174344
0.227503
0.150588
0.067686
0.142015
0.037148
0.072246
0.046277
0.164450
0.223847
0.136198
0.222188
0.136537
0.132610
0.174025
0.068366
0.143380
0.166511
0.165877
0.152684
0.135828
0.072129
0.158433
0.054245
0.134523
0.130364
0.090613
0.109527
0.100163
0.055002
0.175732
0.078438
0.186505
0.170675
0.126592
0.091396
0.130966
0.090876
0.044032
0.168839
0.245747
0.068043
0.111311
0.103825
0.135777
0.140117
0.187866
0.142225
0.105614
0.121649
0.020819
0.053308
0.113030
0.048249
0.088785
0.162997
0.176328
0.154730
0.244769
0.043288
0.190974
0.216463
0.111934
0.204932
0.102889
0.041077
0.094421
0.124209
0.126449
0.112287
0.082604
0.257859
0.203345
0.046297
0.119843
0.085110
0.124722
0.072183
0.106666
0.156990
0.210166
0.105998
0.121211
0.141257
0.136873
0.152466
0.120039
0.160355
0.133751
0.121559
