0.011606
0.009578
0.002207
0.010367
0.011876
0.008639
0.009061
0.014693
0.006058
0.019464
0.012461
0.016420
0.010649
0.014438
0.004461
0.008491
0.016507
0.008894
0.021019
0.008828
0.010831
0.011339
0.010200
0.013462
0.011886
0.011696
0.008931
0.011956
0.010531
0.011103
0.007096
0.013899
0.018888
0.012571
0.012246
0.011870
0.013695
0.009811
0.021168
0.007221
0.011439
0.011809
0.011999
0.007416
0.005272
0.010969
0.024215
0.025940
0.016138
0.011127
0.011793
0.008893
0.023849
0.011436
0.019081
0.010711
0.017407
0.004745
0.013931
0.008153
0.008141
0.008225
0.008283
0.011996
0.007977
0.006983
0.018070
0.019079
0.014057
0.002936
0.013153
0.011320
0.015184
0.017339
0.018785
0.010521
0.011105
0.009115
0.015437
0.005031
0.011176
0.009217
0.011595
0.021606
0.006840
0.006523
0.015645
0.011225
0.006093
0.017209
0.014519
0.014369
0.010081
0.018662
0.012969
0.017511
0.011382
0.014463
0.002758
0.001497
