0.002595
0.004082
0.003247
0.003656
0.004203
0.002751
0.004594
0.003797
0.002602
0.003822
0.003426
0.002780
0.003775
0.003620
0.003696
0.003580
0.003666
0.003517
0.003154
0.002807
0.003601
0.003285
0.002437
0.002686
0.003241
0.004276
0.003765
0.003577
0.003756
0.004050
0.003814
0.004272
0.003908
0.004078
0.002742
0.003235
0.003264
0.003402
0.003711
0.003657
0.002825
0.002487
0.003153
0.002670
0.003238
0.003963
0.002881
0.003808
0.002656
0.003534
0.003173
0.004024
0.003251
0.003087
0.003553
0.003643
0.003621
0.003784
0.003013
0.003768
0.003622
0.003209
0.003551
0.003820
0.002941
0.003777
0.004237
0.003096
0.003009
0.004168
0.003159
0.003486
0.003471
0.003682
0.004361
0.003684
0.003512
0.004075
0.002937
0.003991
0.003041
0.003515
0.003838
0.002825
0.002887
0.003081
0.002882
0.002546
0.003923
0.003522
0.003689
0.003009
0.003131
0.004506
0.004171
0.002277
0.002403
0.003396
0.002786
0.004154
