0.016065
0.012702
0.012414
0.012635
0.012696
0.012155
0.011511
0.011907
0.013877
0.012279
0.014105
0.013580
0.014342
0.012771
0.014038
0.012529
0.015015
0.009334
0.010517
0.012713
0.011184
0.010130
0.013591
0.010912
0.012508
0.011803
0.012239
0.012460
0.012083
0.008918
0.009623
0.012170
0.012861
0.011772
0.010292
0.008830
0.012830
0.011407
0.011486
0.010810
0.011494
0.011759
0.013461
0.012945
0.014797
0.007871
0.010798
0.012917
0.014906
0.010547
0.011336
0.013518
0.011794
0.013973
0.012748
0.012302
0.012481
0.014578
0.012560
0.012572
0.012840
0.011137
0.016406
0.012293
0.010216
0.010472
0.012574
0.012503
0.010823
0.012010
0.010838
0.014174
0.015234
0.011541
0.009814
0.014366
0.014705
0.013474
0.010893
0.010494
0.014151
0.007222
0.013434
0.012827
0.016900
0.012994
0.016415
0.012695
0.014320
0.013274
0.011679
0.013513
0.011321
0.014574
0.012725
0.012836
0.013941
0.012265
0.011159
0.014008
