0.002200
0.001656
0.001813
0.001760
0.002070
0.002069
0.002112
0.001743
0.001934
0.001745
0.002027
0.002035
0.001885
0.001961
0.001590
0.001675
0.002095
0.001770
0.002015
0.001752
0.001937
0.001706
0.001937
0.001705
0.001811
0.001859
0.001790
0.001806
0.001766
0.001742
0.001871
0.001944
0.001632
0.001745
0.001581
0.001641
0.001920
0.001572
0.001933
0.001730
0.002164
0.001875
0.001810
0.001710
0.002119
0.001747
0.001902
0.002030
0.001660
0.001800
0.001609
0.002028
0.001885
0.001733
0.001842
0.001804
0.001887
0.001750
0.001645
0.001739
0.001917
0.001895
0.001719
0.001720
0.001758
0.001868
0.002074
0.001986
0.001782
0.001889
0.001640
0.001846
0.001485
0.001839
0.002055
0.001773
0.002037
0.001776
0.001708
0.001891
0.001704
0.001809
0.001912
0.001767
0.001791
0.001762
0.001629
0.001905
0.002226
0.001736
0.001937
0.001646
0.001816
0.001628
0.001946
0.002060
0.002000
0.001730
0.002032
0.001888
