0.008789
0.007441
0.004873
0.007001
0.007236
0.016832
0.007771
0.018198
0.018433
0.005806
0.015018
0.004413
0.004313
0.018849
0.014535
0.004754
0.020841
0.007412
0.006523
0.018577
0.016280
0.007341
0.016086
0.005861
0.004823
0.015389
0.015451
0.017015
0.008132
0.020727
0.016299
0.014788
0.014813
0.014861
0.014795
0.016900
0.006997
0.016571
0.004416
0.004515
0.004762
0.018822
0.015465
0.008957
0.004817
0.004405
0.016133
0.006182
0.015673
0.006898
0.013959
0.008363
0.017660
0.003974
0.016974
0.007381
0.015173
0.008547
0.018850
0.013881
0.016035
0.005725
0.008611
0.019504
0.015838
0.007914
0.013929
0.005664
0.015238
0.008937
0.015350
0.004261
0.015598
0.007669
0.014926
0.007196
0.005035
0.020623
0.020278
0.015353
0.017951
0.004655
0.014395
0.016018
0.007610
0.015954
0.017172
0.014188
0.014506
0.014809
0.004732
0.005267
0.015827
0.013904
0.006951
0.019059
0.007345
0.007749
0.007056
0.005546
