0.047341
0.034103
0.024344
0.023306
0.028218
0.037263
0.030175
0.029974
0.030457
0.036041
0.036294
0.039900
0.030885
0.030854
0.039290
0.026878
0.031699
0.029699
0.040616
0.026802
0.029639
0.035105
0.039630
0.530696
0.044415
0.027720
0.028184
0.038587
0.059053
0.029417
0.028922
0.032282
0.034386
0.033826
0.033611
0.038621
0.033277
0.030252
0.036878
0.128746
0.021614
0.031966
0.023576
0.027134
0.029146
0.027211
0.028865
0.041534
0.029206
0.028969
0.027201
0.042917
0.039336
0.034558
0.024165
0.030004
0.030907
0.024091
0.030543
0.030952
0.024632
0.039305
0.026291
0.025097
0.027174
0.031625
0.034821
0.027337
0.036199
0.038950
0.033403
0.023803
0.017796
0.029882
0.033859
0.028323
0.036401
0.037183
0.018594
0.042666
0.025634
0.029832
0.028495
0.035981
0.024182
0.039461
0.042439
2.720640
0.030776
0.030143
0.030734
0.032229
0.028922
0.031392
0.027002
0.028577
0.039343
0.026402
0.031260
0.027709
