0.030960
0.030042
0.040583
0.034382
0.033644
0.030965
0.027191
0.027762
0.040392
0.029358
0.035784
0.028168
0.028372
0.027787
0.031803
0.033121
0.033432
0.033146
0.028986
0.031982
0.035516
0.029446
0.037514
0.050164
0.036401
0.033069
0.034348
0.032002
0.035750
0.041570
0.030356
0.032967
0.034409
0.037080
0.045470
0.028330
0.043970
0.031157
0.041982
0.030321
0.033925
0.038392
0.034955
0.027697
0.027200
0.024288
0.028802
0.033274
0.047460
0.026435
0.029549
0.033258
0.027665
0.027803
0.038743
0.038839
0.039463
0.028030
0.043174
0.029967
0.039618
0.032077
0.031757
0.039542
0.032692
0.032309
0.025827
0.028769
0.032797
0.032594
0.037676
0.041361
0.040080
0.024751
0.041092
0.032368
0.034800
0.035405
0.031520
0.029056
0.037447
0.036367
0.031165
0.029011
0.030737
0.030678
0.034035
0.037189
0.032425
0.039298
0.031532
0.028705
0.025254
0.038974
0.033154
0.032941
0.038420
0.033909
0.023931
0.028907
