0.328147
0.040237
0.025215
0.008614
0.036570
0.023211
0.020918
0.019771
0.013656
0.024087
0.034009
0.017233
0.018141
0.013278
0.015936
0.052695
0.024525
0.018120
0.019561
0.017626
0.025982
0.029980
0.012808
0.021292
0.028257
0.014131
0.011295
0.018853
0.020675
0.031500
0.031085
0.026296
0.020037
0.024825
0.030477
0.019810
0.023780
0.029602
0.036542
0.024408
0.017334
0.034802
0.030462
0.028843
0.024085
0.684341
0.025263
0.009533
0.023218
0.019113
0.016737
0.012151
0.011868
0.032222
0.015340
0.020654
0.031401
0.029257
0.028606
0.074394
0.010469
0.018310
0.031110
0.012507
0.030670
0.028815
0.015626
0.018941
0.018307
0.020712
0.027989
0.019599
0.078841
0.023304
0.023016
0.025938
0.021998
0.038473
0.027062
0.931298
0.114138
0.014935
0.029115
0.017984
0.034181
1.742480
0.027990
0.022446
0.024826
0.017800
1.920405
0.059746
0.009524
0.029181
0.025610
0.028932
0.008152
0.021480
0.031366
0.008662
