0.002431
0.014547
0.003363
0.003111
0.003326
0.011635
0.013492
0.003394
0.003819
0.003584
0.014071
0.003241
0.002468
0.013428
0.004832
0.002635
0.004221
0.002820
0.005476
0.005438
0.003324
0.010437
0.012865
0.008938
0.004478
0.007895
0.008809
0.004151
0.011165
0.003344
0.003584
0.005456
0.002566
0.006868
0.004733
0.007184
0.003104
0.007772
0.017206
0.004533
0.003657
0.010494
0.007485
0.007816
0.002304
0.010293
0.012758
0.005397
0.008708
0.008196
0.012933
0.005840
0.007325
0.009610
0.006271
0.004210
0.002389
0.002186
0.007983
0.011252
0.005488
0.006260
0.005757
0.003694
0.004974
0.008625
0.005711
0.012804
0.013036
0.014788
0.003872
0.005318
0.007149
0.003797
0.012022
0.005232
0.013461
0.005328
0.003204
0.003157
0.003841
0.010784
0.014709
0.002442
0.004750
0.004734
0.003409
0.004468
0.005558
0.008202
0.004194
0.007553
0.004033
0.005487
0.005808
0.013901
0.007524
0.003776
0.009044
0.002767
