0.001629
0.001738
0.001735
0.001592
0.001578
0.001826
0.001867
0.001732
0.001814
0.001648
0.001836
0.001788
0.001464
0.001616
0.001451
0.001514
0.001750
0.001721
0.001449
0.001491
0.001706
0.001848
0.001808
0.001579
0.001553
0.001839
0.001825
0.001833
0.001591
0.001876
0.001616
0.001812
0.001720
0.001542
0.001778
0.001473
0.001706
0.001743
0.001536
0.001661
0.001724
0.001505
0.001562
0.001394
0.001894
0.001567
0.001518
0.001501
0.001670
0.001571
0.001769
0.001917
0.001536
0.001558
0.001535
0.001600
0.001562
0.001557
0.001596
0.001689
0.001735
0.001631
0.001869
0.001718
0.001733
0.001792
0.001551
0.001606
0.001325
0.001439
0.001785
0.001607
0.001489
0.001692
0.001631
0.001580
0.001842
0.001617
0.001865
0.001683
0.001556
0.001826
0.001627
0.001864
0.001491
0.001579
0.001605
0.001672
0.001675
0.001752
0.001738
0.001591
0.001507
0.001695
0.001741
0.001655
0.001852
0.001979
0.001918
0.001530
