0.057086
0.080073
0.064922
0.370924
0.384933
0.153030
0.501989
0.498592
0.065890
0.044996
0.414474
0.051924
0.177077
0.070334
0.179324
0.056850
0.319419
0.156802
0.357187
0.089717
0.047260
0.073670
0.358120
0.269935
0.536501
0.511533
0.541397
0.445253
0.076927
0.042974
0.334870
0.557209
0.554175
0.246186
0.494436
0.064198
0.339644
0.542430
0.501400
0.403131
0.239802
0.496000
0.062834
0.414527
0.091020
0.047020
0.069663
0.403882
0.235861
0.387089
0.444755
0.457300
0.453101
0.046516
0.060778
0.499428
0.054548
0.122676
0.214881
0.247945
0.050435
0.450898
0.464944
0.099382
0.258117
0.062514
0.477484
0.055709
0.304187
0.045412
0.365487
0.055295
0.442232
0.463627
0.074782
0.403512
0.162850
0.518475
0.272782
0.407493
0.080109
0.493797
0.101872
0.084685
0.504905
0.459868
0.096679
0.384806
0.049778
0.053155
0.297479
0.432615
0.430846
0.060802
0.446840
0.288513
0.557236
0.067019
0.216162
0.501500
