0.213038
0.339844
0.041641
0.037889
0.145596
0.066241
0.082542
0.749727
0.621945
0.034533
0.352078
0.706151
0.212944
0.041613
0.046849
0.098989
0.085673
0.072000
0.494720
0.759626
0.035746
0.041274
0.179713
0.024892
0.623598
0.045753
0.050381
0.053870
0.737939
0.039071
0.350419
0.159085
0.761283
0.618043
0.745484
0.056511
0.580692
0.033624
0.044540
0.065624
0.192132
0.047357
0.048548
0.501828
0.042466
0.076101
0.402897
0.049969
0.231440
0.600280
0.203998
0.084299
0.036076
0.747036
0.038816
0.064144
0.200661
0.086503
0.038201
0.403497
0.064548
0.698526
0.037312
0.035945
0.035655
0.059835
0.634164
0.050602
0.476648
0.026658
0.075934
0.796902
0.036546
0.712917
0.430925
0.746930
0.050648
0.744594
0.752721
0.676594
0.607247
0.059355
0.789122
0.089697
0.678947
0.670053
0.084697
0.170301
0.027078
0.505257
0.289906
0.050476
0.534264
0.039648
0.660964
0.493602
0.032732
0.796864
0.271076
0.727566
