0.194114
0.161742
0.272094
0.291978
0.094170
0.078129
0.127779
0.182153
0.126315
0.287735
0.277684
0.102623
0.089163
0.111523
0.114158
0.312913
0.142359
0.123020
0.164827
0.137842
0.136805
0.189172
0.149328
0.189247
0.314181
0.276236
0.293416
0.206611
0.286604
0.179903
0.263475
0.300258
0.162974
0.254361
0.287790
0.157861
0.241523
0.151528
0.142823
0.248734
0.107773
0.261105
0.294312
0.075075
0.179585
0.107227
0.069267
0.083708
0.094613
0.109671
0.077136
0.250741
0.271090
0.183142
0.188122
0.284730
0.098771
0.143353
0.078596
0.071498
0.169875
0.157205
0.132112
0.081789
0.268277
0.294839
0.301857
0.105535
0.132090
0.099549
0.204892
0.160300
0.298905
0.280368
0.090215
0.276479
0.070185
0.292208
0.121599
0.146915
0.222417
0.082734
0.301393
0.237336
0.237025
0.232838
0.216030
0.061403
0.164636
0.122003
0.141573
0.084186
0.090343
0.241349
0.249806
0.107361
0.177994
0.311793
0.122094
0.191371
