0.116876
0.506872
0.552770
0.473092
0.051014
0.167031
0.402105
0.304674
0.203240
0.040613
0.386137
0.053197
0.100882
0.050389
0.434823
0.041334
0.100132
0.119318
0.058431
0.084054
0.034630
0.050345
0.281869
0.386968
0.604992
0.508931
0.584712
0.492724
0.070611
0.384581
0.063796
0.644275
0.621983
0.081414
0.607454
0.572484
0.062809
0.606925
0.039197
0.046770
0.177405
0.602166
0.138017
0.118191
0.038114
0.421884
0.096145
0.037178
0.076985
0.382028
0.130099
0.528622
0.531583
0.037989
0.047364
0.068551
0.173504
0.037541
0.392101
0.107890
0.045299
0.585358
0.538444
0.038722
0.040160
0.089647
0.060457
0.066170
0.473033
0.563931
0.387367
0.045521
0.034119
0.300886
0.432364
0.583309
0.500221
0.626742
0.464800
0.046156
0.071131
0.055893
0.035004
0.576419
0.300957
0.313818
0.284395
0.187879
0.044340
0.035745
0.264909
0.533425
0.424120
0.096515
0.562943
0.074914
0.496285
0.669341
0.217936
0.171466
