0.032660
0.032684
0.029839
0.030582
0.034640
0.028092
0.035998
0.038921
0.034094
0.031586
0.035832
0.026627
0.051981
0.070037
0.033384
0.034372
0.029178
0.046983
0.036581
0.028506
0.029192
0.042459
0.035475
0.031927
0.026362
0.031254
0.032447
0.034389
0.035178
0.032345
0.030381
0.026184
0.026964
0.038079
0.026420
0.030152
0.028526
0.029387
0.040698
0.029907
0.031674
0.030910
0.040443
7.058449
0.032461
0.029699
0.035015
0.051810
0.032609
0.031611
0.031053
0.042386
0.028357
0.047662
0.030135
0.034663
0.026454
0.029409
0.027973
0.029201
0.035351
0.032690
0.040556
0.029800
0.034159
0.029419
0.029290
0.033604
0.078482
0.032403
0.031884
0.031494
0.029529
0.039669
0.030720
0.033943
0.040439
0.034274
0.054450
0.027385
0.030643
0.028530
0.029946
0.031079
0.040195
0.027778
0.031940
0.033833
0.029809
0.032120
0.030738
0.031313
0.027058
0.033018
0.029743
0.032537
0.047978
0.027508
0.044438
0.027618
