0.009865
0.006373
0.010097
0.539496
0.010978
0.010755
0.010834
0.009941
0.013119
0.010641
0.011719
0.011231
0.009614
0.009393
0.010525
0.012201
0.011006
0.009882
0.009370
0.010153
1.240706
0.032268
0.010507
0.010355
0.010498
0.010091
0.010354
0.009717
0.007452
0.010432
0.010123
0.400100
0.011070
0.010017
0.009781
0.010741
0.009906
0.010871
0.010122
0.010085
0.011198
0.009464
0.010545
0.009924
0.010495
0.003423
0.010664
0.010597
0.009986
0.009619
0.011068
0.010262
0.004007
0.010056
0.009849
0.010788
0.010786
0.009730
0.010843
0.009534
0.009818
0.010040
0.010817
0.010617
0.009699
0.009310
0.010460
0.009567
0.009860
0.023922
0.009858
0.009989
0.011164
0.009701
0.017384
0.010522
0.011403
0.010828
7.842622
1.651137
0.009494
0.003723
0.009977
0.010164
0.005073
0.010376
0.010208
0.009776
0.580298
0.009889
0.010936
0.009892
2.852399
0.010149
0.010675
0.005256
0.009743
0.008873
0.009785
0.003656
