0.049763
0.051718
0.052321
0.052065
0.041363
0.032738
0.044456
0.041444
0.055178
0.045048
0.055678
0.051776
0.046445
0.048132
0.048501
0.039144
0.041974
0.067855
0.048529
0.046333
0.040671
0.039523
0.043404
0.049379
0.034544
0.057405
0.048468
0.046709
0.048235
0.038849
0.042677
0.052032
0.434003
0.054512
0.044219
0.090842
0.059990
0.057146
0.042767
0.053634
0.054184
0.045184
0.042575
0.039367
0.052845
0.047666
0.051675
0.049500
0.050592
0.068105
0.053897
0.043747
0.050074
0.034969
0.160830
0.041614
0.043352
0.047805
0.089318
0.038027
0.044180
0.042441
0.034355
0.060606
0.045153
0.078451
0.044744
0.052680
0.044220
0.047088
0.047706
0.052527
0.041583
0.046385
0.036279
0.050190
0.052766
0.046154
0.079627
0.049309
0.044584
0.044915
0.057927
0.064578
0.041964
0.040263
0.045999
0.044478
0.047221
0.041529
0.044615
0.041528
0.035902
0.044760
0.036504
0.063090
0.035159
0.036214
0.036145
0.059396
