0.021942
0.014587
0.017880
0.022651
0.025611
0.021469
0.024421
0.018916
0.020508
0.023425
0.016854
0.067575
0.352877
0.015439
0.017058
0.024011
0.045547
0.023263
0.022846
0.026842
0.019351
0.024974
0.023391
0.024803
0.021374
0.017588
0.024861
0.039780
0.020921
0.025031
0.022876
0.025218
0.021063
0.023438
0.018278
0.028890
0.022951
0.017580
0.017244
0.020692
0.017731
0.024546
0.022622
0.018180
0.020703
0.021118
0.021875
0.017153
0.020950
0.023291
0.016793
0.022954
0.022830
0.017421
0.018300
0.023677
0.024240
0.022810
0.018872
0.022785
0.020428
0.022320
0.020203
0.022746
0.022214
0.023631
0.024209
0.029358
0.031140
0.016909
0.021604
0.024458
0.019719
0.017748
0.015440
0.022224
0.018030
0.023700
0.035225
0.022637
0.017266
0.022905
0.028615
0.016494
0.020572
0.023928
0.019616
0.022870
0.029364
0.022169
0.024438
0.020280
0.020700
0.024194
0.029040
0.029308
0.024647
0.019506
0.023633
0.021434
