0.217069
0.367865
0.099846
0.389151
0.159477
0.299867
0.013084
0.647170
0.337366
0.100370
0.618024
0.312531
0.142349
0.310010
0.035079
0.804721
0.025864
0.714273
0.272949
0.239898
0.265149
0.484952
0.220705
0.340756
0.515321
0.335457
0.568445
0.466647
0.330414
0.116703
0.478432
0.715811
0.176953
0.043025
0.339084
0.059506
0.220731
0.629416
0.045293
0.244071
0.069855
0.143288
0.199877
0.345989
0.269619
0.354600
0.521798
0.398998
0.040492
0.477445
0.176626
0.057802
0.647605
0.005566
0.454602
0.040859
0.150352
0.092330
0.301585
0.267890
0.532289
0.091826
0.407895
0.271297
0.042237
0.163383
0.227972
0.102544
0.353622
0.247148
0.202609
0.815773
0.121693
0.411365
0.217503
0.072094
0.280989
0.582480
0.099042
0.206949
0.617865
0.078675
0.246838
0.170885
0.319691
0.206629
0.396884
0.257356
0.337197
0.276245
0.679173
0.635062
0.659180
0.033027
0.352616
0.221397
0.131364
0.389825
0.307890
0.018671
