0.244484
0.212594
0.273109
0.122820
0.139018
0.179903
0.271843
0.236798
0.072322
0.097775
0.098539
0.191034
0.295862
0.070451
0.611813
0.565074
0.065782
0.062238
0.153039
0.202048
0.147089
0.056545
0.187512
0.201417
0.100193
0.185063
0.438781
0.172884
0.132850
0.288328
0.405224
0.212539
0.127157
0.061955
0.204570
0.499440
0.075545
0.410822
0.032576
0.207803
0.216338
0.077569
0.050889
0.143281
0.162973
0.192143
0.071608
0.431586
0.413175
0.060813
0.240485
0.056456
0.654311
0.081001
0.357260
0.589975
0.120263
0.314086
0.100694
0.175861
0.222072
0.203575
0.314024
0.061971
0.113386
0.112371
0.260844
0.520719
0.088417
0.276405
0.341037
0.053279
0.136644
0.223083
0.185799
0.168425
0.147074
0.311714
0.043867
0.167591
0.446917
0.218570
0.055067
0.249921
0.331940
0.337401
0.089073
0.092853
0.237431
0.224142
0.320711
0.451937
0.072764
0.071266
0.041691
0.128012
0.242884
0.303502
0.195098
0.052530
