0.388533
0.059039
0.466635
0.222151
0.393580
0.474879
0.722152
0.544969
0.091615
0.620403
0.094359
0.220442
0.322171
0.095571
0.623349
0.877172
0.647168
0.050845
0.500083
0.294431
0.215875
0.135220
0.297917
0.258210
0.359295
0.139461
0.393520
0.044763
0.201527
0.543621
0.115505
0.591323
0.401277
0.110864
0.371457
0.077868
0.285534
0.063619
0.127090
0.170661
0.261954
0.102674
0.132422
0.416372
0.333165
0.453731
0.047420
0.769766
0.055328
0.070287
0.105169
0.195983
0.239532
0.352232
0.288054
0.731027
0.200541
0.100663
0.089297
0.174254
0.109416
0.658813
0.130648
0.199695
0.587459
0.399938
0.362413
0.035965
0.130518
0.738265
0.339103
0.037216
0.304395
0.131320
0.294276
0.402061
0.102781
0.122995
0.542233
0.240458
0.705550
0.471023
0.382300
0.102888
0.412852
0.159054
0.295899
0.215327
0.264511
0.357351
0.661213
0.049257
0.562628
0.160121
0.065128
0.453797
0.302512
0.289687
0.307979
0.043631
