0.093175
0.120932
0.160346
0.074689
0.126539
0.109241
0.102837
0.162458
0.077700
0.130228
0.165629
0.068353
0.096378
0.096537
0.192005
0.395600
0.209801
0.166623
0.076986
0.117535
0.094272
0.159366
0.125436
0.082059
0.089245
0.086987
0.128160
0.216372
0.121131
0.195044
0.109433
0.093205
0.116927
0.201045
0.141864
0.142879
0.246532
0.122313
0.138001
0.144445
0.127708
0.124228
0.070271
0.107424
0.085047
0.107768
0.158580
0.131517
0.104226
0.137031
0.107834
0.197411
0.061434
0.083291
0.083234
0.210090
0.051301
0.119076
0.105289
0.135185
0.134698
0.085817
0.136970
0.069048
0.137146
0.073257
0.118154
0.083396
0.110814
0.174773
0.130958
0.201690
0.100707
0.170345
0.147856
0.056752
0.135499
0.078613
0.198480
0.135608
0.241457
0.192655
0.186051
0.100701
0.085413
0.089617
0.065307
0.146085
0.121640
0.075201
0.114962
0.287569
0.065952
0.285458
0.267185
0.085042
0.145755
0.096911
0.092681
0.360224
