0.181046
0.354367
0.414548
0.232419
0.143752
0.159425
0.147980
0.091931
0.216329
0.441564
0.088682
0.303644
0.161613
0.304086
0.034150
0.676869
0.037000
0.113066
0.231198
0.197229
0.250547
0.036559
0.198303
0.210000
0.353480
0.238366
0.202629
0.043399
0.170175
0.126489
0.502294
0.069580
0.328989
0.043812
0.133480
0.152706
0.204926
0.043144
0.565794
0.210543
0.120642
0.235032
0.172472
0.070563
0.177121
0.105435
0.059204
0.250864
0.668679
0.309261
0.268099
0.062115
0.065933
0.063241
0.162502
0.033596
0.170917
0.092863
0.123323
0.461860
0.068220
0.129653
0.268845
0.142100
0.029002
0.139524
0.262902
0.064057
0.143072
0.189309
0.192588
0.633226
0.278749
0.074858
0.118783
0.036967
0.109863
0.468052
0.116069
0.304909
0.063724
0.273282
0.092494
0.299684
0.129759
0.381333
0.180384
0.044202
0.172749
0.127107
0.464366
0.585622
0.469612
0.063988
0.072588
0.218960
0.237101
0.254833
0.245814
0.031893
