0.011624
0.009701
0.011083
0.010395
0.011919
0.008707
0.009226
0.014796
0.006214
0.019099
0.012481
0.016351
0.010800
0.014454
0.004578
0.008609
0.016326
0.008950
0.020966
0.008933
0.010943
0.011403
0.010309
0.013496
0.011882
0.011700
0.009048
0.012001
0.010630
0.011128
0.007179
0.013896
0.018823
0.012516
0.012308
0.011883
0.013706
0.009917
0.020933
0.007373
0.011487
0.011866
0.012068
0.007613
0.005384
0.010998
0.024013
0.025484
0.016091
0.011210
0.011855
0.008922
0.023743
0.011468
0.018983
0.010709
0.017425
0.004914
0.014010
0.008206
0.008351
0.008411
0.008362
0.012005
0.008064
0.007123
0.017908
0.019083
0.014086
0.011285
0.013153
0.011449
0.015019
0.017314
0.018549
0.010534
0.011038
0.009088
0.015335
0.005144
0.011312
0.009343
0.011619
0.021301
0.007019
0.006695
0.015664
0.011264
0.006229
0.017192
0.014534
0.014330
0.010138
0.018513
0.012907
0.017461
0.011383
0.014467
0.010015
0.010085
