0.031270
0.031918
0.032674
0.036630
0.039835
0.031860
0.037256
0.034805
0.038310
0.031751
0.029447
0.027147
0.044340
0.036051
0.038080
0.034603
0.028845
0.029822
0.033568
0.035185
0.030136
0.033113
0.033163
0.040492
0.033562
0.032566
0.032717
0.030337
0.031345
0.034681
0.028048
0.030710
0.033092
0.033576
0.041057
0.038742
0.036192
0.033196
0.034991
0.035354
0.034907
0.028369
0.033944
0.028027
0.040568
0.031612
0.029570
0.027686
0.027552
0.037576
0.038823
0.028437
0.027124
0.031526
0.028579
0.026881
0.038603
0.028939
0.034002
0.031864
0.033816
0.027489
0.032037
0.037601
0.032868
0.037397
0.029515
0.035545
0.038445
0.029994
0.031068
0.031524
0.036325
0.032702
0.032083
0.034736
0.032059
0.033166
0.037259
0.028880
0.036405
0.032160
0.027326
0.029180
0.032616
0.035464
0.034352
0.039572
0.027722
0.032978
0.039237
0.030456
0.030507
0.033105
0.027775
0.033697
0.036088
0.035478
0.030824
0.034018
