0.002481
0.008760
0.008967
0.013236
0.010321
0.005663
0.010781
0.006461
0.003238
0.005332
0.007540
0.002158
0.005838
0.003789
0.010146
0.008512
0.006176
0.004883
0.002835
0.008268
0.002398
0.003508
0.005001
0.003732
0.003947
0.002415
0.004816
0.010207
0.007680
0.012077
0.017354
0.005425
0.008983
0.001785
0.001033
0.000597
0.005815
0.003651
0.006685
0.002199
0.002954
0.005153
0.001675
0.003170
0.008700
0.003212
0.013660
0.003769
0.002771
0.001967
0.003778
0.002293
0.001410
0.003341
0.001760
0.003652
0.002473
0.005872
0.008788
0.010534
0.008199
0.003269
0.002086
0.005504
0.005156
0.009312
0.011491
0.004817
0.001987
0.007258
0.002710
0.001863
0.002181
0.012570
0.001665
0.007946
0.003783
0.010583
0.002215
0.008556
0.000834
0.006684
0.005029
0.002696
0.006659
0.005254
0.002789
0.002158
0.006174
0.012500
0.009387
0.008125
0.002150
0.004038
0.010393
0.000430
0.006712
0.001658
0.000567
0.016206
