0.017879
0.019450
0.020145
0.021625
0.021622
0.022961
0.023739
0.025222
0.021163
0.021868
0.021063
0.018271
0.023246
0.020783
0.018925
0.016256
0.021007
0.017764
0.025307
0.022861
0.019413
0.021482
0.019362
0.022369
0.020067
0.016711
0.018839
0.022321
0.015748
0.019731
0.016653
0.016405
0.018751
0.015551
0.019101
0.019484
0.020348
0.019522
0.025518
0.022034
0.019011
0.018793
0.022709
0.015058
0.028031
0.017545
0.020611
0.018684
0.015610
0.017766
0.018319
0.018923
0.019802
0.017297
0.023728
0.016907
0.020517
0.020680
0.025523
0.016799
0.022594
0.022796
0.018519
0.017756
0.018276
0.021687
0.017274
0.021331
0.021138
0.016452
0.021271
0.014129
0.015928
0.017258
0.022495
0.019783
0.017602
0.019760
0.021480
0.015569
0.018436
0.018812
0.021659
0.016197
0.020065
0.025122
0.018479
0.019351
0.024838
0.019182
0.018351
0.014342
0.019167
0.019748
0.016862
0.019164
0.018687
0.017291
0.019886
0.019064
