0.025529
0.065471
0.013115
0.029654
0.105078
0.067144
0.040579
0.008795
0.046114
0.080429
0.016507
0.125903
0.026373
0.065323
0.041212
0.014992
0.062794
0.010109
0.011164
0.017038
0.046090
0.043416
0.060911
0.130924
0.016788
0.051553
0.024618
0.030970
0.023675
0.036069
0.021895
0.045284
0.011739
0.065525
0.011349
0.006210
0.016103
0.053933
0.021749
0.012471
0.022047
0.084076
0.015754
0.010859
0.012682
0.058632
0.052141
0.039762
0.035899
0.020358
0.031072
0.014785
0.044217
0.017796
0.089614
0.016426
0.056138
0.025782
0.052632
0.018998
0.059502
0.020450
0.018082
0.086777
0.016013
0.023841
0.060628
0.022734
0.072462
0.006566
0.010444
0.050837
0.032504
0.017708
0.055732
0.041931
0.085416
0.032313
0.034532
0.011691
0.025925
0.005280
0.043991
0.024364
0.042696
0.009752
0.059493
0.040100
0.080270
0.023426
0.063625
0.046926
0.020282
0.049026
0.013352
0.097680
0.013090
0.050313
0.084293
0.017465
