0.067229
0.040290
0.063272
0.038179
0.044266
0.036772
0.038067
0.044049
0.111104
0.034722
0.033864
0.029211
0.035360
0.050589
0.044141
0.037888
0.039250
0.062247
0.083973
0.050856
0.057315
0.027958
0.059857
0.063986
0.037315
0.034055
0.067912
0.031833
0.046125
0.050165
0.042676
0.030083
0.035015
0.050920
0.049510
0.027897
0.045902
0.033213
0.099848
0.057921
0.052053
0.099481
0.042007
0.036248
0.038897
0.034054
0.064889
0.041794
0.042861
0.035851
0.048172
0.033378
0.032684
0.042628
0.054385
0.066662
0.041327
0.044205
0.043464
0.034081
0.097573
0.044366
0.045520
0.070671
0.033707
0.045624
0.056298
0.047505
0.036153
0.065127
0.033211
0.054951
0.039665
0.027732
0.046575
0.034415
0.092203
0.108441
0.074666
0.069380
0.064570
0.037901
0.042718
0.045876
0.049132
0.041702
0.088527
0.045830
0.099961
0.055219
0.057597
0.097758
0.064729
0.038952
0.035138
0.056848
0.066302
0.037480
0.039792
0.034655
