0.025400
0.010137
0.032788
0.016353
0.064162
0.051797
0.032808
0.030410
0.159596
0.060799
0.049532
0.023831
0.059646
0.067892
0.033158
0.019307
0.077276
0.048306
0.083857
0.056020
0.026225
0.027390
0.062754
0.097894
0.053310
0.040505
0.066653
0.038465
0.020090
0.018103
0.041905
0.018995
0.066551
0.046455
0.043484
0.082200
0.052316
0.016108
0.041480
0.044475
0.099474
0.053094
0.041067
0.050664
0.022696
0.009684
0.046264
0.067769
0.023556
0.067453
0.091764
0.038568
0.005565
0.032865
0.041293
0.060773
0.047862
0.030176
0.076261
0.056541
0.034506
0.043133
0.065871
0.091668
0.045665
0.060501
0.066993
0.091571
0.033555
0.026799
0.052744
0.042245
0.025000
0.040078
0.021108
0.022191
0.081581
0.035331
0.025043
0.042340
0.033998
0.007137
0.055703
0.030033
0.010638
0.046376
0.045571
0.038215
0.036534
0.039487
0.074943
0.071524
0.018395
0.020852
0.059148
0.009767
0.038039
0.072276
0.038298
0.006901
