0.034237
0.038667
0.037062
0.055770
0.033587
0.035940
0.042171
0.037065
0.040834
0.041126
0.061697
0.045293
0.043740
0.048210
0.043216
0.042055
0.037063
0.056670
0.042914
0.045715
0.035539
0.040157
0.041667
0.058326
0.033397
0.055194
0.028367
0.036565
0.065621
0.041629
0.033486
0.041402
0.041190
0.067542
0.042119
0.040148
0.043775
0.048971
0.038925
0.060292
0.062257
0.048097
0.038729
0.043101
0.035863
0.046468
0.054278
0.041082
0.037762
0.052097
0.038494
0.049216
0.038480
0.032823
0.081915
0.052534
0.040932
0.064823
0.039685
0.042049
0.035940
0.051338
0.033074
0.076269
0.042156
0.052334
0.046196
0.050395
0.044643
0.039366
0.049153
0.046567
0.067305
0.051922
0.035867
0.038853
0.050672
0.036633
0.040522
0.035521
0.039502
0.046031
0.039176
0.039385
0.043740
0.061231
0.042470
0.048132
0.059970
0.042642
0.059342
0.041515
0.044943
0.053563
0.036649
0.066976
0.040317
0.032864
0.031896
0.051776
