0.050890
0.018751
0.021314
0.073289
0.029855
0.037152
0.055282
0.019440
0.034048
0.090738
0.020001
0.034666
0.032544
0.025049
0.026158
0.038852
0.037220
0.115234
0.038002
0.066907
0.024407
0.054447
0.026799
0.083478
0.068845
0.021922
0.055328
0.056822
0.027241
0.030186
0.022945
0.076947
0.033505
0.037015
0.028097
0.071838
0.087137
0.022561
0.040630
0.045921
0.017655
0.095448
0.035506
0.030328
0.032059
0.046130
0.022015
0.021612
0.024674
0.051495
0.015966
0.035875
0.032767
0.022256
0.021122
0.058994
0.108354
0.042951
0.027521
0.046479
0.033991
0.077070
0.059290
0.060078
0.042859
0.104514
0.082963
0.083380
0.063318
0.028271
0.046995
0.039120
0.040971
0.039411
0.021052
0.039692
0.021217
0.059587
0.033739
0.075533
0.038306
0.036522
0.032061
0.020223
0.026362
0.084200
0.021714
0.033948
0.095155
0.048785
0.130852
0.037683
0.044037
0.051862
0.041363
0.028524
0.030978
0.077059
0.040932
0.042234
