0.002127
0.001911
0.002020
0.001905
0.002231
0.002128
0.001883
0.002102
0.002089
0.001929
0.002118
0.001806
0.002100
0.002076
0.002053
0.001863
0.002140
0.002045
0.002091
0.002113
0.002033
0.002138
0.002051
0.002074
0.002194
0.001999
0.002306
0.002113
0.001958
0.002086
0.001879
0.001859
0.001978
0.002075
0.001815
0.001927
0.002002
0.002053
0.002014
0.001976
0.001891
0.002079
0.002163
0.001880
0.002009
0.002149
0.002000
0.001906
0.001900
0.001899
0.001997
0.002140
0.002021
0.002037
0.001863
0.002048
0.002041
0.002239
0.002349
0.002293
0.002071
0.001947
0.002102
0.002349
0.002105
0.001932
0.001964
0.001979
0.002257
0.002003
0.001869
0.002202
0.001816
0.002144
0.001828
0.001863
0.002343
0.002056
0.002011
0.002056
0.001927
0.001950
0.001886
0.001933
0.002082
0.002143
0.002146
0.001948
0.001817
0.002101
0.001880
0.001939
0.001948
0.001862
0.001932
0.002004
0.002191
0.002016
0.002046
0.001932
