Width;204
Height;357
POS;X;Y
1;0;0
2;0;5
3;0;14
4;0;22
5;0;30
6;0;38
7;0;45
8;0;53
9;0;62
10;0;69
11;0;74
12;0;81
13;0;89
14;0;97
15;0;105
16;0;113
17;0;121
18;0;128
19;0;136
20;0;143
21;0;151
22;0;159
23;0;168
24;0;173
25;0;182
26;0;190
27;0;198
28;0;202
29;0;213
30;0;221
31;0;226
32;0;237
33;0;241
34;0;250
35;0;259
36;0;268
37;0;275
38;0;283
39;0;290
40;0;297
41;0;306
42;0;310
43;0;318
44;0;326
45;0;332
46;0;342
47;0;350
48;7;356
49;7;355
50;7;345
51;7;337
52;7;329
53;7;321
54;7;316
55;7;308
56;7;297
57;7;288
58;7;281
59;7;275
60;7;267
61;7;259
62;7;251
63;7;244
64;7;236
65;7;230
66;7;224
67;7;214
68;7;205
69;7;197
70;7;190
71;7;187
72;7;175
73;7;168
74;7;161
75;7;155
76;7;146
77;7;138
78;7;129
79;7;121
80;7;115
81;7;109
82;7;99
83;7;92
84;7;84
85;7;75
86;7;68
87;7;60
88;7;53
89;7;45
90;7;38
91;7;30
92;7;21
93;7;13
94;7;6
95;14;0
96;14;4
97;14;11
98;14;19
99;14;26
100;14;34
101;14;42
102;14;51
103;14;57
104;14;66
105;14;74
106;14;81
107;14;89
108;14;98
109;14;101
110;14;112
111;14;116
112;14;127
113;14;135
114;14;144
115;14;152
116;14;159
117;14;167
118;14;170
119;14;182
120;14;186
121;14;197
122;14;206
123;14;209
124;14;218
125;14;226
126;14;232
127;14;241
128;14;249
129;14;260
130;14;265
131;14;272
132;14;280
133;14;285
134;14;295
135;14;303
136;14;311
137;14;318
138;14;326
139;14;335
140;14;343
141;14;349
142;22;356
143;22;350
144;22;343
145;22;336
146;22;327
147;22;319
148;22;312
149;22;304
150;22;295
151;22;287
152;22;281
153;22;274
154;22;264
155;22;257
156;22;249
157;22;244
158;22;235
159;22;226
160;22;222
161;22;214
162;22;206
163;22;197
164;22;189
165;22;183
166;22;172
167;22;166
168;22;157
169;22;150
170;22;143
171;22;136
172;22;129
173;22;120
174;22;113
175;22;103
176;22;96
177;22;89
178;22;81
179;22;73
180;22;64
181;22;61
182;22;52
183;22;43
184;22;37
185;22;31
186;22;19
187;22;13
188;22;6
189;29;0
190;29;1
191;29;7
192;29;15
193;29;22
194;29;30
195;29;37
196;29;44
197;29;53
198;29;58
199;29;66
200;29;74
201;29;82
202;29;89
203;29;96
204;29;104
205;29;113
206;29;120
207;29;128
208;29;138
209;29;146
210;29;152
211;29;161
212;29;168
213;29;174
214;29;183
215;29;191
216;29;200
217;29;205
218;29;212
219;29;221
220;29;230
221;29;236
222;29;244
223;29;253
224;29;260
225;29;268
226;29;274
227;29;282
228;29;290
229;29;296
230;29;304
231;29;311
232;29;320
233;29;326
234;29;334
235;29;340
236;29;349
237;37;356
238;37;355
239;37;350
240;37;341
241;37;335
242;37;328
243;37;319
244;37;310
245;37;304
246;37;297
247;37;288
248;37;281
249;37;273
250;37;266
251;37;258
252;37;251
253;37;244
254;37;235
255;37;227
256;37;221
257;37;212
258;37;204
259;37;197
260;37;187
261;37;181
262;37;176
263;37;168
264;37;160
265;37;153
266;37;143
267;37;138
268;37;128
269;37;122
270;37;115
271;37;106
272;37;98
273;37;90
274;37;83
275;37;75
276;37;67
277;37;57
278;37;52
279;37;44
280;37;36
281;37;30
282;37;21
283;37;12
284;45;0
285;45;5
286;45;13
287;45;21
288;45;29
289;45;36
290;45;46
291;45;53
292;45;58
293;45;67
294;45;74
295;45;83
296;45;89
297;45;96
298;45;104
299;45;111
300;45;121
301;45;127
302;45;135
303;45;142
304;45;150
305;45;159
306;45;168
307;45;174
308;45;181
309;45;191
310;45;199
311;45;204
312;45;214
313;45;220
314;45;228
315;45;235
316;45;243
317;45;251
318;45;259
319;45;268
320;45;274
321;45;278
322;45;290
323;45;298
324;45;306
325;45;315
326;45;321
327;45;327
328;45;336
329;45;340
330;45;350
331;52;356
332;52;355
333;52;348
334;52;344
335;52;336
336;52;328
337;52;320
338;52;312
339;52;306
340;52;298
341;52;289
342;52;280
343;52;272
344;52;265
345;52;259
346;52;249
347;52;243
348;52;235
349;52;226
350;52;219
351;52;211
352;52;205
353;52;199
354;52;190
355;52;182
356;52;173
357;52;165
358;52;158
359;52;154
360;52;144
361;52;137
362;52;128
363;52;119
364;52;112
365;52;104
366;52;98
367;52;89
368;52;83
369;52;74
370;52;65
371;52;60
372;52;53
373;52;45
374;52;38
375;52;29
376;52;22
377;52;14
378;52;6
379;60;0
380;60;5
381;60;12
382;60;22
383;60;30
384;60;38
385;60;44
386;60;53
387;60;60
388;60;67
389;60;76
390;60;82
391;60;90
392;60;96
393;60;107
394;60;113
395;60;121
396;60;130
397;60;137
398;60;144
399;60;153
400;60;155
401;60;166
402;60;175
403;60;182
404;60;187
405;60;198
406;60;205
407;60;212
408;60;222
409;60;229
410;60;236
411;60;245
412;60;252
413;60;259
414;60;266
415;60;276
416;60;281
417;60;291
418;60;297
419;60;304
420;60;314
421;60;319
422;60;326
423;60;334
424;60;345
425;60;350
426;67;356
427;67;351
428;67;343
429;67;336
430;67;327
431;67;319
432;67;314
433;67;307
434;67;298
435;67;288
436;67;281
437;67;274
438;67;265
439;67;257
440;67;250
441;67;245
442;67;237
443;67;226
444;67;222
445;67;214
446;67;207
447;67;198
448;67;189
449;67;183
450;67;174
451;67;166
452;67;160
453;67;149
454;67;144
455;67;134
456;67;127
457;67;123
458;67;113
459;67;105
460;67;98
461;67;90
462;67;84
463;67;73
464;67;67
465;67;59
466;67;52
467;67;45
468;67;36
469;67;28
470;67;21
471;67;13
472;75;0
473;75;7
474;75;11
475;75;20
476;75;28
477;75;35
478;75;43
479;75;51
480;75;59
481;75;67
482;75;75
483;75;84
484;75;92
485;75;97
486;75;106
487;75;115
488;75;121
489;75;130
490;75;138
491;75;143
492;75;153
493;75;159
494;75;167
495;75;175
496;75;183
497;75;191
498;75;198
499;75;207
500;75;214
501;75;221
502;75;228
503;75;236
504;75;242
505;75;252
506;75;259
507;75;264
508;75;275
509;75;283
510;75;290
511;75;295
512;75;306
513;75;310
514;75;321
515;75;326
516;75;334
517;75;342
518;82;356
519;82;350
520;82;342
521;82;335
522;82;326
523;82;319
524;82;311
525;82;303
526;82;294
527;82;287
528;82;281
529;82;272
530;82;264
531;82;258
532;82;249
533;82;241
534;82;237
535;82;227
536;82;221
537;82;213
538;82;206
539;82;198
540;82;187
541;82;180
542;82;174
543;82;167
544;82;159
545;82;152
546;82;144
547;82;136
548;82;129
549;82;118
550;82;113
551;82;106
552;82;97
553;82;89
554;82;82
555;82;73
556;82;66
557;82;59
558;82;51
559;82;45
560;82;35
561;82;27
562;82;19
563;82;13
564;90;0
565;90;5
566;90;15
567;90;22
568;90;30
569;90;38
570;90;43
571;90;53
572;90;60
573;90;66
574;90;76
575;90;82
576;90;91
577;90;99
578;90;106
579;90;116
580;90;123
581;90;127
582;90;138
583;90;144
584;90;152
585;90;158
586;90;166
587;90;173
588;90;181
589;90;189
590;90;197
591;90;207
592;90;213
593;90;218
594;90;228
595;90;238
596;90;244
597;90;252
598;90;260
599;90;267
600;90;276
601;90;283
602;90;291
603;90;295
604;90;307
605;90;311
606;90;320
607;90;330
608;90;335
609;90;340
610;90;350
611;98;356
612;98;350
613;98;343
614;98;335
615;98;327
616;98;319
617;98;312
618;98;304
619;98;297
620;98;289
621;98;281
622;98;272
623;98;265
624;98;257
625;98;250
626;98;241
627;98;238
628;98;229
629;98;221
630;98;214
631;98;203
632;98;198
633;98;191
634;98;180
635;98;172
636;98;168
637;98;157
638;98;150
639;98;144
640;98;137
641;98;127
642;98;122
643;98;113
644;98;106
645;98;96
646;98;90
647;98;83
648;98;75
649;98;67
650;98;58
651;98;50
652;98;43
653;98;36
654;98;28
655;98;22
656;98;13
657;105;0
658;105;1
659;105;4
660;105;13
661;105;20
662;105;27
663;105;36
664;105;46
665;105;51
666;105;61
667;105;65
668;105;76
669;105;82
670;105;89
671;105;97
672;105;105
673;105;112
674;105;120
675;105;128
676;105;136
677;105;145
678;105;151
679;105;157
680;105;166
681;105;175
682;105;181
683;105;190
684;105;197
685;105;204
686;105;212
687;105;219
688;105;228
689;105;235
690;105;245
691;105;250
692;105;260
693;105;264
694;105;276
695;105;282
696;105;288
697;105;297
698;105;305
699;105;314
700;105;320
701;105;327
702;105;336
703;105;342
704;113;356
705;113;349
706;113;342
707;113;334
708;113;327
709;113;318
710;113;311
711;113;303
712;113;296
713;113;288
714;113;280
715;113;272
716;113;268
717;113;259
718;113;250
719;113;244
720;113;235
721;113;227
722;113;221
723;113;214
724;113;207
725;113;196
726;113;188
727;113;180
728;113;177
729;113;168
730;113;158
731;113;150
732;113;144
733;113;136
734;113;129
735;113;121
736;113;114
737;113;104
738;113;100
739;113;90
740;113;83
741;113;74
742;113;67
743;113;59
744;113;51
745;113;44
746;113;35
747;113;28
748;113;20
749;113;13
750;120;0
751;120;6
752;120;15
753;120;21
754;120;28
755;120;36
756;120;44
757;120;53
758;120;58
759;120;67
760;120;75
761;120;82
762;120;91
763;120;100
764;120;105
765;120;115
766;120;122
767;120;130
768;120;137
769;120;145
770;120;152
771;120;158
772;120;168
773;120;176
774;120;181
775;120;190
776;120;198
777;120;207
778;120;214
779;120;220
780;120;229
781;120;236
782;120;242
783;120;249
784;120;257
785;120;267
786;120;275
787;120;280
788;120;290
789;120;298
790;120;305
791;120;311
792;120;317
793;120;327
794;120;337
795;120;342
796;120;348
797;128;356
798;128;355
799;128;350
800;128;341
801;128;333
802;128;328
803;128;318
804;128;312
805;128;303
806;128;294
807;128;288
808;128;281
809;128;273
810;128;266
811;128;256
812;128;250
813;128;243
814;128;235
815;128;227
816;128;220
817;128;215
818;128;205
819;128;197
820;128;188
821;128;184
822;128;173
823;128;165
824;128;159
825;128;152
826;128;144
827;128;133
828;128;126
829;128;121
830;128;113
831;128;104
832;128;95
833;128;90
834;128;82
835;128;75
836;128;65
837;128;59
838;128;51
839;128;43
840;128;36
841;128;27
842;128;21
843;128;13
844;135;0
845;135;1
846;135;8
847;135;13
848;135;19
849;135;26
850;135;37
851;135;45
852;135;51
853;135;61
854;135;68
855;135;75
856;135;82
857;135;90
858;135;98
859;135;107
860;135;113
861;135;119
862;135;129
863;135;136
864;135;144
865;135;152
866;135;159
867;135;168
868;135;176
869;135;183
870;135;191
871;135;199
872;135;202
873;135;213
874;135;220
875;135;226
876;135;236
877;135;241
878;135;250
879;135;259
880;135;267
881;135;273
882;135;278
883;135;289
884;135;296
885;135;305
886;135;311
887;135;320
888;135;329
889;135;335
890;135;343
891;135;350
892;143;356
893;143;350
894;143;342
895;143;335
896;143;327
897;143;318
898;143;311
899;143;305
900;143;299
901;143;288
902;143;281
903;143;276
904;143;265
905;143;259
906;143;250
907;143;242
908;143;234
909;143;228
910;143;221
911;143;211
912;143;205
913;143;197
914;143;191
915;143;182
916;143;174
917;143;168
918;143;159
919;143;151
920;143;142
921;143;136
922;143;129
923;143;121
924;143;113
925;143;105
926;143;96
927;143;88
928;143;81
929;143;74
930;143;66
931;143;58
932;143;50
933;143;43
934;143;35
935;143;29
936;143;19
937;143;14
938;143;6
939;150;0
940;150;5
941;150;15
942;150;22
943;150;29
944;150;37
945;150;43
946;150;53
947;150;59
948;150;66
949;150;75
950;150;82
951;150;91
952;150;98
953;150;104
954;150;113
955;150;122
956;150;129
957;150;137
958;150;145
959;150;152
960;150;160
961;150;168
962;150;174
963;150;184
964;150;187
965;150;195
966;150;205
967;150;211
968;150;221
969;150;227
970;150;235
971;150;244
972;150;251
973;150;259
974;150;268
975;150;275
976;150;281
977;150;289
978;150;297
979;150;304
980;150;312
981;150;319
982;150;328
983;150;336
984;150;344
985;150;349
986;158;356
987;158;351
988;158;341
989;158;334
990;158;329
991;158;321
992;158;313
993;158;305
994;158;298
995;158;289
996;158;281
997;158;276
998;158;268
999;158;259
1000;158;251
1001;158;243
1002;158;234
1003;158;228
1004;158;220
1005;158;212
1006;158;203
1007;158;197
1008;158;189
1009;158;181
1010;158;174
1011;158;165
1012;158;158
1013;158;154
1014;158;143
1015;158;134
1016;158;127
1017;158;119
1018;158;115
1019;158;107
1020;158;100
1021;158;91
1022;158;81
1023;158;73
1024;158;68
1025;158;60
1026;158;52
1027;158;45
1028;158;37
1029;158;29
1030;158;21
1031;158;15
1032;158;7
1033;166;0
1034;166;6
1035;166;11
1036;166;22
1037;166;29
1038;166;33
1039;166;43
1040;166;51
1041;166;57
1042;166;66
1043;166;74
1044;166;81
1045;166;89
1046;166;98
1047;166;106
1048;166;112
1049;166;121
1050;166;129
1051;166;136
1052;166;143
1053;166;151
1054;166;160
1055;166;167
1056;166;174
1057;166;182
1058;166;191
1059;166;198
1060;166;204
1061;166;210
1062;166;218
1063;166;229
1064;166;237
1065;166;241
1066;166;250
1067;166;255
1068;166;263
1069;166;272
1070;166;282
1071;166;285
1072;166;295
1073;166;306
1074;166;310
1075;166;319
1076;166;326
1077;166;334
1078;166;341
1079;166;349
1080;173;356
1081;173;351
1082;173;343
1083;173;335
1084;173;328
1085;173;321
1086;173;312
1087;173;303
1088;173;296
1089;173;289
1090;173;282
1091;173;273
1092;173;267
1093;173;259
1094;173;253
1095;173;244
1096;173;235
1097;173;227
1098;173;220
1099;173;212
1100;173;207
1101;173;198
1102;173;189
1103;173;182
1104;173;173
1105;173;166
1106;173;158
1107;173;151
1108;173;143
1109;173;134
1110;173;129
1111;173;119
1112;173;111
1113;173;107
1114;173;99
1115;173;91
1116;173;83
1117;173;76
1118;173;68
1119;173;57
1120;173;53
1121;173;44
1122;173;37
1123;173;29
1124;173;22
1125;173;14
1126;173;6
1127;181;0
1128;181;1
1129;181;5
1130;181;14
1131;181;21
1132;181;29
1133;181;37
1134;181;44
1135;181;53
1136;181;62
1137;181;69
1138;181;75
1139;181;83
1140;181;91
1141;181;98
1142;181;103
1143;181;114
1144;181;120
1145;181;130
1146;181;137
1147;181;144
1148;181;152
1149;181;159
1150;181;166
1151;181;175
1152;181;183
1153;181;191
1154;181;198
1155;181;203
1156;181;212
1157;181;219
1158;181;228
1159;181;234
1160;181;243
1161;181;250
1162;181;258
1163;181;265
1164;181;275
1165;181;280
1166;181;289
1167;181;296
1168;181;304
1169;181;308
1170;181;318
1171;181;328
1172;181;335
1173;181;341
1174;188;356
1175;188;355
1176;188;351
1177;188;340
1178;188;336
1179;188;325
1180;188;322
1181;188;313
1182;188;304
1183;188;295
1184;188;290
1185;188;282
1186;188;274
1187;188;267
1188;188;259
1189;188;252
1190;188;243
1191;188;236
1192;188;228
1193;188;220
1194;188;215
1195;188;204
1196;188;197
1197;188;189
1198;188;182
1199;188;173
1200;188;166
1201;188;160
1202;188;151
1203;188;143
1204;188;135
1205;188;128
1206;188;121
1207;188;115
1208;188;104
1209;188;96
1210;188;92
1211;188;81
1212;188;76
1213;188;68
1214;188;61
1215;188;51
1216;188;45
1217;188;37
1218;188;30
1219;188;22
1220;188;12
1221;188;9
1222;196;0
1223;196;1
1224;196;5
1225;196;13
1226;196;22
1227;196;28
1228;196;36
1229;196;44
1230;196;51
1231;196;59
1232;196;67
1233;196;74
1234;196;80
1235;196;89
1236;196;98
1237;196;105
1238;196;113
1239;196;122
1240;196;129
1241;196;136
1242;196;145
1243;196;150
1244;196;160
1245;196;168
1246;196;175
1247;196;183
1248;196;190
1249;196;198
1250;196;206
1251;196;213
1252;196;220
1253;196;228
1254;196;235
1255;196;243
1256;196;253
1257;196;260
1258;196;267
1259;196;276
1260;196;284
1261;196;290
1262;196;296
1263;196;304
1264;196;315
1265;196;318
1266;196;327
1267;196;334
1268;196;343
1269;203;356
1270;203;348
1271;203;344
1272;203;333
1273;203;330
1274;203;321
1275;203;314
1276;203;302
1277;203;295
1278;203;289
1279;203;282
1280;203;277
1281;203;266
1282;203;258
1283;203;250
1284;203;243
1285;203;235
1286;203;231
1287;203;220
1288;203;214
1289;203;205
1290;203;198
1291;203;191
1292;203;182
1293;203;176
1294;203;166
1295;203;160
1296;203;152
1297;203;144
1298;203;136
1299;203;128
1300;203;120
1301;203;113
1302;203;106
1303;203;96
1304;203;89
1305;203;81
1306;203;73
1307;203;65
1308;203;58
1309;203;49
1310;203;46
1311;203;37
1312;203;30
1313;203;20
1314;203;15
