0.012109
0.014295
0.012657
0.013496
0.012483
0.013887
0.011944
0.012581
0.012904
0.012632
0.012202
0.013689
0.014275
0.015029
0.012631
0.013610
0.014746
0.012599
0.013442
0.013043
0.012549
0.012940
0.014679
0.012273
0.013461
0.011877
0.013602
0.011834
0.011943
0.013531
0.013758
0.012686
0.012954
0.013303
0.012400
0.013744
0.014388
0.013524
0.012180
0.013988
0.013726
0.013314
0.014565
0.013305
0.012929
0.011793
0.013982
0.014364
0.013230
0.013868
0.013481
0.013715
0.013826
0.012024
0.013317
0.012480
0.012037
0.014495
0.013695
0.013074
0.013179
0.015098
0.011457
0.012445
0.013340
0.013771
0.014262
0.011721
0.013416
0.013932
0.014038
0.013403
0.012919
0.014177
0.011708
0.013716
0.013766
0.013157
0.013577
0.013057
0.012406
0.014170
0.013898
0.013022
0.013001
0.013794
0.012898
0.011573
0.013614
0.012362
0.013365
0.013924
0.013322
0.014429
0.013692
0.013085
0.013717
0.014240
0.013580
0.014265
