0.035391
0.035418
0.035347
0.037118
0.036268
0.034131
0.038700
0.033943
0.036892
0.035975
0.036663
0.034821
0.037276
0.036749
0.036671
0.036477
0.036157
0.036680
0.038136
0.037589
0.034985
0.034793
0.035689
0.035165
0.035790
0.035907
0.037177
0.035189
0.034155
0.036995
0.037070
0.033170
0.034403
0.035671
0.037261
0.036426
0.035919
0.036195
0.035505
0.033866
0.035897
0.035370
0.037161
0.037300
0.036508
0.033789
0.035701
0.038193
0.037853
0.036647
0.035172
0.038479
0.034931
0.034865
0.038610
0.037708
0.036181
0.036918
0.036876
0.035353
0.036709
0.034136
0.037098
0.037230
0.036316
0.037760
0.036703
0.036427
0.036526
0.036998
0.036080
0.035654
0.035524
0.034546
0.036106
0.036577
0.036931
0.033523
0.036208
0.034769
0.036355
0.037002
0.035123
0.037311
0.038909
0.037119
0.035099
0.033742
0.033895
0.036461
0.035508
0.035571
0.034961
0.035093
0.037609
0.037214
0.036304
0.035971
0.035215
0.036206
