0.004739
0.005234
0.005388
0.004395
0.005758
0.005996
0.003992
0.006156
0.004745
0.005459
0.004107
0.003973
0.004700
0.004873
0.005443
0.005577
0.005250
0.005172
0.004017
0.005807
0.006190
0.004507
0.004669
0.004893
0.004847
0.005773
0.005556
0.005577
0.005458
0.005636
0.002898
0.005828
0.003549
0.006632
0.006257
0.005046
0.005773
0.006013
0.003119
0.006597
0.005344
0.006205
0.005883
0.004330
0.006002
0.004830
0.005909
0.005517
0.004413
0.004946
0.005058
0.005247
0.006024
0.004131
0.005499
0.005579
0.006358
0.003932
0.005460
0.006426
0.005862
0.005882
0.005889
0.004288
0.005241
0.004520
0.005760
0.006493
0.004184
0.004017
0.004780
0.004596
0.004951
0.005458
0.005677
0.005506
0.004963
0.005855
0.006073
0.005593
0.006160
0.004345
0.005608
0.005935
0.005287
0.006757
0.005084
0.003454
0.005061
0.006058
0.005407
0.005148
0.004808
0.006300
0.004597
0.004598
0.004778
0.005705
0.004832
0.004202
