0.057243
0.056312
0.058955
0.057762
0.057496
0.056156
0.055145
0.056362
0.058348
0.055623
0.058307
0.057545
0.058282
0.058961
0.056534
0.055632
0.058418
0.057157
0.058121
0.057698
0.057091
0.056770
0.060794
0.057495
0.057709
0.057652
0.058756
0.058089
0.058074
0.057318
0.058253
0.055927
0.057055
0.058161
0.055825
0.057955
0.059349
0.056454
0.059069
0.057269
0.056792
0.055550
0.055945
0.057321
0.057962
0.055896
0.055647
0.056878
0.056037
0.057052
0.057069
0.058099
0.057799
0.057352
0.059744
0.056444
0.059663
0.056479
0.058451
0.057417
0.059609
0.058611
0.059319
0.055014
0.055794
0.060391
0.057485
0.057947
0.059780
0.057790
0.058042
0.056528
0.058735
0.057229
0.056066
0.056343
0.058236
0.057062
0.055681
0.056239
0.056841
0.057524
0.058263
0.057723
0.059049
0.057554
0.056674
0.055380
0.056682
0.057383
0.056976
0.057449
0.055028
0.057189
0.057438
0.058824
0.058610
0.056952
0.056848
0.059002
