0.020290
0.020861
0.019440
0.019858
0.019058
0.019634
0.018294
0.020671
0.020585
0.019962
0.020357
0.019512
0.019543
0.019276
0.019972
0.020845
0.018443
0.019275
0.020159
0.018895
0.019609
0.019050
0.018787
0.020675
0.020184
0.020101
0.019630
0.018861
0.019600
0.019659
0.020756
0.018931
0.020205
0.020734
0.019951
0.020186
0.019627
0.019234
0.019429
0.020010
0.019442
0.019482
0.020190
0.020164
0.019989
0.019626
0.020500
0.019856
0.019777
0.019211
0.019981
0.020277
0.019614
0.019331
0.019615
0.020453
0.020205
0.019921
0.019242
0.018879
0.019601
0.019573
0.020333
0.019771
0.020047
0.021259
0.019629
0.019657
0.019990
0.019166
0.019371
0.020249
0.019482
0.019265
0.019600
0.019099
0.019914
0.020040
0.019858
0.019781
0.018641
0.020243
0.020276
0.019926
0.019675
0.018904
0.019645
0.019118
0.019600
0.020401
0.019372
0.019802
0.019376
0.020102
0.020341
0.019025
0.019624
0.019884
0.019958
0.019314
