0.081050
0.290409
0.076870
0.134115
0.137310
0.054188
0.205162
0.204832
0.098107
0.140336
0.161587
0.282831
0.166065
0.134204
0.233477
0.371800
0.180270
0.162777
0.281228
0.297637
0.049846
0.210663
0.640338
0.117094
0.262363
0.113965
0.112378
0.207393
0.057879
0.183277
0.243186
0.223158
0.259249
0.132758
0.122197
0.219812
0.164264
0.360379
0.099171
0.541250
0.195835
0.293886
0.267719
0.041145
0.392178
0.212598
0.188322
0.246672
0.447286
0.234401
0.569688
0.056765
0.196956
0.302126
0.017994
0.067535
0.063170
0.187296
0.155794
0.180069
0.137530
0.257766
0.195681
0.257660
0.411771
0.041191
0.559377
0.420994
0.308563
0.160632
0.073486
0.250386
0.562368
0.036690
0.168343
0.250511
0.239123
0.191525
0.159550
0.098145
0.723248
0.230238
0.154355
0.195217
0.247487
0.375725
0.097285
0.395868
0.269543
0.153626
0.371693
0.294975
0.384019
0.101487
0.610926
0.146453
0.139804
0.098673
0.034479
0.076410
