0.144283
0.187599
0.299034
0.053333
0.189923
0.350024
0.245381
0.247587
0.305258
0.166944
0.371174
0.032925
0.383065
0.084462
0.186988
0.150331
0.164044
0.180183
0.332433
0.121256
0.190516
0.163620
0.257694
0.122465
0.133390
0.085377
0.121429
0.205032
0.302723
0.294626
0.208351
0.068854
0.174225
0.144279
0.285653
0.119567
0.106058
0.240106
0.142967
0.063402
0.207830
0.038965
0.162829
0.115135
0.208504
0.206654
0.242508
0.097835
0.292254
0.425441
0.063288
0.483412
0.154526
0.157199
0.508951
0.052205
0.403572
0.072989
0.115916
0.134173
0.132791
0.067428
0.233271
0.256706
0.138654
0.059729
0.090314
0.082075
0.176192
0.131006
0.056869
0.052960
0.274249
0.059619
0.264211
0.296597
0.115721
0.284208
0.143768
0.327996
0.512865
0.058576
0.134485
0.190930
0.231185
0.063687
0.154552
0.332469
0.177893
0.146360
0.142752
0.234567
0.061367
0.130586
0.100773
0.212255
0.406209
0.136358
0.165709
0.066450
