0.273551
0.237303
0.204638
0.348724
0.296462
0.345416
0.306331
0.678638
0.595178
0.169225
0.094611
0.343695
0.417982
0.310716
0.223614
0.134966
0.332266
0.193708
0.102490
0.327881
0.147199
0.268682
0.202888
0.215945
0.281716
0.175038
0.195176
0.125384
0.398541
0.280085
0.412156
0.149664
0.269497
0.341588
0.312884
0.321955
0.235903
0.283394
0.496964
0.039123
0.328277
0.450511
0.227733
0.310314
0.256902
0.457609
0.501854
0.234163
0.306592
0.218658
0.719730
0.705638
0.338169
0.145844
0.379719
0.060377
0.087091
0.249198
0.423077
0.301667
0.411817
0.439370
0.259271
0.267106
0.024870
0.064836
0.675790
0.556420
0.286128
0.287397
0.054086
0.220548
0.465785
0.247549
0.258948
0.272051
0.222647
0.137811
0.276685
0.245245
0.729414
0.048854
0.157070
0.252835
0.193456
0.328396
0.341553
0.483925
0.252166
0.172846
0.134212
0.201453
0.138941
0.452993
0.110998
0.141298
0.092525
0.210358
0.030038
0.292215
