0.086779
0.111544
0.089503
0.112501
0.131009
0.202148
0.092750
0.083382
0.146757
0.098490
0.154722
0.080172
0.129356
0.149316
0.125658
0.099381
0.110233
0.081875
0.109003
0.098674
0.089595
0.102159
0.077131
0.078087
0.081330
0.183033
0.126091
0.102317
0.124193
0.144089
0.289856
0.084759
0.090556
0.076987
0.077545
0.070321
0.074324
0.255338
0.111651
0.079137
0.142618
0.101609
0.099403
0.164124
0.111066
0.066290
0.072951
0.073322
0.130839
0.186213
0.146548
0.243284
0.103173
0.109530
0.141166
0.088245
0.188720
0.094317
0.138497
0.079276
0.076990
0.070842
0.184915
0.080150
0.077044
0.075128
0.127703
0.121145
0.095523
0.107492
0.096711
0.054059
0.120585
0.076958
0.088721
0.123867
0.103374
0.070292
0.111227
0.075672
0.164080
0.095429
0.050791
0.125888
0.110123
0.092191
0.076298
0.203991
0.078887
0.117502
0.105012
0.108168
0.120284
0.119992
0.112275
0.104109
0.078272
0.085747
0.273485
0.254916
