0.070095
0.180382
0.115962
0.300948
0.210244
0.055250
0.272142
0.433684
0.307985
0.203682
0.103976
0.086907
0.423018
0.191966
0.276153
0.048217
0.165028
0.111874
0.288689
0.127419
0.031892
0.157971
0.398368
0.201222
0.142740
0.539657
0.465458
0.118284
0.058178
0.102086
0.321460
0.273130
0.202068
0.283392
0.104794
0.146760
0.226538
0.074081
0.511518
0.051849
0.208885
0.158017
0.169047
0.374754
0.104159
0.207892
0.353546
0.167011
0.212735
0.453859
0.546315
0.038713
0.180736
0.097483
0.435882
0.397013
0.542414
0.120488
0.078313
0.253764
0.161775
0.276301
0.280656
0.320743
0.039310
0.485106
0.367824
0.307576
0.341144
0.140705
0.058968
0.109248
0.136874
0.037909
0.043873
0.068396
0.200714
0.404147
0.103324
0.435251
0.020516
0.502498
0.186803
0.169912
0.173095
0.557264
0.180464
0.132010
0.351797
0.052548
0.162288
0.209097
0.064702
0.131166
0.591393
0.288928
0.063247
0.102868
0.068306
0.105031
