0.199103
0.213435
0.164342
0.212762
0.267563
0.129572
0.177961
0.191463
0.173670
0.363582
0.316447
0.339787
0.293302
0.310631
0.395343
0.343580
0.312989
0.276283
0.331257
0.410414
0.308376
0.241501
0.352585
0.115738
0.230186
0.311683
0.194690
0.285230
0.251711
0.278382
0.210596
0.111379
0.232657
0.194539
0.201349
0.322966
0.236776
0.176732
0.299253
0.326355
0.356690
0.329992
0.216591
0.315501
0.173310
0.212674
0.379428
0.191415
0.180447
0.212116
0.232683
0.259199
0.018103
0.578484
0.281875
0.290120
0.335385
0.216491
0.268311
0.270156
0.334691
0.692094
0.227527
0.249499
0.322869
0.166900
0.291476
0.261456
0.291188
0.318336
0.334560
0.272264
0.228646
0.340601
0.266527
0.182523
0.251582
0.333852
0.188951
0.448709
0.226902
0.239984
0.298731
0.303164
0.402493
0.294780
0.305748
0.272985
0.201872
0.212643
0.085378
0.230592
0.391121
0.175793
0.198371
0.190311
0.265049
0.100081
0.219716
0.241749
