0.116356
0.084553
0.107578
0.105557
0.215101
0.187041
0.188597
0.209275
0.135722
0.263440
0.136885
0.191057
0.223036
0.128266
0.117639
0.095502
0.146856
0.297028
0.162978
0.102136
0.113950
0.152731
0.212230
0.097028
0.142585
0.206994
0.207503
0.213689
0.112794
0.119239
0.230890
0.188473
0.101284
0.127864
0.215513
0.074934
0.153342
0.295563
0.128243
0.194411
0.213922
0.202425
0.111804
0.173366
0.236231
0.148607
0.106193
0.152088
0.139512
0.211676
0.128585
0.064186
0.063602
0.091132
0.142069
0.174096
0.145027
0.110864
0.180732
0.194968
0.222690
0.083250
0.143925
0.091209
0.231253
0.269172
0.117004
0.210730
0.157555
0.149658
0.198206
0.114501
0.168394
0.180664
0.198770
0.247055
0.147013
0.054953
0.175463
0.146144
0.218917
0.097014
0.185825
0.124454
0.346142
0.118036
0.131495
0.178765
0.174628
0.151971
0.137712
0.206770
0.137605
0.083658
0.207917
0.177274
0.088609
0.174999
0.123544
0.195198
