0.237001
0.303261
0.276447
0.206463
0.231132
0.112790
0.326890
0.300024
0.175488
0.233903
0.289301
0.326141
0.241481
0.256038
0.362854
0.217319
0.251157
0.196382
0.247677
0.230659
0.157689
0.390353
0.347012
0.159312
0.283289
0.230237
0.296940
0.217038
0.255489
0.180886
0.331650
0.326759
0.245975
0.330298
0.432240
0.234000
0.223407
0.104246
0.268366
0.265248
0.255401
0.238719
0.234611
0.219003
0.269138
0.346109
0.113571
0.241691
0.118725
0.200584
0.249384
0.310051
0.095352
0.596728
0.214579
0.316129
0.293039
0.153774
0.283328
0.275839
0.139413
0.328368
0.314719
0.298799
0.291986
0.322495
0.318331
0.250265
0.254178
0.308782
0.323908
0.247101
0.377888
0.248947
0.241849
0.435566
0.233485
0.308830
0.323785
0.222127
0.295785
0.135253
0.098851
0.244982
0.424305
0.209370
0.352966
0.248240
0.234020
0.194513
0.195202
0.224859
0.077698
0.298652
0.243558
0.215226
0.365533
0.214637
0.300310
0.342517
