0.062327
0.142035
0.129074
0.121059
0.082552
0.100385
0.128564
0.108417
0.085687
0.087749
0.107675
0.061660
0.122872
0.087737
0.118489
0.086980
0.138654
0.071867
0.074461
0.075498
0.077967
0.093314
0.091759
0.096236
0.051471
0.081576
0.076956
0.088462
0.108580
0.118724
0.099409
0.096522
0.156969
0.103686
0.160157
0.088483
0.100282
0.100304
0.095365
0.118346
0.088159
0.117462
0.089758
0.090234
0.079952
0.083558
0.087762
0.092650
0.113176
0.101007
0.084562
0.078720
0.259806
0.243914
0.098546
0.049711
0.094169
0.095476
0.146412
0.126397
0.136969
0.138518
0.082239
0.085448
0.133702
0.090193
0.082046
0.101427
0.089888
0.102247
0.053726
0.095862
0.121011
0.093094
0.122381
0.062640
0.073079
0.114897
0.051941
0.077263
0.139322
0.086678
0.213566
0.092170
0.125250
0.088756
0.124469
0.096101
0.069512
0.071652
0.084339
0.126177
0.082562
0.089739
0.071540
0.107765
0.120758
0.138329
0.089003
0.130972
