0.138857
0.202912
0.280052
0.227758
0.168206
0.222779
0.154612
0.305747
0.062028
0.084919
0.207267
0.230386
0.168251
0.153715
0.120682
0.303112
0.072345
0.096045
0.242268
0.207295
0.224355
0.234553
0.187203
0.140138
0.091838
0.295994
0.248518
0.284104
0.215035
0.223329
0.182300
0.184678
0.126090
0.244647
0.165810
0.140907
0.169592
0.494010
0.178202
0.244091
0.173858
0.123155
0.240044
0.363450
0.258657
0.125219
0.228662
0.171477
0.218310
0.181632
0.243429
0.188983
0.062323
0.068997
0.217858
0.104263
0.185651
0.188719
0.203980
0.267222
0.298757
0.383998
0.259519
0.175521
0.307273
0.210986
0.156925
0.286668
0.128663
0.193509
0.164979
0.249535
0.170199
0.094040
0.134663
0.233472
0.173603
0.322179
0.163834
0.267367
0.064883
0.194368
0.110706
0.196484
0.191292
0.169248
0.201383
0.138355
0.242496
0.131966
0.056654
0.218321
0.219707
0.270616
0.214708
0.260663
0.201355
0.184426
0.093150
0.314869
