0.026859
0.007305
0.018845
0.011921
0.011993
0.018234
0.024753
0.013963
0.021714
0.004775
0.018552
0.004560
0.016423
0.020857
0.018631
0.010900
0.024430
0.018543
0.006691
0.019085
0.021369
0.011425
0.019514
0.012065
0.018850
0.019016
0.022164
0.014469
0.013392
0.025494
0.017635
0.019455
0.020212
0.020283
0.018245
0.013651
0.012506
0.015242
0.015035
0.037675
0.005351
0.019160
0.019931
0.015173
0.011761
0.009352
0.013631
0.011795
0.016418
0.009563
0.011903
0.008739
0.017710
0.020263
0.017852
0.023704
0.014048
0.036899
0.020127
0.019335
0.021608
0.021984
0.016168
0.021742
0.016402
0.012376
0.010833
0.024383
0.019665
0.012950
0.017515
0.005546
0.011378
0.025090
0.017792
0.016684
0.005218
0.017005
0.019297
0.018870
0.013878
0.009614
0.013835
0.018249
0.009047
0.019265
0.019841
0.018361
0.018256
0.017154
0.004736
0.037379
0.020307
0.013864
0.028693
0.024022
0.013506
0.019356
0.012107
0.022500
