0.036219
0.039494
0.037833
0.023714
0.029008
0.025829
0.029106
0.023210
0.028593
0.029735
0.024090
0.032881
0.028835
0.028679
0.040789
0.025236
0.048199
0.029444
0.037658
0.030883
0.038890
0.037071
0.037149
0.021250
0.043278
0.042146
0.026294
0.026979
0.031877
0.030121
0.043798
0.030666
0.038542
0.032327
0.049388
0.031431
0.023960
0.054248
0.027111
0.030563
0.028599
0.028470
0.028544
0.030887
0.035635
0.040629
0.028201
0.038177
0.044275
0.034734
0.042455
0.038210
0.040524
0.031493
0.035243
0.035397
0.023865
0.027723
0.028286
0.037605
0.042908
0.031033
0.027391
0.042727
0.034286
0.026947
0.025415
0.031833
0.027749
0.043063
0.035243
0.043647
0.044781
0.028372
0.021941
0.029909
0.034478
0.024466
0.017882
0.035885
0.051797
0.046446
0.023582
0.038413
0.035841
0.030492
0.045423
0.034779
0.030125
0.040391
0.028351
0.021716
0.029985
0.034829
0.040118
0.028443
0.032096
0.025403
0.024855
0.029958
