0.016336
0.013080
0.005371
0.014058
0.011114
0.016976
0.015984
0.005104
0.013091
0.013324
0.017588
0.002824
0.015388
0.012934
0.012287
0.012402
0.011890
0.004299
0.012263
0.003485
0.006282
0.015680
0.013424
0.012317
0.011792
0.010577
0.013250
0.005771
0.010557
0.006852
0.011038
0.012517
0.020430
0.015172
0.014748
0.012722
0.016247
0.013710
0.011159
0.012799
0.012882
0.013021
0.016520
0.015779
0.013413
0.013338
0.004057
0.006041
0.012410
0.004302
0.013312
0.011971
0.011503
0.012709
0.004163
0.004501
0.004612
0.024395
0.003176
0.010840
0.012187
0.011181
0.010941
0.011319
0.011364
0.011516
0.005315
0.013521
0.004285
0.011920
0.012367
0.012192
0.004635
0.017604
0.011669
0.004622
0.017074
0.020040
0.012801
0.004491
0.004904
0.012212
0.011974
0.011977
0.016375
0.012054
0.004736
0.011550
0.004873
0.003593
0.012979
0.013411
0.005002
0.011285
0.014197
0.012006
0.004831
0.010464
0.016699
0.004759
