0.048184
0.042777
0.049945
0.039047
0.044907
0.036210
0.044123
0.043312
0.046089
0.039096
0.058085
0.054659
0.061300
0.041090
0.056455
0.040257
0.050019
0.044840
0.044267
0.047265
0.054086
0.048606
0.043026
0.054763
0.055559
0.047883
0.060300
0.041972
0.036678
0.032598
0.039037
0.050549
0.044116
0.051968
0.044283
0.041791
0.045357
0.046040
0.034520
0.041725
0.049426
0.049282
0.053267
0.048844
0.040141
0.040635
0.040798
0.041349
0.045543
0.039495
0.042237
0.058257
0.047221
0.046585
0.043079
0.042992
0.046972
0.027930
0.048702
0.043684
0.041829
0.042288
0.044822
0.041439
0.039734
0.057524
0.036427
0.046836
0.063929
0.052566
0.048145
0.056584
0.043059
0.043881
0.048328
0.046132
0.054340
0.048917
0.038933
0.037762
0.045604
0.041815
0.059688
0.038303
0.049902
0.052260
0.041875
0.038501
0.050684
0.053705
0.050202
0.044345
0.049330
0.040058
0.047352
0.053261
0.051016
0.050389
0.047461
0.034694
