0.050332
0.035161
0.035848
0.030283
0.039966
0.035990
0.039451
0.040594
0.049714
0.029536
0.038758
0.058218
0.046074
0.044192
0.033961
0.023288
0.024907
0.021103
0.031525
0.042534
0.031303
0.028532
0.039688
0.033767
0.032272
0.013961
0.032008
0.032320
0.037261
0.034158
0.031060
0.029193
0.021115
0.023672
0.036344
0.024143
0.030096
0.031506
0.013332
0.025978
0.033629
0.037152
0.036578
0.049818
0.042474
0.043467
0.026263
0.061883
0.027661
0.035527
0.028690
0.036005
0.034777
0.027565
0.022143
0.022726
0.021485
0.026458
0.038521
0.019256
0.022024
0.038026
0.029779
0.025239
0.031790
0.029536
0.013545
0.029975
0.034592
0.039149
0.020421
0.034205
0.027003
0.053135
0.027910
0.023567
0.040036
0.036882
0.030532
0.037380
0.034834
0.024135
0.037179
0.032575
0.042763
0.018084
0.037468
0.016791
0.028213
0.033893
0.047507
0.035895
0.030547
0.033788
0.043219
0.045063
0.013058
0.037279
0.032428
0.030675
