0.011741
0.017494
0.018755
0.012293
0.013667
0.011559
0.020745
0.011862
0.012068
0.013927
0.013942
0.012400
0.013803
0.012374
0.013404
0.012956
0.039375
0.012862
0.013454
0.013599
0.014889
0.012292
0.011727
0.011575
0.013069
0.012670
0.014619
0.011839
0.012303
0.013602
0.012213
0.012774
0.012457
0.011744
0.012651
0.012026
0.011708
0.013003
0.012347
0.016000
0.012473
0.012232
0.019988
0.013547
0.012136
0.013546
0.013090
0.012076
0.012473
0.014071
0.012073
0.013391
0.013378
0.013837
0.012402
0.015015
0.012715
0.012568
0.012990
0.014347
0.012647
0.011741
0.011989
0.012444
0.012495
0.011513
0.012122
0.011782
0.012953
0.012115
0.012296
0.011635
0.013899
0.011931
0.013691
0.043435
0.014036
0.011788
0.011816
0.016092
0.015895
0.012094
0.013650
0.012945
0.012249
0.012444
0.012035
0.011804
0.012564
0.012110
0.013072
0.012577
0.076557
0.042716
0.013056
0.011949
0.015460
0.011887
0.013796
0.012647
