0.033628
0.032518
0.043360
0.036291
0.032943
0.031753
0.038586
0.032293
0.034261
0.033744
0.035045
0.033847
0.033635
0.032450
0.039756
0.030724
0.030589
0.029938
0.035333
0.035551
0.047156
0.032180
0.039278
0.059756
0.041361
0.029032
0.046014
0.043906
0.033947
0.029399
0.030987
0.033856
0.032509
0.032618
0.033408
0.038140
0.031795
0.031903
0.034179
0.032831
0.031122
0.038885
0.034881
0.041278
0.044419
0.034734
0.033883
0.035805
0.039110
0.029203
0.032363
0.036676
0.033019
0.032032
0.035437
0.037448
0.039870
0.032236
0.034723
0.033808
0.040844
0.042073
0.045591
0.035697
0.032683
0.029508
0.036287
0.033036
0.031742
0.031272
0.033701
0.030958
0.026971
0.035641
0.031971
0.041192
0.028076
0.033792
0.033072
0.034336
0.028976
0.032857
0.031010
0.029977
0.033834
0.030802
0.034230
0.031155
0.032283
0.032358
0.041302
0.035950
0.035056
0.030418
0.035597
0.034739
0.034480
0.032198
0.034218
0.033091
