0.050219
0.009381
0.009845
0.009453
0.009641
0.008918
0.009259
0.009147
0.009307
0.008899
0.009265
0.010270
0.008979
0.010047
0.009498
0.009424
0.009156
0.009750
0.008780
0.015818
0.011554
0.009083
0.008795
0.021408
0.009683
0.008753
0.009217
0.009716
0.009858
0.008787
0.009410
0.009861
0.009358
0.009700
0.008895
0.028226
0.009018
0.008961
0.009164
0.009175
0.009525
0.009009
0.009253
0.010179
0.009127
0.009319
0.008952
0.009443
0.009482
0.009843
0.009016
0.009763
0.009939
0.008804
0.009124
0.008917
0.009434
0.008947
0.009393
0.009062
0.008905
0.009741
0.009087
0.017603
0.009102
0.009199
0.026440
0.009425
0.010956
0.008675
0.009497
0.008966
0.008764
0.009022
0.009220
0.021509
0.009886
0.009109
0.009423
0.009043
0.009251
0.013328
0.009031
0.008917
0.009172
0.009837
0.009355
0.008983
0.014805
0.009541
0.009785
0.010422
0.012767
0.008776
0.009139
0.009683
0.009538
0.010534
0.009384
0.009774
