0.048372
0.074072
0.058294
0.049549
0.055187
0.060525
0.053086
0.053007
0.041049
0.051121
0.052870
0.055313
0.050337
0.059990
0.042734
0.060468
0.046134
0.054743
0.057990
0.065975
0.067356
0.047260
0.048961
0.049118
0.046964
0.054492
0.047743
0.048014
0.050524
0.049039
0.050534
0.074942
0.057949
0.064335
0.128289
0.062532
0.076475
0.052425
0.082962
0.044294
0.054548
0.045094
0.050866
0.045518
0.054201
0.081526
0.062595
0.053242
0.051567
0.050692
0.048414
0.063590
0.061718
0.049756
0.054066
0.046613
0.042194
0.053102
0.066673
0.052728
0.087613
0.048931
0.043025
0.064154
0.051910
0.055487
0.047189
0.057339
0.050247
0.050907
0.051341
0.089107
0.049469
0.048992
0.075321
0.042621
0.044373
0.047922
0.050114
0.049147
0.063072
0.057604
0.062613
0.062633
0.047017
0.046913
0.048866
0.050636
0.058613
0.072388
0.042682
0.062112
0.048754
0.048388
0.046768
0.048911
0.072132
0.048151
0.054859
0.076952
