0.035683
0.021252
0.051331
0.021627
0.023549
0.081440
0.021009
0.023410
0.020257
0.022322
0.022842
0.021397
0.022384
0.029164
0.021127
0.020046
0.021620
0.022756
0.021813
0.027887
0.021883
0.025548
0.021559
0.039361
0.024956
0.021104
0.022323
0.028178
0.022338
0.021547
0.022619
0.085752
0.021544
0.020799
0.022253
0.028825
0.019889
0.025632
0.026568
0.020299
0.022479
0.027608
0.025488
0.020847
0.020052
0.021410
0.022030
0.021935
0.021088
0.021029
0.024075
0.023461
0.023958
0.025931
0.021539
0.024872
0.021289
0.022768
0.020927
0.023221
0.025338
0.021415
0.020001
0.022650
0.019558
0.028250
0.027681
0.024253
0.020400
0.041525
0.021107
0.027963
0.023338
0.021479
0.023142
0.020781
0.020471
0.024131
0.023023
0.021555
0.020972
0.021240
0.020557
0.024241
0.021116
0.022460
0.023084
0.020756
0.022113
0.020983
0.020496
0.023068
0.023566
0.022958
0.021361
0.021368
0.021868
0.021178
0.024011
0.021654
