0.025061
0.023940
0.014046
0.007355
0.007749
0.025727
0.007628
0.012135
0.022252
0.006758
0.008799
0.025043
0.036385
0.024017
0.011605
0.010683
0.006012
0.010482
0.012174
0.029522
0.027774
0.003428
0.027102
0.029459
0.028108
0.005413
0.006447
0.008352
0.018633
0.016030
0.010821
0.005950
0.005973
0.010740
0.006928
0.023753
0.029966
0.004322
0.018305
0.010942
0.008988
0.025740
0.027377
0.005470
0.004972
0.011926
0.029699
0.029085
0.010748
0.007019
0.006980
0.015253
0.010462
0.016857
0.034058
0.025933
0.008478
0.023086
0.004363
0.009724
0.011268
0.006146
0.028150
0.006466
0.025544
0.023822
0.026015
0.029482
0.006969
0.010844
0.007708
0.006523
0.014275
0.010520
0.026663
0.009300
0.027080
0.009575
0.005316
0.026712
0.022263
0.005014
0.008541
0.009055
0.009956
0.010577
0.013918
0.012959
0.008095
0.024422
0.005136
0.010395
0.008872
0.026496
0.012471
0.023549
0.021974
0.011881
0.006803
0.029381
