0.020840
0.037642
0.025566
0.035383
0.047598
0.039063
0.034365
0.023432
0.020665
0.045676
0.020252
0.041286
0.050606
0.026190
0.057779
0.040920
0.054891
0.044698
0.042187
0.032111
0.026410
0.031660
0.059415
0.034510
0.030306
0.015202
0.037318
0.037507
0.048480
0.025311
0.051650
0.031937
0.051582
0.037937
0.030496
0.037091
0.043713
0.033953
0.050772
0.035842
0.058088
0.048682
0.013398
0.044983
0.046756
0.055922
0.051950
0.046137
0.021479
0.059217
0.042335
0.026221
0.029487
0.051000
0.041087
0.038233
0.024282
0.035502
0.037861
0.021274
0.038770
0.032560
0.031871
0.042849
0.028770
0.022583
0.037995
0.038406
0.018848
0.039865
0.042856
0.024678
0.041611
0.030833
0.045241
0.062048
0.013709
0.023565
0.040301
0.024924
0.030966
0.032641
0.046312
0.049892
0.040297
0.025935
0.015796
0.046924
0.026002
0.025243
0.021587
0.065430
0.033589
0.061064
0.039267
0.031839
0.042040
0.035861
0.026824
0.022825
