0.003647
0.003673
0.025126
0.003502
0.004336
0.002707
0.023152
0.004314
0.002303
0.006847
0.022165
0.020784
0.023387
0.001065
0.024660
0.002097
0.004895
0.002688
0.005891
0.001685
0.003177
0.023318
0.023624
0.004428
0.002474
0.001127
0.007909
0.002995
0.003342
0.003924
0.002366
0.021981
0.003576
0.004178
0.022737
0.004418
0.004361
0.021884
0.022520
0.024372
0.003342
0.024071
0.000922
0.023518
0.024512
0.006246
0.003532
0.022771
0.003789
0.002022
0.023580
0.004063
0.021482
0.002268
0.002962
0.007224
0.002820
0.023395
0.002563
0.002145
0.004690
0.023624
0.022451
0.022728
0.002931
0.020730
0.003825
0.020939
0.002802
0.002382
0.023536
0.003049
0.021588
0.001473
0.003063
0.023064
0.001773
0.025711
0.003357
0.002346
0.022875
0.003096
0.022562
0.023424
0.003048
0.020910
0.003612
0.002841
0.021246
0.022788
0.003093
0.002933
0.004288
0.022065
0.023691
0.024227
0.022746
0.001865
0.002161
0.003452
