0.055011
0.043021
0.060142
0.065035
0.045799
0.052277
0.065178
0.078790
0.042736
0.053673
0.069687
0.060321
0.070343
0.056425
0.040220
0.066091
0.059267
0.059966
0.063968
0.039849
0.056817
0.070693
0.083342
0.073158
0.052278
0.065611
0.073832
0.048338
0.051111
0.055638
0.052839
0.051255
0.048108
0.056880
0.051495
0.071929
0.062045
0.040398
0.051235
0.042650
0.051250
0.051917
0.054196
0.079212
0.059046
0.076607
0.042995
0.039632
0.069752
0.041450
0.044772
0.067094
0.068797
0.056474
0.059963
0.077045
0.050972
0.045690
0.051054
0.040472
0.063440
0.071385
0.052493
0.054387
0.066373
0.067843
0.060469
0.038605
0.049857
0.045604
0.057992
0.042633
0.061528
0.075272
0.054691
0.042362
0.047846
0.067471
0.044127
0.045399
0.060278
0.066599
0.049154
0.037762
0.071947
0.053750
0.052727
0.054675
0.058642
0.051797
0.058080
0.061954
0.029903
0.039793
0.075415
0.067389
0.069798
0.059029
0.035027
0.060555
