0.030906
0.012386
0.046033
0.029133
0.034681
0.014584
0.048512
0.021495
0.032880
0.015111
0.018726
0.031374
0.030435
0.029243
0.034639
0.029244
0.032094
0.010902
0.026970
0.031809
0.039778
0.020001
0.055467
0.022576
0.013568
0.012270
0.010420
0.014115
0.022245
0.012813
0.026357
0.026564
0.030061
0.041612
0.015433
0.012276
0.008803
0.045012
0.028326
0.024602
0.015885
0.032035
0.050575
0.015556
0.037896
0.031704
0.007576
0.023161
0.031722
0.025813
0.033062
0.015242
0.046062
0.032566
0.019586
0.032048
0.007588
0.031853
0.042371
0.017202
0.011673
0.014664
0.033784
0.015186
0.014705
0.032542
0.027038
0.018942
0.018311
0.011319
0.027779
0.028228
0.027875
0.030968
0.017262
0.022195
0.030583
0.022486
0.040427
0.013347
0.037319
0.012883
0.023061
0.027463
0.009830
0.032523
0.031263
0.038012
0.030086
0.016683
0.015431
0.009823
0.011335
0.021180
0.049717
0.030882
0.015803
0.030138
0.028621
0.027380
