0.004871
0.003694
0.006500
0.003638
0.005061
0.008266
0.029041
0.014890
0.009742
0.005844
0.024057
0.008816
0.003394
0.009852
0.003225
0.039457
0.004766
0.005890
0.055487
0.004374
0.002253
0.012971
0.034900
0.011847
0.001875
0.021092
0.020926
0.007657
0.016962
0.004387
0.003673
0.004365
0.011205
0.003505
0.006275
0.012324
0.008793
0.007686
0.003376
0.017190
0.009616
0.012200
0.032494
0.016051
0.005917
0.008458
0.024454
0.011973
0.003270
0.015849
0.012662
0.013918
0.003159
0.008682
0.006929
0.027738
0.008901
0.039755
0.038579
0.019512
0.010175
0.011162
0.007669
0.003471
0.004872
0.001900
0.006984
0.015233
0.015772
0.011156
0.008095
0.007048
0.025450
0.003644
0.006019
0.003589
0.005853
0.000809
0.004545
0.020887
0.035496
0.026935
0.006454
0.003849
0.030812
0.006182
0.003609
0.005400
0.004398
0.003544
0.006207
0.022640
0.004118
0.014308
0.003738
0.018671
0.036419
0.006158
0.017430
0.004011
