0.030289
0.053860
0.092618
0.041641
0.069924
0.025220
0.039491
0.035394
0.035788
0.080180
0.040750
0.045777
0.039637
0.031842
0.049735
0.009741
0.029071
0.024459
0.051956
0.053251
0.094312
0.017635
0.049996
0.036275
0.041064
0.071093
0.081853
0.039924
0.079424
0.023992
0.067425
0.015600
0.010634
0.034264
0.060653
0.061140
0.035949
0.052347
0.034722
0.038541
0.061890
0.043598
0.053576
0.036894
0.117982
0.066822
0.026887
0.057816
0.080623
0.031583
0.058056
0.026991
0.021111
0.041414
0.024258
0.035618
0.019264
0.095301
0.081019
0.071441
0.051704
0.074746
0.049943
0.022978
0.027594
0.059719
0.046824
0.009521
0.018615
0.056963
0.079442
0.037948
0.042702
0.036764
0.046462
0.055990
0.044254
0.040072
0.023761
0.032369
0.011020
0.062613
0.034751
0.091991
0.030772
0.065616
0.095545
0.032940
0.078374
0.060053
0.044268
0.121560
0.063355
0.060540
0.040769
0.031647
0.099116
0.048540
0.110795
0.032364
