0.011610
0.197421
0.076503
0.002912
0.031747
0.005553
0.006397
0.003635
0.168467
0.002906
0.008467
0.013256
0.013522
0.040468
0.004758
0.005562
0.004438
0.103616
0.006241
0.101712
0.009755
0.003844
0.011863
0.006691
0.001952
0.004795
0.111901
0.008386
0.001923
0.106852
0.176682
0.004695
0.002617
0.046317
0.072761
0.023708
0.031122
0.005943
0.099521
0.005856
0.007901
0.007158
0.002413
0.172448
0.009793
0.009105
0.003422
0.040476
0.100495
0.004822
0.007909
0.004089
0.005811
0.145033
0.162084
0.004517
0.002890
0.007858
0.003364
0.051163
0.004696
0.042080
0.008449
0.045290
0.091040
0.038915
0.003903
0.003480
0.006712
0.063551
0.015010
0.009075
0.043074
0.004199
0.154383
0.103190
0.005945
0.003172
0.005625
0.002459
0.003931
0.259911
0.004579
0.077218
0.001926
0.017704
0.004250
0.003808
0.037470
0.038503
0.011018
0.039730
0.126539
0.011917
0.004645
0.156404
0.012567
0.114336
0.093370
0.007930
