0.031198
0.045473
0.038167
0.020282
0.017292
0.035341
0.038294
0.038741
0.016881
0.040739
0.041820
0.028616
0.055066
0.014042
0.040770
0.016639
0.043591
0.020587
0.028060
0.044154
0.022826
0.021994
0.042957
0.038074
0.019133
0.048759
0.050922
0.078215
0.048263
0.052706
0.039703
0.032282
0.040078
0.035001
0.028025
0.032268
0.016883
0.026393
0.027542
0.022342
0.015118
0.019214
0.033390
0.062332
0.027652
0.029885
0.030457
0.036072
0.046979
0.047843
0.028611
0.037199
0.032931
0.023022
0.025373
0.012274
0.058346
0.055267
0.050358
0.041150
0.039218
0.031243
0.011242
0.055042
0.034726
0.024396
0.033439
0.024699
0.049393
0.037437
0.040744
0.035236
0.055098
0.047436
0.035666
0.028697
0.041182
0.039547
0.039487
0.020312
0.030416
0.046711
0.041438
0.029306
0.039351
0.016984
0.020468
0.046010
0.029307
0.035874
0.025002
0.044151
0.021280
0.022226
0.055160
0.039752
0.017647
0.034155
0.022444
0.035520
