0.046796
0.040697
0.044268
0.066504
0.038835
0.036345
0.011670
0.040267
0.066417
0.015360
0.062457
0.039501
0.020927
0.034328
0.018078
0.028268
0.034833
0.059027
0.036822
0.055674
0.058925
0.031836
0.006318
0.043707
0.033584
0.034295
0.023050
0.026152
0.034073
0.075650
0.028031
0.029738
0.019926
0.068594
0.047082
0.044835
0.103050
0.031647
0.029618
0.045700
0.025264
0.027308
0.046400
0.044827
0.063198
0.051426
0.030580
0.025636
0.049617
0.007895
0.021787
0.024069
0.050361
0.026330
0.057186
0.066651
0.026606
0.027528
0.044246
0.003918
0.040887
0.039488
0.051530
0.020431
0.026659
0.049788
0.049456
0.061415
0.008150
0.034092
0.039869
0.071164
0.041214
0.011913
0.024363
0.038356
0.029404
0.041819
0.078455
0.048781
0.042148
0.163189
0.013336
0.037238
0.085892
0.024217
0.040198
0.060334
0.011700
0.011250
0.058750
0.011596
0.102006
0.062811
0.033519
0.035222
0.007409
0.087646
0.161509
0.014971
