0.045312
0.049050
0.040684
0.040875
0.032163
0.039348
0.039140
0.041758
0.040513
0.038758
0.040008
0.044046
0.050553
0.040084
0.042686
0.044235
0.030997
0.038807
0.031606
0.032155
0.036379
0.035931
0.041606
0.037749
0.042855
0.044946
0.036015
0.035257
0.040679
0.039835
0.038956
0.036332
0.041804
0.036057
0.039138
0.031636
0.040345
0.039094
0.041295
0.038326
0.042627
0.041404
0.029052
0.039253
0.032752
0.029274
0.038933
0.044737
0.044250
0.035378
0.040091
0.040376
0.042414
0.030516
0.048908
0.043018
0.026502
0.029391
0.035952
0.039926
0.039890
0.037575
0.049139
0.042498
0.040342
0.034682
0.038725
0.033713
0.027200
0.032620
0.031414
0.041921
0.040021
0.043256
0.042832
0.028310
0.037921
0.046104
0.040073
0.033989
0.044005
0.046823
0.042000
0.042255
0.036176
0.039212
0.044011
0.033809
0.040010
0.039084
0.046403
0.038607
0.042814
0.041182
0.034620
0.040357
0.027556
0.032812
0.039998
0.032785
