0.050156
0.046955
0.053213
0.051472
0.044951
0.050299
0.046606
0.044834
0.050694
0.051822
0.051446
0.051008
0.052002
0.052267
0.050784
0.051265
0.049262
0.050785
0.044117
0.045618
0.051208
0.051371
0.044141
0.048678
0.049114
0.048067
0.051195
0.044812
0.048192
0.046955
0.047364
0.048644
0.048802
0.050013
0.050302
0.052121
0.049153
0.052198
0.049676
0.042163
0.049501
0.042623
0.051571
0.052510
0.042288
0.051098
0.050671
0.052343
0.049253
0.053203
0.048816
0.051559
0.051071
0.051701
0.049338
0.038546
0.046559
0.049530
0.052487
0.051239
0.051139
0.051513
0.046065
0.044680
0.053115
0.049187
0.048112
0.050527
0.053421
0.045695
0.049366
0.048285
0.050690
0.049783
0.052118
0.048270
0.050600
0.050857
0.049219
0.047601
0.050075
0.041085
0.049650
0.048338
0.044264
0.046232
0.046947
0.049603
0.045402
0.049412
0.049256
0.051446
0.049393
0.048664
0.039906
0.048829
0.052673
0.048880
0.051412
0.052755
