0.009425
0.009210
0.009516
0.009376
0.008961
0.009457
0.009797
0.009156
0.009010
0.003622
0.009335
0.009204
0.009710
0.009885
0.009649
0.009337
0.009031
0.009404
0.009321
0.009035
0.009145
0.009327
0.009702
0.009635
0.009431
0.008803
0.009321
0.009058
0.009048
0.009130
0.002706
0.008864
0.009314
0.009582
0.009248
0.009093
0.009116
0.009441
0.009631
0.009382
0.009559
0.009111
0.009009
0.008785
0.009227
0.009493
0.009316
0.009589
0.009434
0.009546
0.009655
0.009209
0.009140
0.009452
0.009472
0.009673
0.002572
0.008892
0.009406
0.009420
0.009516
0.008999
0.009223
0.009467
0.009399
0.009323
0.009071
0.009774
0.009264
0.009331
0.009618
0.009439
0.009072
0.009399
0.009184
0.009356
0.008803
0.003790
0.009532
0.009829
0.009002
0.008898
0.009370
0.009423
0.009585
0.009654
0.009175
0.009065
0.009069
0.009583
0.009173
0.009036
0.009409
0.009896
0.008781
0.009599
0.008923
0.009326
0.009536
0.009499
