0.087079
0.079264
0.077874
0.096231
0.084863
0.084867
0.084963
0.082763
0.078305
0.091112
0.082948
0.092755
0.094540
0.087182
0.097917
0.086082
0.068516
0.090548
0.084937
0.082861
0.083445
0.085300
0.091718
0.088128
0.085559
0.082963
0.074339
0.089241
0.090927
0.083350
0.089680
0.084579
0.085609
0.079300
0.082719
0.075057
0.088314
0.080275
0.087370
0.086197
0.076030
0.080678
0.074736
0.089400
0.087857
0.077911
0.090625
0.084279
0.087739
0.086576
0.083939
0.077862
0.084301
0.070681
0.089226
0.089773
0.073803
0.075934
0.085849
0.084944
0.087045
0.082314
0.086649
0.075469
0.088581
0.084466
0.080556
0.086447
0.087507
0.067944
0.073635
0.084247
0.081366
0.085946
0.086066
0.076683
0.076745
0.079333
0.076092
0.083568
0.079566
0.095368
0.081248
0.081547
0.083210
0.084595
0.087138
0.087096
0.079989
0.076832
0.079545
0.074103
0.089498
0.089130
0.076059
0.078394
0.080272
0.081005
0.079248
0.089777
