0.036997
0.030064
0.036477
0.032332
0.038255
0.039718
0.039919
0.027647
0.032879
0.037451
0.037343
0.030664
0.034083
0.032438
0.038565
0.031806
0.027804
0.035892
0.032806
0.031488
0.030052
0.038390
0.033897
0.034761
0.024860
0.034050
0.028144
0.040420
0.040135
0.032294
0.038208
0.032518
0.041883
0.032844
0.030649
0.035508
0.031275
0.030639
0.041324
0.034050
0.026840
0.032478
0.039083
0.038035
0.037818
0.030727
0.033604
0.035219
0.036940
0.030216
0.028276
0.028908
0.026746
0.033536
0.036166
0.038096
0.030588
0.033004
0.035999
0.033868
0.039184
0.036647
0.032266
0.033390
0.034621
0.033730
0.032948
0.035393
0.039680
0.032377
0.033316
0.037876
0.034892
0.036534
0.039201
0.033847
0.030833
0.031337
0.034756
0.031422
0.033760
0.038314
0.032059
0.035426
0.036495
0.032635
0.033903
0.035591
0.027837
0.035353
0.032764
0.030710
0.036848
0.037057
0.036342
0.028285
0.033683
0.036638
0.032889
0.037427
