0.005262
0.002791
0.002829
0.004531
0.003390
0.002931
0.002851
0.003127
0.003655
0.003158
0.004435
0.002909
0.003868
0.005092
0.004449
0.002745
0.004770
0.002759
0.002680
0.003804
0.003050
0.002787
0.003964
0.003290
0.003996
0.003294
0.002912
0.004410
0.002775
0.001937
0.002834
0.004083
0.003174
0.003547
0.003268
0.001758
0.003557
0.002794
0.002953
0.002275
0.002316
0.003209
0.003358
0.003447
0.003512
0.001985
0.002772
0.003889
0.004225
0.003152
0.003127
0.004012
0.003218
0.003753
0.003597
0.003279
0.002980
0.005036
0.003527
0.003496
0.003721
0.003049
0.004246
0.003650
0.002894
0.002687
0.003064
0.002920
0.003494
0.004097
0.002611
0.004947
0.005252
0.001963
0.002624
0.004468
0.004582
0.005013
0.002620
0.003105
0.004395
0.001964
0.003132
0.004294
0.004128
0.003652
0.005761
0.003876
0.004029
0.003546
0.003148
0.004481
0.002958
0.003492
0.002415
0.003443
0.003980
0.002948
0.002816
0.003592
