0.001909
0.001547
0.001553
0.001678
0.001870
0.001863
0.001827
0.001806
0.001914
0.001628
0.001846
0.001799
0.001733
0.001709
0.001534
0.001646
0.001753
0.001590
0.001890
0.001453
0.001842
0.001686
0.001786
0.001527
0.001675
0.001700
0.001702
0.001716
0.001604
0.001600
0.001642
0.001702
0.001567
0.001695
0.001417
0.001720
0.001699
0.001534
0.001786
0.001641
0.001640
0.001749
0.001836
0.001666
0.001854
0.001751
0.001860
0.001802
0.001563
0.001650
0.001657
0.001871
0.001639
0.001642
0.001577
0.001630
0.001701
0.001660
0.001623
0.001692
0.001940
0.001763
0.001684
0.001608
0.001655
0.001672
0.001927
0.001972
0.001749
0.001816
0.001543
0.001699
0.001448
0.001596
0.001834
0.001590
0.001779
0.001778
0.001776
0.001702
0.001683
0.001724
0.001906
0.001761
0.001620
0.001686
0.001516
0.001848
0.001824
0.001578
0.001781
0.001555
0.001732
0.001695
0.001647
0.001720
0.001745
0.001748
0.001771
0.001636
