0.015117
0.013278
0.011511
0.012406
0.012536
0.014187
0.006792
0.014504
0.009488
0.011134
0.012475
0.019765
0.013899
0.009767
0.010614
0.012699
0.013158
0.016011
0.012904
0.009811
0.015228
0.006374
0.013705
0.012071
0.010507
0.006054
0.009618
0.015017
0.009197
0.013569
0.014710
0.015588
0.013829
0.010972
0.007927
0.009334
0.010818
0.015792
0.013362
0.016851
0.012556
0.008198
0.006783
0.004690
0.016414
0.012705
0.007066
0.012103
0.012364
0.004559
0.012847
0.017278
0.010723
0.012533
0.012448
0.005491
0.009039
0.011511
0.014031
0.012039
0.016529
0.009087
0.013419
0.006082
0.011624
0.011942
0.013626
0.008029
0.014927
0.015802
0.014238
0.013606
0.016367
0.013805
0.009256
0.012178
0.014025
0.014819
0.010946
0.004885
0.011699
0.007150
0.013561
0.009114
0.012859
0.022538
0.011629
0.004473
0.012449
0.006589
0.014877
0.015508
0.008272
0.004708
0.013218
0.013035
0.013401
0.016120
0.013343
0.014225
