0.027343
0.022555
0.025067
0.033123
0.025941
0.035303
0.024009
0.026567
0.031229
0.025133
0.027445
0.028894
0.030744
0.034041
0.027886
0.022879
0.027303
0.024861
0.027386
0.029068
0.035198
0.032161
0.037248
0.029070
0.036183
0.031128
0.031408
0.028770
0.026260
0.027624
0.029784
0.037631
0.022020
0.033940
0.030947
0.035790
0.029408
0.028051
0.029633
0.030239
0.031885
0.032579
0.035411
0.029414
0.029021
0.026649
0.029944
0.028429
0.032730
0.039541
0.034618
0.026755
0.025315
0.027152
0.034828
0.032760
0.029456
0.022745
0.024631
0.029166
0.034391
0.027416
0.038837
0.032024
0.035840
0.028416
0.023644
0.030487
0.030584
0.037118
0.022304
0.036609
0.028767
0.020321
0.027083
0.031463
0.032127
0.029536
0.026664
0.032671
0.029002
0.034158
0.038026
0.027033
0.027275
0.030798
0.032087
0.029716
0.027432
0.033103
0.036731
0.041819
0.031775
0.029940
0.035310
0.028264
0.027566
0.030327
0.029973
0.035775
