0.010963
0.004252
0.010768
0.005543
0.010282
0.005103
0.010086
0.008172
0.007155
0.011204
0.016041
0.024829
0.011899
0.010567
0.007487
0.015765
0.009115
0.010289
0.004107
0.011502
0.009778
0.010496
0.010667
0.010378
0.012557
0.011429
0.010846
0.014361
0.007642
0.011422
0.009689
0.010896
0.010725
0.010778
0.010395
0.010780
0.016546
0.011003
0.017084
0.011926
0.025187
0.012071
0.011567
0.009921
0.010576
0.010086
0.010516
0.018009
0.003763
0.010597
0.005284
0.011080
0.011757
0.010967
0.010926
0.005914
0.010499
0.011613
0.013057
0.011127
0.010989
0.011029
0.010857
0.007314
0.011559
0.027051
0.010421
0.011206
0.010518
0.011654
0.010970
0.010804
0.011089
0.012383
0.010652
0.011542
0.010957
0.010621
0.010959
0.010540
0.011353
0.010857
0.010811
0.023441
0.010131
0.008192
0.011224
0.010186
0.012109
0.010643
0.011901
0.009966
0.011333
0.022712
0.011342
0.010500
0.022389
0.010303
0.009233
0.010622
