0.055636
0.050588
0.050587
0.046591
0.054092
0.052272
0.035828
0.051407
0.045655
0.037224
0.052740
0.035932
0.053245
0.048850
0.054852
0.048019
0.052904
0.049841
0.052237
0.042562
0.041930
0.050941
0.053046
0.051488
0.046591
0.046101
0.060700
0.051572
0.036365
0.049486
0.052286
0.055778
0.046350
0.054712
0.043015
0.043084
0.050956
0.050850
0.055453
0.050760
0.050555
0.049774
0.049361
0.048431
0.048242
0.052565
0.048321
0.051484
0.053857
0.044847
0.049334
0.050249
0.053505
0.049538
0.054078
0.042379
0.041997
0.037512
0.047874
0.060983
0.045975
0.049996
0.050060
0.052611
0.051719
0.049582
0.057482
0.045034
0.060052
0.057931
0.048018
0.044602
0.047539
0.048816
0.046291
0.052254
0.055271
0.049950
0.045823
0.049997
0.054788
0.049354
0.043293
0.046474
0.048570
0.046713
0.060283
0.048852
0.045687
0.045987
0.047750
0.053082
0.047800
0.047136
0.050145
0.049731
0.039798
0.051654
0.036208
0.045146
