0.027225
0.017469
0.013863
0.011660
0.024088
0.017442
0.026867
0.022947
0.014509
0.027966
0.018714
0.022895
0.025309
0.023444
0.023918
0.015846
0.012198
0.013669
0.022805
0.023821
0.024107
0.018854
0.022436
0.025122
0.018482
0.025042
0.013777
0.024816
0.020311
0.024840
0.011994
0.017629
0.016855
0.024176
0.016857
0.020055
0.023524
0.020145
0.012367
0.027653
0.016811
0.012981
0.027677
0.016831
0.023311
0.019687
0.015614
0.020975
0.017059
0.015580
0.015794
0.030896
0.018879
0.024521
0.024603
0.016549
0.015831
0.021939
0.020391
0.019787
0.013881
0.024905
0.017449
0.018211
0.013865
0.016235
0.024484
0.020599
0.024790
0.027161
0.021702
0.017702
0.018287
0.021273
0.016896
0.017250
0.025888
0.020970
0.021082
0.018426
0.020327
0.016156
0.022759
0.025797
0.025571
0.011905
0.019145
0.016992
0.017260
0.017971
0.011304
0.024749
0.019073
0.015317
0.023521
0.017602
0.012024
0.021335
0.025985
0.009355
