0.012061
0.007492
0.012364
0.012351
0.013245
0.012372
0.012610
0.009894
0.012346
0.007867
0.013172
0.011877
0.011597
0.012985
0.008446
0.012238
0.013002
0.012087
0.008670
0.012723
0.007967
0.011969
0.011984
0.012551
0.012515
0.011862
0.012178
0.012131
0.012476
0.012199
0.013317
0.011692
0.011492
0.012455
0.012145
0.011661
0.012469
0.012700
0.013644
0.011849
0.012725
0.012444
0.012634
0.012743
0.012379
0.008909
0.012535
0.012695
0.012250
0.012551
0.007982
0.012456
0.013369
0.012995
0.012635
0.009039
0.012373
0.012169
0.012003
0.012195
0.012393
0.013096
0.013682
0.011768
0.007275
0.012300
0.012356
0.011964
0.012122
0.012552
0.007014
0.013655
0.008774
0.012220
0.007248
0.012962
0.012413
0.011795
0.007190
0.012545
0.011277
0.009178
0.012967
0.013236
0.012956
0.013365
0.008312
0.007273
0.007039
0.012166
0.012686
0.011759
0.012428
0.008819
0.011657
0.012292
0.011789
0.011850
0.012650
0.012777
