0.002709
0.003260
0.002918
0.002623
0.002731
0.002825
0.002855
0.003407
0.002872
0.002765
0.002830
0.003087
0.002777
0.002676
0.002789
0.002667
0.002853
0.003076
0.003437
0.003022
0.002672
0.002955
0.002579
0.003066
0.002733
0.002966
0.003414
0.002699
0.002668
0.002771
0.002513
0.002746
0.003223
0.002827
0.002649
0.002587
0.003281
0.002775
0.002752
0.002798
0.003207
0.003139
0.003172
0.003114
0.002441
0.002844
0.002913
0.002501
0.002738
0.003336
0.002718
0.002620
0.002928
0.002823
0.002572
0.003040
0.002993
0.003209
0.002875
0.002567
0.003215
0.002720
0.002795
0.002786
0.003174
0.002724
0.002906
0.003018
0.003240
0.002573
0.003025
0.002980
0.002582
0.002450
0.002914
0.002819
0.003324
0.002946
0.003033
0.002736
0.002808
0.003236
0.003177
0.002620
0.002857
0.002985
0.003080
0.002975
0.002860
0.003009
0.002572
0.003007
0.002860
0.002812
0.002768
0.002388
0.002718
0.002853
0.003232
0.002411
