0.008051
0.007081
0.007820
0.003059
0.005401
0.005601
0.012269
0.031600
0.013293
0.004558
0.003336
0.005217
0.003283
0.002525
0.006577
0.031270
0.028531
0.014249
0.004602
0.002305
0.003419
0.005620
0.003308
0.010811
0.006031
0.002197
0.002642
0.001785
0.002379
0.004309
0.009447
0.029254
0.009104
0.009656
0.007222
0.002843
0.005637
0.004381
0.005083
0.006094
0.004155
0.002512
0.013368
0.005490
0.002850
0.008501
0.003913
0.001850
0.036883
0.004950
0.008373
0.001973
0.032252
0.034833
0.032282
0.003099
0.002285
0.002341
0.030370
0.003054
0.004949
0.030975
0.002664
0.004639
0.011587
0.031467
0.003536
0.031699
0.013674
0.013113
0.002604
0.003873
0.005023
0.003623
0.004455
0.032039
0.007129
0.029785
0.002785
0.003456
0.003800
0.011948
0.013372
0.002828
0.033893
0.005440
0.005101
0.002592
0.003501
0.002285
0.032186
0.003145
0.032274
0.004481
0.005622
0.006206
0.030052
0.029687
0.003888
0.012183
