0.033578
0.055218
0.021331
0.037462
0.048968
0.012353
0.035103
0.054890
0.039462
0.043537
0.061606
0.046465
0.033775
0.028356
0.042631
0.049242
0.031830
0.030493
0.039272
0.044807
0.011264
0.010853
0.024719
0.023292
0.021722
0.061780
0.029864
0.057773
0.052535
0.017916
0.019420
0.037414
0.020753
0.033099
0.033233
0.019224
0.048733
0.031123
0.018614
0.018616
0.015056
0.062951
0.010224
0.021432
0.038427
0.020613
0.048988
0.020483
0.060067
0.028854
0.034604
0.024814
0.013458
0.040990
0.034031
0.016977
0.025661
0.025309
0.040215
0.015649
0.034614
0.050916
0.029903
0.036609
0.028838
0.013128
0.012920
0.048186
0.014267
0.016978
0.040096
0.025157
0.041391
0.028337
0.019717
0.014997
0.046094
0.012793
0.031193
0.021404
0.045961
0.020670
0.018866
0.030322
0.026592
0.021779
0.038503
0.022037
0.023088
0.035981
0.021094
0.045804
0.033783
0.042851
0.033724
0.048100
0.054472
0.025353
0.046757
0.023860
