0.040972
0.061346
0.042474
0.055214
0.047929
0.042481
0.039184
0.066126
0.035300
0.057718
0.029135
0.067439
0.041664
0.062065
0.056645
0.046730
0.056248
0.043704
0.063516
0.052471
0.056871
0.065274
0.044365
0.049263
0.035396
0.075177
0.048233
0.047787
0.050834
0.055088
0.049483
0.029224
0.063274
0.043677
0.043068
0.056593
0.034582
0.039004
0.068690
0.049913
0.053466
0.048397
0.038850
0.051148
0.039506
0.058651
0.051657
0.051977
0.058157
0.059141
0.069869
0.038705
0.044884
0.047194
0.058152
0.052736
0.047342
0.049749
0.047407
0.062055
0.044836
0.058383
0.047125
0.036065
0.048066
0.043684
0.060007
0.043384
0.047221
0.048836
0.057304
0.060468
0.029304
0.036179
0.045117
0.038514
0.050569
0.061526
0.047631
0.046594
0.060787
0.046305
0.067492
0.041927
0.066356
0.057827
0.055939
0.046542
0.053476
0.033949
0.044907
0.046787
0.044166
0.047394
0.054919
0.047941
0.040901
0.072780
0.055103
0.060690
