0.005016
0.029826
0.036386
0.007857
0.008969
0.049790
0.034789
0.008777
0.018535
0.009219
0.003919
0.012618
0.026273
0.008685
0.007112
0.007436
0.005463
0.036681
0.009580
0.033145
0.013656
0.015707
0.011257
0.015019
0.009968
0.014512
0.009451
0.013308
0.029728
0.036724
0.005986
0.033592
0.034273
0.007392
0.066736
0.015083
0.006254
0.015759
0.027440
0.035583
0.037044
0.014032
0.029674
0.030540
0.006448
0.012089
0.030212
0.028195
0.010852
0.028055
0.013423
0.008350
0.027405
0.031495
0.033950
0.011256
0.032202
0.031519
0.028609
0.009075
0.016431
0.034611
0.036031
0.027714
0.017375
0.009249
0.006400
0.038694
0.013042
0.033635
0.033693
0.033534
0.010476
0.009934
0.009770
0.007522
0.014238
0.006474
0.032282
0.035848
0.032596
0.014672
0.035296
0.029508
0.011430
0.038687
0.059826
0.009197
0.010580
0.032130
0.004796
0.009775
0.017752
0.042562
0.038760
0.006320
0.013860
0.006744
0.032254
0.007086
