0.011745
0.018347
0.018856
0.012293
0.013831
0.011549
0.016164
0.011862
0.012081
0.014011
0.014571
0.012366
0.013698
0.011917
0.013607
0.013294
0.040494
0.012396
0.013409
0.013509
0.011771
0.013015
0.011727
0.011166
0.013091
0.012674
0.016152
0.011839
0.012360
0.013497
0.012278
0.013469
0.012457
0.011744
0.012302
0.011880
0.011708
0.010992
0.012263
0.017355
0.012484
0.012251
0.014007
0.013551
0.012279
0.011925
0.013188
0.012038
0.011753
0.013998
0.014430
0.013274
0.013058
0.013657
0.012401
0.012568
0.012828
0.012568
0.013141
0.011958
0.011702
0.011776
0.011999
0.012304
0.012940
0.011513
0.012167
0.011782
0.012989
0.012062
0.012301
0.011714
0.014123
0.011956
0.013832
0.043551
0.012751
0.011794
0.011817
0.028392
0.011567
0.011939
0.013589
0.012265
0.012141
0.012446
0.012211
0.011803
0.012494
0.016001
0.013362
0.012319
0.061389
0.041665
0.012983
0.011823
0.016012
0.011903
0.014345
0.012671
