0.031217
0.032138
0.044843
0.036461
0.032487
0.031370
0.038800
0.032293
0.032382
0.033873
0.033783
0.033526
0.035870
0.033129
0.040211
0.029220
0.035142
0.041996
0.034846
0.035649
0.049258
0.029677
0.035531
0.059456
0.044617
0.032106
0.045869
0.038014
0.032286
0.029226
0.028517
0.032836
0.032509
0.032878
0.033408
0.038153
0.028630
0.031272
0.036226
0.032777
0.036090
0.040190
0.034904
0.040417
0.044935
0.034810
0.029331
0.035505
0.036367
0.029203
0.031907
0.041800
0.033114
0.032032
0.036029
0.036970
0.040960
0.032236
0.036039
0.033808
0.044508
0.034932
0.029776
0.034343
0.032642
0.029043
0.073776
0.029590
0.031766
0.031106
0.032679
0.032568
0.027629
0.035149
0.031971
0.039653
0.032402
0.032471
0.033111
0.036784
0.028976
0.035066
0.035307
0.028773
0.033237
0.030500
0.033441
0.031769
0.030980
0.030900
0.041327
0.034870
0.034912
0.029989
0.035818
0.034739
0.032692
0.032186
0.032329
0.033517
