0.045692
0.010420
0.009511
0.009293
0.009634
0.008926
0.009412
0.009206
0.008992
0.009041
0.009178
0.010230
0.008979
0.009863
0.009498
0.009295
0.008788
0.009882
0.009653
0.016661
0.011696
0.008930
0.008701
0.026186
0.009043
0.008786
0.008885
0.009463
0.009858
0.008870
0.009632
0.009873
0.008946
0.009872
0.008778
0.021067
0.009018
0.008961
0.008707
0.009175
0.009384
0.009078
0.009342
0.010385
0.008922
0.009319
0.009009
0.009424
0.009202
0.009867
0.009018
0.009224
0.009949
0.008599
0.008525
0.008881
0.009410
0.008947
0.008992
0.009634
0.008852
0.008954
0.009263
0.038958
0.009089
0.009218
0.034176
0.009472
0.008951
0.008544
0.009531
0.008951
0.008717
0.009022
0.009136
0.021466
0.009947
0.009109
0.009424
0.010022
0.009250
0.008912
0.008968
0.008910
0.008979
0.009836
0.009350
0.008983
0.011481
0.009410
0.009773
0.010599
0.009812
0.008673
0.009652
0.009683
0.009424
0.009259
0.009474
0.009734
