0.048372
0.071993
0.069714
0.049549
0.059037
0.060452
0.070463
0.053606
0.049443
0.051500
0.052869
0.058320
0.071885
0.068180
0.048820
0.056336
0.047280
0.053008
0.057990
0.062373
0.063056
0.048716
0.046089
0.047929
0.049618
0.063223
0.050306
0.050936
0.050524
0.049700
0.052228
0.073640
0.058178
0.070801
0.156345
0.053446
0.076177
0.050493
0.078958
0.050264
0.052644
0.050425
0.049645
0.048178
0.057768
0.081527
0.062595
0.053678
0.048007
0.055927
0.051076
0.068843
0.062780
0.049756
0.054066
0.050766
0.046126
0.052823
0.076086
0.053051
0.087802
0.048931
0.049719
0.064089
0.051910
0.055487
0.056276
0.052471
0.049727
0.051806
0.052168
0.084761
0.049469
0.049489
0.076243
0.046389
0.049700
0.050018
0.050357
0.094363
0.080296
0.078230
0.062743
0.064369
0.049576
0.050873
0.049547
0.050636
0.064270
0.069983
0.053655
0.062472
0.055069
0.049086
0.048970
0.048911
0.084595
0.048672
0.050413
0.099250
