0.024205
0.020877
0.051052
0.021619
0.024034
0.103758
0.021009
0.024296
0.020257
0.022990
0.022222
0.021148
0.021837
0.029867
0.021097
0.020199
0.020389
0.020488
0.021813
0.027849
0.021682
0.025407
0.022014
0.042711
0.024946
0.019296
0.022270
0.028831
0.023306
0.021424
0.021805
0.064905
0.021341
0.020363
0.023085
0.031768
0.019889
0.020196
0.025721
0.020539
0.021706
0.027608
0.022916
0.021076
0.020645
0.021340
0.020935
0.021935
0.027589
0.020852
0.024662
0.022161
0.023958
0.020084
0.021767
0.024886
0.021235
0.022831
0.020806
0.021117
0.025338
0.021457
0.020619
0.024954
0.026700
0.019992
0.028416
0.024889
0.020810
0.045131
0.021100
0.027701
0.022643
0.022820
0.023142
0.020779
0.020731
0.027458
0.023006
0.023187
0.020972
0.025154
0.020557
0.024685
0.022763
0.022495
0.023876
0.020756
0.024861
0.026826
0.021061
0.023246
0.023752
0.023467
0.020723
0.020849
0.022447
0.021178
0.021040
0.021665
