0.007658
0.014606
0.011590
0.011078
0.012133
0.013070
0.004321
0.012067
0.013648
0.010105
0.014086
0.013299
0.010697
0.013422
0.018877
0.011200
0.014065
0.012288
0.008841
0.017639
0.010799
0.011800
0.014073
0.009387
0.009225
0.008066
0.011641
0.014180
0.011369
0.010957
0.015005
0.008127
0.010171
0.010236
0.008204
0.012165
0.010379
0.007778
0.017206
0.010501
0.015110
0.010602
0.009056
0.008424
0.011929
0.012697
0.004204
0.016597
0.011335
0.008193
0.017761
0.019168
0.003561
0.011664
0.011160
0.005552
0.009092
0.011359
0.009725
0.004205
0.011112
0.012430
0.013412
0.015843
0.012429
0.012425
0.019341
0.003286
0.013035
0.014856
0.012742
0.010752
0.012697
0.014003
0.012034
0.010714
0.013498
0.011432
0.011192
0.013200
0.003480
0.014820
0.014774
0.008494
0.009303
0.014531
0.005455
0.014152
0.011953
0.015920
0.015440
0.011604
0.002214
0.010480
0.015987
0.013901
0.008134
0.012811
0.011690
0.012231
