0.003584
0.003475
0.003308
0.003468
0.003558
0.003671
0.003541
0.003355
0.003926
0.003454
0.003602
0.003544
0.003470
0.003448
0.003299
0.003011
0.003539
0.003360
0.003676
0.003128
0.003140
0.003380
0.002991
0.003034
0.003116
0.003846
0.003837
0.004141
0.002943
0.003568
0.003315
0.004117
0.003114
0.003306
0.004174
0.003221
0.002963
0.003903
0.003185
0.003316
0.003576
0.003120
0.003645
0.003666
0.003418
0.003653
0.003368
0.003371
0.003607
0.003840
0.003672
0.003739
0.003420
0.002989
0.003280
0.003438
0.003357
0.003773
0.002929
0.003002
0.003965
0.003184
0.003297
0.003517
0.004038
0.003241
0.003445
0.003388
0.003212
0.003339
0.003807
0.003281
0.003240
0.003743
0.003289
0.003587
0.003655
0.003456
0.003884
0.003252
0.003318
0.003200
0.003631
0.003343
0.003365
0.002966
0.003387
0.003093
0.003466
0.003198
0.003804
0.003549
0.003534
0.003333
0.003049
0.003370
0.003664
0.003558
0.004157
0.002931
