0.005838
0.002932
0.002759
0.006477
0.002635
0.006183
0.044401
0.012656
0.002529
0.003623
0.024336
0.001950
0.002484
0.002050
0.002782
0.057868
0.002559
0.005475
0.058204
0.001471
0.001185
0.007436
0.041299
0.005060
0.001887
0.004261
0.013643
0.006192
0.002377
0.002448
0.001605
0.004202
0.015205
0.001459
0.006059
0.013516
0.001596
0.005917
0.002104
0.013713
0.010302
0.004557
0.053330
0.002054
0.002392
0.003752
0.003645
0.003226
0.002435
0.021291
0.012690
0.011548
0.003138
0.003683
0.011774
0.001064
0.002263
0.048843
0.003418
0.002140
0.012734
0.013596
0.002541
0.001250
0.003373
0.000849
0.002853
0.005069
0.015958
0.015694
0.003280
0.001307
0.044970
0.004114
0.005275
0.003529
0.004038
0.001058
0.005161
0.002330
0.045032
0.002815
0.003972
0.002105
0.049323
0.003885
0.002776
0.002519
0.002034
0.002868
0.006046
0.043820
0.003849
0.013882
0.005418
0.023113
0.048837
0.002421
0.013778
0.003168
