0.004355
0.036149
0.011630
0.013203
0.055731
0.011022
0.029660
0.009739
0.013420
0.029560
0.009806
0.039198
0.026090
0.012400
0.015776
0.010321
0.009687
0.005681
0.017746
0.041539
0.027409
0.014291
0.016272
0.008121
0.030491
0.050352
0.047650
0.009330
0.022419
0.011105
0.028498
0.011632
0.011749
0.013358
0.051220
0.030914
0.039260
0.030315
0.009303
0.044135
0.056820
0.026898
0.010495
0.016896
0.009166
0.034005
0.012207
0.041908
0.055588
0.019272
0.021076
0.007246
0.016157
0.024939
0.011101
0.013592
0.009102
0.048365
0.030469
0.017462
0.012293
0.014435
0.003792
0.016293
0.021643
0.046370
0.029991
0.005883
0.012401
0.051715
0.010808
0.026331
0.031985
0.035032
0.019735
0.013564
0.003158
0.012176
0.004598
0.006952
0.013708
0.025563
0.023582
0.029565
0.010433
0.054651
0.019827
0.010119
0.039505
0.043224
0.011258
0.012342
0.043830
0.015674
0.041706
0.011483
0.091296
0.056987
0.017130
0.007997
