0.004879
0.004700
0.061381
0.000894
0.013821
0.001414
0.001791
0.001271
0.001312
0.002225
0.004129
0.001472
0.007164
0.013315
0.003740
0.002655
0.003298
0.012688
0.002614
0.058396
0.005585
0.001152
0.005033
0.001585
0.001008
0.003138
0.058542
0.004534
0.000505
0.041008
0.057383
0.001428
0.000268
0.014896
0.055768
0.003160
0.012427
0.004554
0.017030
0.002639
0.002569
0.006270
0.001520
0.003500
0.000417
0.004886
0.003009
0.013102
0.015690
0.001878
0.003184
0.002226
0.003007
0.001112
0.000845
0.001787
0.003698
0.002065
0.001250
0.001574
0.001553
0.014259
0.002307
0.004240
0.056867
0.013726
0.003330
0.002894
0.003151
0.023075
0.002368
0.004397
0.003786
0.001672
0.015102
0.016066
0.004821
0.002546
0.003324
0.001326
0.003074
0.005574
0.001738
0.058481
0.002200
0.002050
0.000584
0.001147
0.021847
0.017790
0.003119
0.014668
0.056290
0.002846
0.000768
0.002288
0.001752
0.055921
0.036419
0.006528
