0.026608
0.043504
0.031025
0.022081
0.014672
0.026642
0.034373
0.042427
0.020362
0.031822
0.028957
0.024473
0.036418
0.019191
0.025733
0.016471
0.038034
0.016702
0.039253
0.038703
0.019498
0.034809
0.033582
0.029142
0.012773
0.027994
0.044966
0.051059
0.019279
0.040111
0.025279
0.032128
0.032222
0.023583
0.022451
0.018362
0.018561
0.038496
0.017592
0.021810
0.016804
0.016138
0.034982
0.044199
0.021405
0.019614
0.031993
0.026270
0.031280
0.037053
0.029025
0.030511
0.024749
0.027398
0.022551
0.020750
0.057620
0.039700
0.066386
0.033076
0.045470
0.016430
0.020958
0.056073
0.025764
0.019801
0.035188
0.034218
0.039632
0.043528
0.038745
0.025738
0.040160
0.038453
0.028705
0.022736
0.025554
0.025800
0.033288
0.020471
0.023939
0.045796
0.024856
0.015062
0.038725
0.007355
0.013463
0.051199
0.024263
0.025477
0.035366
0.020047
0.027563
0.014440
0.052257
0.030027
0.011507
0.029809
0.015558
0.026484
