0.007269
0.004284
0.024428
0.052989
0.052325
0.006283
0.006910
0.019039
0.004908
0.008690
0.054373
0.006058
0.010269
0.006613
0.004092
0.004437
0.048180
0.045525
0.006855
0.020632
0.008675
0.046986
0.005017
0.030775
0.010781
0.013202
0.017063
0.006895
0.004886
0.017196
0.010644
0.012627
0.019414
0.011952
0.052514
0.004635
0.092553
0.008231
0.012759
0.011619
0.011167
0.010442
0.014585
0.004291
0.054409
0.065527
0.006208
0.007547
0.007801
0.002824
0.005321
0.005036
0.014601
0.006583
0.004528
0.055827
0.043226
0.019654
0.006074
0.003912
0.051887
0.012988
0.013353
0.010448
0.011512
0.012904
0.005879
0.008774
0.005822
0.005505
0.007861
0.018950
0.004561
0.009682
0.006648
0.005231
0.005449
0.011968
0.064311
0.007160
0.050450
0.006922
0.008833
0.020232
0.062437
0.011142
0.004963
0.027108
0.004933
0.009650
0.021677
0.006897
0.064120
0.057869
0.006685
0.016911
0.007338
0.063234
0.096425
0.003678
