0.015270
0.024131
0.014730
0.042551
0.021402
0.028313
0.015347
0.063067
0.036241
0.012210
0.035930
0.019011
0.009928
0.050542
0.028243
0.013424
0.038107
0.008246
0.018921
0.040151
0.029850
0.021656
0.021163
0.010838
0.013842
0.047254
0.020166
0.153105
0.009476
0.111863
0.027461
0.027611
0.057436
0.039882
0.025131
0.036760
0.008592
0.027753
0.007865
0.022190
0.031343
0.064846
0.059884
0.015934
0.015624
0.017236
0.030719
0.006403
0.018800
0.011872
0.018571
0.035677
0.031181
0.026774
0.142251
0.011667
0.045371
0.010956
0.036750
0.043317
0.027111
0.011262
0.009701
0.095522
0.040838
0.032669
0.015583
0.018958
0.044856
0.014940
0.022477
0.004721
0.026743
0.032783
0.028325
0.009252
0.016225
0.027340
0.056376
0.020073
0.036509
0.005480
0.048785
0.023446
0.006357
0.055163
0.026796
0.032434
0.023031
0.068664
0.005565
0.019274
0.026528
0.031784
0.011854
0.064220
0.018552
0.010821
0.005923
0.014448
