0.041497
0.060082
0.038873
0.032752
0.052078
0.039609
0.037607
0.032419
0.051843
0.040595
0.035815
0.044473
0.042119
0.065755
0.046311
0.044143
0.041171
0.040284
0.052499
0.030728
0.056266
0.042252
0.051982
0.036672
0.058979
0.058551
0.059034
0.054065
0.040575
0.047490
0.040838
0.030962
0.056256
0.046614
0.060315
0.049989
0.051859
0.053702
0.122663
0.048199
0.043617
0.031044
0.039572
0.055436
0.051623
0.036065
0.053042
0.062759
0.042144
0.033965
0.060589
0.045937
0.036592
0.056772
0.031372
0.039056
0.041201
0.042761
0.041490
0.051259
0.041585
0.047073
0.071545
0.036965
0.114909
0.049730
0.045122
0.038255
0.040009
0.041555
0.047853
0.070842
0.033197
0.048009
0.038735
0.048917
0.039566
0.036951
0.057554
0.063042
0.032991
0.070325
0.039165
0.077292
0.040299
0.040149
0.051721
0.035650
0.038508
0.036213
0.055935
0.040080
0.052715
0.040369
0.031977
0.036228
0.045328
0.043957
0.047142
0.044976
