0.065003
0.072772
0.035243
0.087463
0.025042
0.060918
0.028477
0.027905
0.052812
0.046629
0.154229
0.014793
0.051458
0.069272
0.094410
0.017116
0.028373
0.023741
0.065293
0.056446
0.041101
0.082449
0.107587
0.109098
0.087975
0.064552
0.130296
0.026557
0.071956
0.010991
0.125039
0.035518
0.079442
0.078149
0.036304
0.046612
0.057429
0.014635
0.257784
0.062838
0.019421
0.145321
0.066788
0.064285
0.014304
0.064277
0.021816
0.107044
0.055461
0.031437
0.036357
0.141816
0.108676
0.142634
0.019812
0.004852
0.007907
0.056229
0.034546
0.027363
0.020905
0.058861
0.040690
0.055293
0.206936
0.028601
0.032942
0.082269
0.020040
0.011624
0.086905
0.018594
0.021423
0.073348
0.127882
0.021904
0.079362
0.094117
0.030602
0.061256
0.010516
0.030477
0.025047
0.022928
0.060178
0.025354
0.098018
0.055407
0.022904
0.039368
0.122459
0.084168
0.023910
0.084447
0.063685
0.070335
0.022150
0.098591
0.116890
0.049820
