0.046696
0.036466
0.051298
0.036781
0.038438
0.036312
0.029522
0.050199
0.041082
0.032338
0.045370
0.035055
0.035599
0.034914
0.036912
0.037884
0.038593
0.037413
0.039010
0.045042
0.036864
0.041299
0.042129
0.053346
0.043622
0.047876
0.047684
0.050214
0.042127
0.053688
0.042975
0.043212
0.033812
0.037230
0.050326
0.040306
0.052611
0.033752
0.046075
0.030540
0.042696
0.036511
0.040304
0.037295
0.030513
0.029444
0.037056
0.035698
0.047572
0.032596
0.039016
0.040441
0.029517
0.032053
0.048058
0.043734
0.044780
0.028831
0.051419
0.034986
0.046477
0.039539
0.031416
0.034990
0.033341
0.034318
0.035801
0.031430
0.052622
0.038987
0.040553
0.054556
0.051927
0.038429
0.058950
0.034551
0.048353
0.052840
0.038789
0.036859
0.057189
0.038321
0.033467
0.052192
0.054383
0.036137
0.032646
0.043617
0.041317
0.042855
0.029594
0.029660
0.034905
0.050609
0.050143
0.037740
0.037987
0.041524
0.024576
0.039305
