0.032476
0.077459
0.063328
0.021685
0.027321
0.027548
0.027547
0.032717
0.031661
0.022685
0.042507
0.031149
0.028704
0.033681
0.051191
0.035718
0.021265
0.022906
0.025488
0.039861
0.081050
0.085789
0.069053
0.040477
0.199841
0.019886
0.049851
0.047978
0.028791
0.071267
0.163051
0.071352
0.062173
0.026025
0.073156
0.038558
0.038757
0.065114
0.056237
0.032441
0.028915
0.042251
0.047851
0.026221
0.028270
0.033896
0.064624
0.083461
0.025310
0.047906
0.032758
0.072128
0.056710
0.026001
0.020041
0.020576
0.033868
0.091908
0.067627
0.024544
0.059241
0.027377
0.075527
0.016644
0.082182
0.060371
0.042809
0.030958
0.039774
0.028098
0.036766
0.029369
0.020801
0.027844
0.032959
0.064277
0.025804
0.034462
0.068734
0.038830
0.030528
0.037011
0.100834
0.031969
0.052896
0.035201
0.189236
0.030393
0.046396
0.027623
0.028823
0.034392
0.018072
0.066812
0.025985
0.036620
0.029071
0.028749
0.043760
0.039675
