0.238715
0.232363
0.525089
0.216720
0.181442
0.322334
0.070760
0.260664
0.198601
0.418976
0.404993
0.058494
0.316593
0.336694
0.628032
0.198413
0.576590
0.208274
0.011146
0.269825
0.359185
0.094166
0.439556
0.329269
0.257137
0.440925
0.201318
0.194227
0.371436
0.745761
0.327863
0.286631
0.115426
0.327881
0.383595
0.293719
0.387815
0.450562
0.253642
0.210115
0.266567
0.248774
0.569327
0.674135
0.553117
0.563978
0.337875
0.179109
0.266089
0.086391
0.179620
0.693242
0.385894
0.240180
0.302360
0.235311
0.330795
0.589600
0.267406
0.220612
0.084548
0.179054
0.300717
0.440606
0.305402
0.320890
0.209655
0.217994
0.423100
0.037115
0.103832
0.267779
0.057208
0.173598
0.097526
0.331385
0.433522
0.173695
0.272241
0.455367
0.272026
0.072179
0.265647
0.159908
0.048029
0.271571
0.673414
0.277540
0.121265
0.159435
0.208075
0.157680
0.266972
0.363846
0.176384
0.693231
0.106607
0.136678
0.299861
0.290024
