0.305976
0.731811
0.293869
0.311817
0.355679
0.338211
0.153066
0.144287
0.483063
0.171414
0.576429
0.683368
0.304276
0.193203
0.209694
0.073889
0.111074
0.442545
0.633390
0.297670
0.160836
0.438221
0.471445
0.209612
0.305331
0.560026
0.363391
0.194974
0.115165
0.062578
0.387061
0.378772
0.462527
0.253445
0.288803
0.394983
0.239740
0.145383
0.143701
0.183670
0.634851
0.312604
0.579605
0.565985
0.079882
0.545923
0.105153
0.320743
0.185723
0.244418
0.050067
0.726212
0.148043
0.470484
0.267085
0.409256
0.291402
0.371504
0.223455
0.443888
0.074740
0.192038
0.406746
0.117231
0.266952
0.121041
0.332840
0.168766
0.277822
0.544843
0.642342
0.198934
0.302590
0.272751
0.536129
0.336189
0.335092
0.339962
0.279442
0.134117
0.061382
0.400230
0.263410
0.170927
0.336382
0.362501
0.068120
0.178679
0.137086
0.248250
0.213320
0.071337
0.258009
0.309831
0.301232
0.678822
0.547944
0.275942
0.077831
0.389819
