0.082858
0.122515
0.156957
0.128552
0.065516
0.092945
0.073773
0.110321
0.116370
0.079801
0.122044
0.204608
0.097262
0.106966
0.130926
0.068671
0.148740
0.194450
0.097878
0.139322
0.081058
0.043234
0.117850
0.076072
0.140281
0.120108
0.093546
0.086085
0.096136
0.111361
0.154178
0.045699
0.121856
0.057371
0.138399
0.113950
0.108246
0.080402
0.078520
0.080042
0.090086
0.085567
0.120023
0.151592
0.150121
0.190733
0.116144
0.096270
0.085310
0.111393
0.088866
0.102902
0.076528
0.105274
0.090260
0.189192
0.146683
0.159353
0.191557
0.113222
0.121482
0.094852
0.129159
0.102408
0.078047
0.084130
0.079083
0.092182
0.135706
0.174514
0.196685
0.123531
0.091431
0.115076
0.059047
0.050212
0.115069
0.194804
0.107840
0.115536
0.056575
0.199813
0.097525
0.068451
0.149163
0.062826
0.179083
0.115743
0.113555
0.120711
0.095759
0.111084
0.111407
0.077016
0.075452
0.190905
0.184684
0.113301
0.137655
0.112031
