0.254822
0.073866
0.451340
0.156618
0.173723
0.250561
0.139170
0.056457
0.616778
0.144294
0.245477
0.589256
0.259286
0.283342
0.416749
0.074577
0.149576
0.133366
0.314438
0.197290
0.248447
0.208735
0.366829
0.193334
0.254140
0.079092
0.183768
0.186686
0.338603
0.299680
0.252532
0.194253
0.249341
0.330111
0.354048
0.186374
0.123636
0.254561
0.168849
0.187732
0.119999
0.143616
0.518727
0.051834
0.484176
0.304419
0.283387
0.353630
0.138150
0.173499
0.264489
0.507405
0.242533
0.144785
0.313924
0.169870
0.310502
0.078101
0.123767
0.092779
0.478516
0.164527
0.557733
0.221264
0.271050
0.202487
0.250821
0.167146
0.180859
0.586832
0.369059
0.155057
0.125406
0.208030
0.522244
0.248894
0.122853
0.217970
0.117681
0.107917
0.290746
0.565481
0.259071
0.127497
0.218385
0.210300
0.050589
0.186476
0.142684
0.176672
0.186541
0.499390
0.166811
0.188422
0.331756
0.095553
0.291726
0.219978
0.447884
0.167770
