0.014423
0.013767
0.010990
0.011114
0.014163
0.011742
0.015474
0.008019
0.010192
0.013846
0.012502
0.014192
0.012488
0.012349
0.015082
0.012791
0.012708
0.009298
0.010787
0.010325
0.011533
0.010384
0.011884
0.013244
0.013486
0.013868
0.011981
0.011138
0.023306
0.012755
0.013478
0.013226
0.009614
0.014248
0.011680
0.006541
0.013922
0.013980
0.012514
0.009306
0.010648
0.013680
0.014911
0.010108
0.011959
0.013699
0.013299
0.010240
0.010898
0.012180
0.013467
0.011352
0.014215
0.009516
0.014201
0.012385
0.014678
0.015590
0.013890
0.011058
0.011981
0.014041
0.015185
0.014952
0.015760
0.011922
0.014528
0.012415
0.013014
0.005625
0.010757
0.014642
0.009552
0.010377
0.013379
0.013933
0.011996
0.011447
0.012851
0.011305
0.011453
0.005675
0.012835
0.013973
0.014091
0.010572
0.014064
0.013216
0.013453
0.013048
0.012196
0.011553
0.012691
0.012214
0.013107
0.014128
0.012588
0.009974
0.013660
0.016097
