0.031532
0.032459
0.030523
0.030173
0.032658
0.027423
0.029763
0.038743
0.034740
0.031528
0.035739
0.025725
0.036207
0.045440
0.032756
0.033082
0.027849
0.030686
0.035528
0.028569
0.030245
0.019885
0.035264
0.031480
0.025400
0.026759
0.030726
0.033806
0.030326
0.031960
0.030665
0.026161
0.026939
0.036156
0.027244
0.026385
0.028539
0.028278
0.031011
0.029510
0.031107
0.031455
0.038192
0.033482
0.030431
0.029715
0.034886
0.041118
0.032546
0.026556
0.030940
0.031257
0.028103
0.026387
0.029013
0.033270
0.029360
0.028076
0.027556
0.029821
0.033627
0.032697
0.037733
0.029830
0.033112
0.027769
0.029226
0.031782
0.039731
0.032141
0.031674
0.030823
0.029180
0.029060
0.029362
0.033594
0.051865
0.033254
0.040781
0.028261
0.028614
0.028401
0.028952
0.030828
0.029100
0.027218
0.031815
0.033833
0.029400
0.031676
0.030739
0.031380
0.027072
0.026333
0.028423
0.032750
0.033513
0.024923
0.027259
0.026470
