0.009805
0.008284
0.010098
0.013990
0.011003
0.010763
0.010912
0.010097
0.011632
0.010635
0.011153
0.015769
0.009736
0.009295
0.010300
0.010260
0.010862
0.009789
0.009441
0.009979
0.025191
0.024608
0.010439
0.010327
0.010505
0.010383
0.010350
0.009689
0.011969
0.010485
0.010577
0.015865
0.011006
0.010052
0.010289
0.010700
0.010143
0.010468
0.010440
0.010027
0.011206
0.009600
0.010620
0.010071
0.010531
0.005096
0.010629
0.010613
0.010107
0.009619
0.010870
0.010255
0.003702
0.010083
0.009928
0.010784
0.010543
0.009935
0.010670
0.009534
0.009818
0.010099
0.010731
0.010687
0.009782
0.009310
0.010460
0.009404
0.009872
0.023022
0.009232
0.009974
0.011151
0.009695
0.020540
0.010426
0.010323
0.010817
0.022510
0.040095
0.009494
0.003822
0.009571
0.010164
0.007777
0.010416
0.010279
0.009776
0.031907
0.009885
0.010936
0.010052
0.013612
0.010159
0.010749
0.004760
0.009778
0.008861
0.009785
0.004571
