0.044680
0.049070
0.033528
0.044898
0.040170
0.032973
0.039181
0.040679
0.049699
0.045655
0.049916
0.043348
0.042722
0.047297
0.048556
0.037342
0.041959
0.052437
0.046543
0.042818
0.037697
0.036895
0.042913
0.047869
0.034625
0.057405
0.043795
0.041734
0.042269
0.039977
0.041654
0.047406
0.037018
0.051552
0.042727
0.041967
0.040451
0.043073
0.042622
0.054144
0.050400
0.041152
0.038847
0.039248
0.034328
0.041463
0.047723
0.038786
0.046654
0.039223
0.036245
0.041959
0.039168
0.034268
0.066922
0.043698
0.042469
0.045039
0.038936
0.034817
0.037802
0.043149
0.031003
0.058629
0.041156
0.047815
0.042061
0.050791
0.043883
0.039601
0.040238
0.040652
0.041543
0.043453
0.036775
0.038923
0.044869
0.044741
0.038635
0.037481
0.039739
0.042847
0.036790
0.035827
0.040834
0.037737
0.043719
0.044767
0.047069
0.040985
0.043214
0.040552
0.040984
0.043331
0.035300
0.051881
0.036118
0.036922
0.033904
0.058098
