0.021901
0.014586
0.017620
0.022572
0.026784
0.021089
0.024794
0.017149
0.020471
0.022953
0.016886
0.032098
0.021959
0.015402
0.017252
0.023978
0.033192
0.023265
0.021436
0.026842
0.021141
0.024543
0.025435
0.024803
0.021307
0.017559
0.024943
0.056414
0.022551
0.024909
0.023024
0.025691
0.020284
0.023302
0.018278
0.027315
0.024255
0.017486
0.017271
0.020696
0.017406
0.024522
0.023388
0.018798
0.020435
0.021118
0.021089
0.017159
0.021652
0.022946
0.016793
0.022559
0.022831
0.020493
0.018417
0.023125
0.024304
0.022627
0.023100
0.022785
0.018718
0.023029
0.020198
0.022640
0.021903
0.023861
0.023749
0.022871
0.025494
0.016909
0.021914
0.024458
0.019309
0.019532
0.016253
0.022309
0.017707
0.023687
0.033855
0.022524
0.019624
0.021905
0.029803
0.014669
0.020346
0.024047
0.022052
0.022465
0.031181
0.022869
0.023927
0.019484
0.021544
0.024091
0.024112
0.031058
0.024636
0.019818
0.023341
0.021565
