0.003103
0.003963
0.004647
0.003530
0.002197
0.002156
0.056564
0.007214
0.003501
0.003732
0.015857
0.010428
0.002695
0.001949
0.006467
0.069969
0.005299
0.006563
0.060768
0.001699
0.001735
0.003549
0.060487
0.004367
0.002314
0.007141
0.001877
0.005386
0.005878
0.005089
0.002450
0.003297
0.006145
0.001911
0.005599
0.002946
0.002885
0.005080
0.001735
0.003827
0.005140
0.007224
0.060328
0.001759
0.006141
0.010554
0.002156
0.003335
0.001393
0.011146
0.002394
0.016540
0.003679
0.007189
0.019160
0.002298
0.002367
0.057595
0.004071
0.002378
0.016332
0.002096
0.014641
0.005648
0.003773
0.001918
0.001704
0.007935
0.001928
0.023802
0.007850
0.001719
0.056069
0.004951
0.004474
0.003638
0.007580
0.001919
0.004309
0.002729
0.058860
0.001919
0.006233
0.003832
0.064514
0.007038
0.003566
0.006375
0.001669
0.006565
0.011143
0.054978
0.005038
0.001212
0.008087
0.017061
0.055210
0.006139
0.003752
0.002835
