0.010125
0.035923
0.014329
0.022112
0.071587
0.021107
0.030628
0.018019
0.020515
0.032861
0.013016
0.054023
0.034590
0.019061
0.027855
0.019697
0.017533
0.015056
0.024257
0.041931
0.026792
0.022611
0.014755
0.011127
0.041358
0.057124
0.053561
0.015806
0.026528
0.015243
0.035310
0.020274
0.016147
0.021568
0.053115
0.034726
0.047487
0.043351
0.019052
0.043659
0.059601
0.035562
0.016725
0.026858
0.011875
0.047212
0.021891
0.055441
0.066422
0.026169
0.026972
0.012772
0.019798
0.028264
0.017488
0.016769
0.014109
0.052325
0.035027
0.015504
0.010744
0.009602
0.015013
0.021992
0.025130
0.042146
0.031061
0.017723
0.021832
0.058999
0.014362
0.033875
0.029719
0.035327
0.028182
0.022163
0.007625
0.017160
0.009732
0.014700
0.020673
0.031322
0.033411
0.035569
0.019295
0.068788
0.027235
0.016269
0.049002
0.053830
0.016381
0.018334
0.050940
0.018171
0.041396
0.016580
0.107450
0.055545
0.020076
0.013837
