0.004552
0.001618
10.593997
0.001209
0.001926
0.001399
0.001086
0.001373
0.002089
0.001342
0.004971
0.001323
0.004616
0.001270
0.004670
0.001578
0.003561
0.000962
0.001476
0.061314
0.006162
0.001077
0.004243
0.003384
0.001470
0.003836
0.059695
0.004554
0.001187
0.003717
0.059997
0.001521
0.002777
0.001464
0.056582
0.001691
0.002779
0.002362
0.006743
0.001509
0.001579
0.005824
0.001945
0.001190
0.001233
0.003713
0.004454
0.001711
0.004306
0.001370
0.001275
0.001824
0.002916
0.001669
0.001112
0.001787
0.004901
0.003052
0.002051
0.001678
0.002696
0.004300
0.001659
0.003992
0.057768
0.002073
0.002937
0.003011
0.004742
0.010185
0.001838
0.005827
0.004219
0.001410
0.001758
0.004419
0.003884
0.001691
0.002813
0.001572
0.004464
0.004729
0.001500
0.062825
0.002246
0.001335
0.001204
0.002969
0.010998
0.004155
0.002652
0.003471
0.056714
0.003240
0.001123
0.003353
0.001486
0.057407
0.001149
0.005392
