0.027938
0.041780
0.032513
0.016846
0.015961
0.027242
0.030386
0.038089
0.018991
0.030899
0.027170
0.024468
0.039820
0.015106
0.029412
0.016962
0.039929
0.014462
0.035585
0.033699
0.018024
0.029170
0.032849
0.028085
0.011339
0.031711
0.046350
0.057850
0.017775
0.038319
0.027276
0.031224
0.030372
0.024965
0.022378
0.017653
0.018712
0.031926
0.020453
0.018211
0.010672
0.017512
0.032872
0.044844
0.019364
0.021784
0.032016
0.027275
0.032505
0.037675
0.027099
0.028400
0.024805
0.022244
0.022781
0.015819
0.055331
0.043430
0.065192
0.029933
0.042040
0.019351
0.017706
0.052809
0.026901
0.017465
0.032748
0.029494
0.039733
0.041434
0.034169
0.024436
0.038832
0.034997
0.023611
0.021858
0.026363
0.024247
0.032263
0.019682
0.021677
0.044613
0.021435
0.016967
0.040398
0.007923
0.010549
0.050868
0.023359
0.025988
0.032136
0.026070
0.023685
0.012651
0.049769
0.028413
0.012766
0.028051
0.015803
0.026480
