0.005736
0.005949
0.023628
0.047640
0.040850
0.004433
0.005832
0.023375
0.005693
0.006652
0.050973
0.006224
0.013573
0.004848
0.004994
0.006149
0.101008
0.032288
0.007783
0.020820
0.007399
0.052940
0.006332
0.030647
0.014032
0.018080
0.019166
0.007561
0.006082
0.025174
0.011956
0.014899
0.024334
0.010703
0.047856
0.004455
0.101991
0.006699
0.013632
0.012737
0.011310
0.016066
0.015363
0.004619
0.049741
0.058284
0.005867
0.006094
0.006729
0.004358
0.005317
0.006523
0.013507
0.006364
0.008119
0.050664
0.029788
0.023038
0.006413
0.005291
0.040703
0.013781
0.017940
0.017694
0.012932
0.011236
0.004767
0.004856
0.004119
0.007635
0.005968
0.021662
0.005489
0.010728
0.004578
0.005438
0.004490
0.012361
0.060019
0.005942
0.058709
0.007898
0.008889
0.020832
0.056870
0.012178
0.004390
0.033046
0.004598
0.014406
0.023677
0.006251
0.055868
0.055003
0.006521
0.020855
0.004981
0.056434
0.101541
0.005071
