0.003753
0.004361
0.005591
0.003377
0.004191
0.007486
0.004007
0.004266
0.003879
0.004192
0.004313
0.005191
0.004171
0.004214
0.003468
0.003507
0.003911
0.003703
0.003701
0.005897
0.004353
0.003603
0.003900
0.003548
0.004030
0.004565
0.003494
0.003981
0.004525
0.004301
0.003730
0.004063
0.003511
0.003561
0.005006
0.003998
0.005008
0.004763
0.004298
0.004206
0.003156
0.004294
0.005999
0.004716
0.007174
0.003903
0.004579
0.003774
0.004011
0.003656
0.004307
0.004037
0.004874
0.003561
0.003705
0.003241
0.005383
0.004802
0.003840
0.003220
0.004300
0.003804
0.003596
0.003211
0.004961
0.006599
0.003345
0.007234
0.003853
0.004329
0.003784
0.003094
0.003985
0.003981
0.006739
0.003424
0.003201
0.004041
0.004205
0.004071
0.004272
0.003501
0.004264
0.003941
0.003558
0.004248
0.003667
0.003922
0.004808
0.005444
0.004263
0.005220
0.004196
0.004309
0.003946
0.004221
0.004475
0.004813
0.003474
0.003571
