0.004153
0.021650
0.006680
0.010200
0.016505
0.005099
0.005473
0.007859
0.011434
0.006042
0.017394
0.004344
0.007057
0.021388
0.008466
0.007101
0.014433
0.008083
0.016367
0.005748
0.005907
0.011547
0.022220
0.022203
0.004596
0.022340
0.015894
0.016001
0.013156
0.018213
0.008712
0.006645
0.022065
0.005097
0.006484
0.008948
0.018159
0.005886
0.006647
0.009547
0.005715
0.005503
0.004822
0.014059
0.023626
0.004793
0.002738
0.004939
0.006145
0.013471
0.007885
0.004223
0.005276
0.018016
0.005798
0.013673
0.005263
0.005572
0.024670
0.004440
0.004662
0.017445
0.017849
0.019115
0.020800
0.016723
0.014170
0.020920
0.016227
0.008424
0.017015
0.004261
0.013477
0.010374
0.005654
0.018597
0.003826
0.008762
0.007479
0.007885
0.008539
0.004570
0.019485
0.006475
0.013335
0.019902
0.003880
0.010196
0.020400
0.017108
0.004210
0.006534
0.007601
0.019868
0.018391
0.005007
0.015199
0.008092
0.020809
0.004672
