0.024198
0.033816
0.034390
0.015234
0.031963
0.023003
0.035538
0.025839
0.033375
0.041268
0.015312
0.017908
0.022517
0.024433
0.031677
0.016949
0.022688
0.026783
0.029133
0.033520
0.025548
0.022630
0.024554
0.028961
0.042525
0.033915
0.020908
0.019637
0.022414
0.020382
0.026958
0.032428
0.028380
0.024493
0.018755
0.029270
0.035387
0.028785
0.045824
0.036440
0.032248
0.021781
0.031877
0.028200
0.036721
0.041194
0.031090
0.028221
0.025910
0.016886
0.028513
0.025232
0.024551
0.021810
0.039436
0.026000
0.023521
0.029105
0.027490
0.031858
0.034238
0.019398
0.027535
0.012232
0.027489
0.033743
0.016319
0.038735
0.035604
0.020807
0.039746
0.022927
0.029378
0.027747
0.032172
0.028004
0.033092
0.031354
0.023840
0.031144
0.028933
0.029747
0.014198
0.034306
0.036946
0.028076
0.018388
0.020633
0.032769
0.019589
0.024858
0.032210
0.025448
0.019018
0.039032
0.026865
0.026419
0.033834
0.028816
0.036045
