0.002823
0.003717
0.016833
0.016232
0.016978
0.005224
0.018414
0.004219
0.003960
0.017139
0.015479
0.018487
0.016664
0.017300
0.007684
0.003387
0.003852
0.019905
0.016207
0.017757
0.004818
0.003315
0.019133
0.018807
0.017125
0.003323
0.001985
0.016303
0.002306
0.004157
0.003997
0.016623
0.019304
0.003838
0.004547
0.004276
0.017278
0.003730
0.017596
0.004299
0.004942
0.003520
0.017875
0.004062
0.003035
0.003106
0.003790
0.003335
0.003228
0.004402
0.015292
0.003131
0.003355
0.016235
0.003826
0.016174
0.018040
0.002808
0.017378
0.017063
0.002402
0.003890
0.015954
0.002729
0.003346
0.017051
0.005725
0.016692
0.003986
0.016491
0.017884
0.003927
0.004571
0.017531
0.003006
0.003663
0.003128
0.018894
0.002974
0.003437
0.004015
0.003496
0.006705
0.003155
0.003502
0.002567
0.003127
0.017532
0.004133
0.002640
0.017609
0.002848
0.016770
0.015421
0.002953
0.002336
0.003335
0.002566
0.002155
0.016349
