0.052858
0.028771
0.040283
0.039826
0.049137
0.053364
0.047023
0.038135
0.061527
0.052005
0.043921
0.028925
0.041472
0.042625
0.042417
0.043720
0.041312
0.039434
0.047416
0.064073
0.051597
0.035723
0.061248
0.062943
0.039654
0.046247
0.057631
0.049697
0.052322
0.048678
0.040367
0.039933
0.060673
0.071904
0.039532
0.041054
0.040976
0.035400
0.035325
0.039818
0.061526
0.040951
0.043233
0.051854
0.054749
0.048460
0.040552
0.050734
0.039564
0.044230
0.047945
0.045950
0.042710
0.043428
0.031562
0.051394
0.029953
0.054303
0.046416
0.064066
0.053252
0.042925
0.051301
0.047426
0.037554
0.043199
0.043708
0.041728
0.052101
0.054884
0.046924
0.045547
0.053439
0.044877
0.050865
0.052741
0.048944
0.051876
0.046837
0.037263
0.052809
0.045938
0.048523
0.042784
0.050625
0.037742
0.054571
0.048944
0.050181
0.044499
0.056049
0.050342
0.030780
0.048225
0.042128
0.051527
0.051953
0.047715
0.033903
0.046594
