0.022343
0.008367
0.012808
0.015753
0.040091
0.032809
0.013353
0.012520
0.033550
0.023938
0.011792
0.024740
0.014356
0.009038
0.032891
0.020646
0.009506
0.015995
0.020981
0.021039
0.007763
0.020288
0.013611
0.036941
0.014715
0.010088
0.034218
0.026043
0.023062
0.019589
0.021255
0.009173
0.023140
0.034240
0.012575
0.017549
0.010936
0.037512
0.022204
0.023948
0.013877
0.008522
0.010353
0.033245
0.012367
0.010221
0.009199
0.024215
0.025704
0.017779
0.022179
0.020757
0.020393
0.021700
0.008170
0.022672
0.023133
0.020678
0.023889
0.023071
0.037631
0.009786
0.009302
0.021115
0.020039
0.009457
0.022301
0.012566
0.024953
0.033074
0.012635
0.011712
0.010688
0.018162
0.019590
0.010709
0.023556
0.016497
0.020561
0.024677
0.011390
0.028405
0.024185
0.016424
0.021623
0.019465
0.024132
0.033650
0.010397
0.020477
0.021352
0.021522
0.016980
0.031915
0.010589
0.022256
0.024795
0.025021
0.025067
0.011804
