0.002641
0.003388
0.003318
0.002996
0.003265
0.002000
0.002397
0.004217
0.003142
0.002264
0.002729
0.002918
0.004187
0.002936
0.003126
0.002583
0.002539
0.002009
0.003677
0.001580
0.001962
0.001822
0.003009
0.001707
0.005095
0.001491
0.001598
0.001127
0.001348
0.003285
0.004253
0.002529
0.003075
0.004423
0.001597
0.004603
0.002205
0.001633
0.001835
0.003072
0.003581
0.001957
0.001651
0.003137
0.003757
0.001796
0.001651
0.004873
0.001358
0.002992
0.003291
0.003084
0.002605
0.003005
0.002811
0.002729
0.003191
0.002107
0.003012
0.003986
0.002088
0.003785
0.002032
0.003745
0.001881
0.002383
0.005080
0.002049
0.003343
0.006018
0.002229
0.001562
0.003320
0.005120
0.003002
0.002540
0.004809
0.001720
0.002401
0.002563
0.002607
0.003754
0.003704
0.002489
0.002032
0.001951
0.001696
0.001710
0.004131
0.003644
0.004542
0.002360
0.003537
0.002477
0.003561
0.001930
0.002300
0.003195
0.001544
0.001908
