0.003977
0.017820
0.005805
0.010505
0.015744
0.004432
0.004301
0.007794
0.011364
0.005444
0.015894
0.002521
0.007295
0.015246
0.008347
0.007007
0.011740
0.004030
0.012902
0.004444
0.004311
0.011002
0.019684
0.020918
0.004609
0.020903
0.016253
0.016757
0.014010
0.015338
0.007677
0.005662
0.021428
0.003669
0.006468
0.008427
0.016578
0.004628
0.007094
0.009052
0.004761
0.005861
0.004801
0.017249
0.021253
0.004564
0.002734
0.004623
0.004960
0.015675
0.009740
0.004365
0.004723
0.014927
0.005781
0.015773
0.004155
0.004769
0.024047
0.003572
0.003779
0.015001
0.015473
0.015161
0.018159
0.013998
0.015534
0.018963
0.014586
0.008452
0.013527
0.004155
0.014762
0.009587
0.005943
0.015003
0.003653
0.008661
0.007485
0.006925
0.007402
0.004551
0.014741
0.005378
0.013578
0.015600
0.002873
0.010854
0.017224
0.018316
0.003903
0.005665
0.006554
0.016294
0.012414
0.005524
0.014638
0.007903
0.017625
0.003802
