0.021164
0.032276
0.034346
0.015620
0.029015
0.020201
0.033878
0.026326
0.028252
0.039029
0.014593
0.017909
0.021218
0.024433
0.031089
0.014076
0.023727
0.027716
0.029133
0.033506
0.026927
0.021529
0.026097
0.028088
0.042519
0.032898
0.018848
0.017780
0.023093
0.017182
0.026958
0.030228
0.030215
0.023386
0.018922
0.029258
0.035387
0.025589
0.044202
0.037574
0.029601
0.019028
0.031877
0.026719
0.033939
0.037143
0.033112
0.026828
0.024768
0.014830
0.027688
0.023017
0.023743
0.023723
0.036066
0.027450
0.023810
0.030664
0.023925
0.031858
0.034229
0.018218
0.028922
0.012381
0.026386
0.033785
0.018126
0.039078
0.035093
0.022394
0.045634
0.021156
0.027545
0.027158
0.032361
0.027771
0.031117
0.028631
0.024185
0.030828
0.027231
0.029658
0.014519
0.036787
0.035162
0.028884
0.017133
0.018561
0.030753
0.020268
0.022322
0.030523
0.025611
0.019594
0.037935
0.026822
0.026414
0.032415
0.026278
0.041818
