0.010195
0.006331
0.016768
0.016220
0.016978
0.011476
0.018370
0.004704
0.006639
0.017144
0.015434
0.018457
0.016605
0.017334
0.010281
0.006323
0.011030
0.019854
0.016207
0.017728
0.005434
0.003302
0.019043
0.018699
0.017124
0.013662
0.001994
0.016303
0.004413
0.006408
0.004827
0.016569
0.019010
0.012576
0.003779
0.004347
0.017278
0.010080
0.017549
0.006240
0.005125
0.007935
0.017840
0.003565
0.003172
0.003219
0.009138
0.004242
0.007395
0.003586
0.015287
0.027120
0.010013
0.016219
0.003848
0.016167
0.018040
0.003384
0.017339
0.017048
0.001931
0.003170
0.016033
0.002713
0.027716
0.017022
0.006856
0.016532
0.012037
0.016893
0.017884
0.007835
0.010594
0.017552
0.005519
0.013428
0.003813
0.018811
0.005915
0.006457
0.005890
0.012655
0.008235
0.005126
0.007216
0.001994
0.003095
0.017503
0.007559
0.002169
0.017605
0.006403
0.016758
0.015418
0.002501
0.002318
0.003361
0.003628
0.002173
0.016334
