0.022445
0.008787
0.011923
0.015752
0.038706
0.033580
0.011844
0.012520
0.034122
0.023937
0.010813
0.024740
0.013474
0.008212
0.033360
0.020319
0.009782
0.014950
0.021179
0.020855
0.006906
0.020288
0.013925
0.036941
0.014022
0.010574
0.034043
0.026241
0.023062
0.019589
0.021255
0.008821
0.023468
0.032382
0.011415
0.018950
0.010083
0.034619
0.022204
0.023351
0.012423
0.008725
0.009699
0.030639
0.012566
0.010360
0.008691
0.023757
0.025723
0.017179
0.022179
0.020756
0.021135
0.021444
0.007804
0.025267
0.022713
0.020536
0.024614
0.023070
0.036273
0.010491
0.008560
0.020599
0.020207
0.009415
0.022583
0.011829
0.024330
0.033782
0.012165
0.012280
0.010098
0.018162
0.019587
0.009696
0.024820
0.015550
0.020561
0.024547
0.011051
0.028735
0.024185
0.023129
0.021758
0.020627
0.024132
0.033650
0.009469
0.019942
0.021357
0.021522
0.015025
0.030701
0.009085
0.022256
0.024795
0.023040
0.024806
0.011140
