0.013598
0.012844
0.014067
0.012684
0.012198
0.012472
0.010697
0.012591
0.012165
0.013181
0.012328
0.012649
0.012015
0.011376
0.012713
0.012574
0.012769
0.010868
0.012484
0.012827
0.012218
0.012313
0.010990
0.012077
0.012385
0.011425
0.011390
0.011506
0.013327
0.013519
0.012269
0.012522
0.013925
0.011626
0.013182
0.011558
0.012777
0.012581
0.010707
0.011981
0.011557
0.011822
0.014085
0.012889
0.013731
0.012355
0.011713
0.012259
0.011635
0.013442
0.013386
0.013553
0.012420
0.011989
0.010704
0.012135
0.013580
0.012311
0.013682
0.011399
0.012278
0.012108
0.014058
0.014460
0.012125
0.011493
0.013215
0.012561
0.011187
0.012936
0.012150
0.011334
0.012607
0.012938
0.012515
0.012568
0.013266
0.012527
0.013218
0.012524
0.012998
0.011866
0.011272
0.012199
0.012617
0.013167
0.012187
0.013048
0.011847
0.012180
0.013918
0.012295
0.013270
0.011548
0.013205
0.012029
0.013380
0.012109
0.011990
0.012728
