0.002813
0.002430
0.002699
0.002260
0.002408
0.002605
0.002570
0.002045
0.002222
0.002494
0.002157
0.002701
0.002701
0.002472
0.002364
0.002682
0.002920
0.002941
0.002390
0.002259
0.002843
0.002982
0.002216
0.002519
0.002106
0.002592
0.001994
0.002173
0.002518
0.002324
0.002404
0.002125
0.002228
0.002211
0.002609
0.002462
0.002689
0.002760
0.003178
0.002097
0.002247
0.002819
0.002396
0.002367
0.002472
0.002562
0.002443
0.002393
0.002522
0.002301
0.002132
0.002483
0.002370
0.002116
0.002394
0.002335
0.002346
0.002096
0.002547
0.002392
0.002388
0.002409
0.002806
0.002153
0.002273
0.002572
0.002293
0.002489
0.002214
0.002369
0.002644
0.002432
0.002349
0.002224
0.002385
0.002712
0.002264
0.002519
0.002728
0.002513
0.002470
0.002662
0.002292
0.002245
0.002134
0.002303
0.002194
0.002360
0.002861
0.002499
0.002329
0.002518
0.003096
0.002616
0.002345
0.002609
0.002445
0.002334
0.002348
0.002454
