0.012242
0.011961
0.011720
0.013166
0.009738
0.012583
0.012312
0.012182
0.009518
0.012357
0.013823
0.011118
0.010640
0.013611
0.012892
0.013705
0.011332
0.012978
0.014595
0.011957
0.010555
0.011888
0.011958
0.013537
0.013029
0.013246
0.011660
0.012299
0.010406
0.013882
0.012237
0.013544
0.011275
0.011820
0.013178
0.012525
0.012226
0.013456
0.012333
0.012795
0.012161
0.011077
0.011873
0.012630
0.011006
0.011858
0.011037
0.011831
0.012021
0.014428
0.012379
0.011795
0.013669
0.013254
0.014549
0.010488
0.012097
0.013108
0.012973
0.011816
0.013312
0.012771
0.012670
0.011771
0.013179
0.013011
0.011448
0.009375
0.012313
0.010913
0.013744
0.011847
0.010324
0.011342
0.013824
0.012508
0.011541
0.011145
0.011180
0.012939
0.012775
0.011766
0.012279
0.013217
0.010492
0.011774
0.012611
0.011862
0.011140
0.012936
0.010739
0.011301
0.012609
0.013832
0.012224
0.012883
0.014160
0.011263
0.014635
0.012999
