0.001881
0.001818
0.001896
0.002039
0.001897
0.001913
0.001864
0.001849
0.001783
0.002144
0.002132
0.001600
0.002030
0.001974
0.002109
0.001977
0.001837
0.001828
0.001864
0.001989
0.001890
0.001986
0.001983
0.001870
0.002242
0.001839
0.002008
0.001894
0.001980
0.001981
0.001759
0.001906
0.001746
0.001997
0.001804
0.001792
0.001846
0.001955
0.001886
0.001773
0.001839
0.001811
0.001962
0.001817
0.001912
0.001877
0.001920
0.001705
0.001970
0.001790
0.002037
0.001947
0.002002
0.001834
0.001952
0.001756
0.001858
0.001869
0.001927
0.001817
0.001713
0.001995
0.001972
0.001904
0.001890
0.001875
0.001962
0.001788
0.002085
0.001907
0.001742
0.001875
0.001638
0.001754
0.001956
0.001828
0.001967
0.001761
0.002047
0.001977
0.001651
0.001816
0.001865
0.001966
0.001879
0.001704
0.001900
0.001684
0.001963
0.001746
0.001755
0.001838
0.001882
0.001791
0.001832
0.002142
0.001998
0.002029
0.001708
0.001885
