0.016055
0.005650
0.012412
0.012632
0.012625
0.012149
0.003830
0.011905
0.013857
0.012276
0.014086
0.013572
0.006574
0.012654
0.014030
0.005483
0.015007
0.009330
0.010465
0.012712
0.011183
0.010135
0.013582
0.010911
0.012506
0.003297
0.012233
0.012450
0.012083
0.008914
0.009622
0.012169
0.012857
0.011769
0.010287
0.008827
0.012827
0.004924
0.011483
0.010809
0.003036
0.011756
0.013456
0.012933
0.014795
0.007863
0.010786
0.006374
0.014898
0.010538
0.011333
0.013508
0.011790
0.013959
0.005341
0.012294
0.004945
0.014573
0.012557
0.012569
0.012833
0.011137
0.016303
0.005048
0.004303
0.010471
0.012563
0.012503
0.010818
0.012005
0.003527
0.014173
0.015082
0.011534
0.009811
0.014355
0.014692
0.013464
0.003699
0.010479
0.014145
0.007219
0.013424
0.006981
0.005726
0.012992
0.016405
0.012689
0.007005
0.013271
0.011678
0.013504
0.011317
0.014569
0.012721
0.012830
0.013935
0.012261
0.005099
0.014006
