0.003596
0.003256
0.003083
0.003525
0.003423
0.003587
0.003465
0.003322
0.003673
0.003327
0.004122
0.004033
0.003336
0.003879
0.003611
0.003597
0.003516
0.003484
0.003288
0.003127
0.003369
0.003209
0.003763
0.003175
0.003169
0.003307
0.003455
0.003508
0.003644
0.003339
0.003407
0.003388
0.003388
0.003510
0.003253
0.003731
0.003123
0.003474
0.003565
0.003358
0.002991
0.003852
0.003451
0.003722
0.003465
0.003404
0.003879
0.004019
0.003278
0.003728
0.003588
0.003531
0.003197
0.003480
0.003137
0.003055
0.003300
0.003474
0.003897
0.003891
0.003376
0.003818
0.003574
0.003469
0.003237
0.003389
0.003687
0.003675
0.003706
0.003786
0.003073
0.003386
0.003194
0.003534
0.003824
0.003880
0.003664
0.003673
0.003501
0.003340
0.003618
0.003420
0.003885
0.003770
0.003403
0.003478
0.002991
0.003551
0.003535
0.003020
0.003894
0.003511
0.003658
0.003870
0.003399
0.003921
0.003436
0.003636
0.003623
0.003268
