0.064913
0.059678
0.050355
0.044308
0.047136
0.046115
0.039719
0.045530
0.059641
0.037471
0.050251
0.057504
0.111389
0.043660
0.047438
0.068307
0.047255
0.082002
0.054024
0.034750
0.061410
0.055416
0.047930
0.049280
0.071991
0.051668
0.042358
0.057954
0.049511
0.052507
0.043910
0.044762
0.049750
0.053390
0.049937
0.055861
0.045075
0.044229
0.049461
0.058930
0.062569
0.044113
0.029877
0.067762
0.069862
0.034131
0.062791
0.074584
0.055950
0.038577
0.042189
0.044980
0.048271
0.031182
0.089036
0.071707
0.032836
0.052196
0.036391
0.058721
0.042147
0.049110
0.065501
0.058800
0.064337
0.042066
0.038151
0.036332
0.031761
0.041881
0.044915
0.049889
0.063214
0.088154
0.060642
0.040368
0.042058
0.139970
0.067422
0.038429
0.050259
0.068259
0.067148
0.048547
0.068240
0.052899
0.062642
0.050287
0.092358
0.065922
0.074470
0.052410
0.060213
0.041806
0.052194
0.070948
0.030621
0.039249
0.046647
0.038251
