0.049489
0.046625
0.053276
0.052786
0.044844
0.050594
0.046479
0.044675
0.050734
0.052402
0.051496
0.050420
0.051636
0.052114
0.051656
0.051324
0.050312
0.051561
0.041807
0.046136
0.050984
0.051948
0.043347
0.048989
0.049329
0.048406
0.051436
0.044319
0.047969
0.047937
0.048823
0.048083
0.048741
0.050797
0.050750
0.052678
0.049542
0.051790
0.049137
0.042079
0.048855
0.042923
0.051416
0.052946
0.043709
0.051268
0.051554
0.053146
0.049270
0.053657
0.049270
0.052455
0.051759
0.052150
0.049911
0.038208
0.047135
0.049838
0.054058
0.050984
0.051751
0.051814
0.046222
0.044145
0.053260
0.049481
0.048870
0.050715
0.053740
0.044748
0.049110
0.048257
0.050321
0.047694
0.052787
0.050510
0.051582
0.050879
0.047426
0.047696
0.049288
0.042754
0.048759
0.049011
0.044070
0.047084
0.045672
0.050742
0.043626
0.048960
0.049964
0.049535
0.048359
0.049811
0.040026
0.049157
0.052354
0.047917
0.051104
0.052786
