0.009895
0.009828
0.009566
0.010640
0.008630
0.009634
0.010595
0.009257
0.008816
0.004886
0.010298
0.009524
0.010677
0.010723
0.010354
0.009780
0.009709
0.010047
0.009985
0.009107
0.009784
0.010006
0.010707
0.010487
0.009825
0.008922
0.009255
0.009307
0.009814
0.009349
0.003035
0.009634
0.010456
0.010173
0.009089
0.008964
0.009996
0.010103
0.010052
0.010314
0.010093
0.009488
0.009260
0.009065
0.009628
0.010260
0.009405
0.010120
0.010260
0.010456
0.010625
0.010077
0.009518
0.009530
0.010338
0.010884
0.003542
0.009173
0.009795
0.010288
0.010572
0.008794
0.009404
0.010757
0.009991
0.009590
0.009467
0.011165
0.010053
0.009985
0.010447
0.010751
0.009455
0.009497
0.009090
0.010052
0.008627
0.004602
0.010656
0.010544
0.009294
0.009427
0.009599
0.009494
0.009973
0.010144
0.008788
0.009372
0.008852
0.010562
0.009687
0.009441
0.009931
0.011092
0.009407
0.009901
0.009019
0.009696
0.009719
0.009848
