0.103078
0.078862
0.088089
0.107901
0.092281
0.086211
0.087641
0.084919
0.081315
0.093087
0.099250
0.100005
0.115793
0.087435
0.111081
0.096256
0.070232
0.095973
0.089995
0.077703
0.098201
0.094497
0.101219
0.104620
0.088205
0.078509
0.077199
0.094078
0.094165
0.098523
0.086496
0.091810
0.099862
0.070910
0.079147
0.078906
0.095143
0.089736
0.098550
0.099601
0.084830
0.092954
0.079095
0.104897
0.101181
0.068875
0.091390
0.089599
0.097285
0.103283
0.091068
0.081766
0.086334
0.065216
0.101282
0.095313
0.071883
0.087089
0.087658
0.094378
0.094036
0.086355
0.089354
0.078552
0.102299
0.092799
0.074290
0.096258
0.093321
0.064592
0.065868
0.099070
0.090219
0.096104
0.092928
0.085693
0.076622
0.096454
0.084193
0.086130
0.088887
0.104747
0.077814
0.084874
0.081276
0.073904
0.100979
0.093506
0.088050
0.080176
0.083834
0.076840
0.099633
0.101425
0.073781
0.079143
0.081159
0.077790
0.091677
0.098342
