0.060183
0.036326
0.054970
0.039222
0.060971
0.066653
0.050210
0.051706
0.036010
0.052840
0.065141
0.031985
0.036275
0.040745
0.079542
0.046486
0.052438
0.034145
0.042362
0.039298
0.057186
0.049999
0.029016
0.046513
0.023743
0.039629
0.035318
0.043537
0.071406
0.041752
0.048688
0.036929
0.075830
0.039928
0.027668
0.043320
0.048170
0.035379
0.062508
0.054637
0.105007
0.046327
0.087856
0.049643
0.104244
0.032295
0.056505
0.045912
0.053218
0.041465
0.037391
0.048968
0.035571
0.046952
0.044674
0.041036
0.049726
0.044985
0.040609
0.041999
0.070351
0.045859
0.040562
0.044386
0.044648
0.048261
0.038311
0.052100
0.061039
0.056041
0.045813
0.045361
0.045847
0.131820
0.060787
0.040450
0.039201
0.030521
0.063646
0.038529
0.055197
0.041904
0.037338
0.032804
0.085798
0.067580
0.051344
0.040605
0.064422
0.061615
0.034769
0.037223
0.054461
0.042851
0.045952
0.038548
0.041044
0.048277
0.045337
0.054280
