0.641068
0.473049
0.202709
0.412972
0.098716
0.025092
0.106686
0.105845
0.158870
0.684440
0.190527
0.062066
0.140625
0.095218
0.032100
0.705922
0.033618
0.106764
0.112994
0.438278
0.032279
0.012568
0.847326
0.023606
0.595843
0.277490
0.735222
0.744596
0.066194
0.183395
0.018874
0.817059
0.169923
0.032287
0.031261
0.030643
0.255386
0.741324
0.063009
0.486781
0.344091
0.260431
0.008841
0.362380
0.022588
0.144944
0.340702
0.650483
0.143570
0.020467
0.564916
0.420375
0.110025
0.110256
0.439963
0.027088
0.330286
0.302291
0.179042
0.039527
0.090901
0.268252
0.263017
0.076859
0.013155
0.039690
0.300896
0.032673
0.450341
0.733512
0.045709
0.794500
0.009561
0.081182
0.079750
0.146108
0.823740
0.230959
0.062576
0.489481
0.242342
0.022539
0.245995
0.033115
0.153147
0.164251
0.134284
0.335825
0.195121
0.629262
0.058879
0.203844
0.016814
0.130561
0.050190
0.036264
0.022023
0.042057
0.111795
0.055021
