0.056816
0.036245
0.193256
0.097472
0.038357
0.387061
0.096089
0.101093
0.106366
0.047483
0.166432
0.045725
0.306857
0.146833
0.060224
0.577790
0.309649
0.223096
0.196208
0.055298
0.267249
0.573437
0.038258
0.649852
0.343446
0.141402
0.598193
0.551222
0.109692
0.132305
0.063331
0.481729
0.053756
0.451592
0.036646
0.585201
0.038901
0.058881
0.244007
0.367595
0.519725
0.292887
0.056011
0.106483
0.620849
0.090323
0.307449
0.043704
0.203233
0.379393
0.364379
0.050990
0.205134
0.132219
0.260344
0.336786
0.042904
0.244471
0.088076
0.047008
0.150450
0.142312
0.104564
0.042487
0.176875
0.035649
0.247549
0.145797
0.324040
0.509246
0.037596
0.523617
0.036095
0.395207
0.035227
0.110507
0.556532
0.250105
0.069176
0.034738
0.142163
0.041224
0.052666
0.061684
0.138725
0.053200
0.254676
0.184558
0.052633
0.427192
0.311345
0.050047
0.043437
0.181996
0.567587
0.365047
0.037890
0.405037
0.072955
0.072250
