0.143705
0.198861
0.385153
0.156703
0.294065
0.421168
0.804469
0.477775
0.262916
0.024299
0.058640
0.107687
0.393227
0.042769
0.067312
0.187861
0.424160
0.363795
0.357210
0.060919
0.254230
0.829890
0.039585
0.024127
0.691380
0.130616
0.127403
0.709533
0.097690
0.238198
0.410613
0.737715
0.061249
0.684340
0.036581
0.580609
0.375578
0.031854
0.460270
0.175021
0.154886
0.542104
0.792159
0.524599
0.873119
0.346194
0.580584
0.042995
0.791361
0.694376
0.069626
0.048924
0.424809
0.180515
0.165294
0.021174
0.080953
0.209804
0.142826
0.050740
0.546200
0.189710
0.676301
0.443787
0.029714
0.095008
0.124678
0.043012
0.070402
0.157179
0.261860
0.027907
0.098989
0.134282
0.046618
0.135177
0.035980
0.526846
0.600959
0.409215
0.788726
0.034051
0.141069
0.183920
0.196382
0.709627
0.075222
0.237391
0.492168
0.573593
0.440926
0.041849
0.045779
0.642794
0.527173
0.699454
0.802324
0.237073
0.040617
0.316468
