0.075703
0.063958
0.113660
0.084080
0.084542
0.105668
0.354516
0.065047
0.082556
0.064983
0.082868
0.159434
0.094989
0.088826
0.081035
0.088607
0.145285
0.068295
0.069372
0.097884
0.218126
0.371224
0.121489
0.178123
0.110508
0.057994
0.257900
0.089080
0.261104
0.076771
0.076504
0.105159
0.256891
0.254779
0.232241
0.300874
0.221369
0.084702
0.169467
0.090665
0.073915
0.098260
0.338405
0.071720
0.197049
0.228702
0.169332
0.056883
0.230731
0.099837
0.106871
0.080047
0.161326
0.084309
0.097560
0.092072
0.102326
0.061113
0.055466
0.103062
0.075405
0.062841
0.100898
0.068673
0.159730
0.105980
0.199022
0.157479
0.097735
0.088557
0.066215
0.252610
0.068173
0.093362
0.112207
0.107364
0.082957
0.077125
0.124798
0.124936
0.192216
0.243021
0.055258
0.175263
0.093448
0.113704
0.088851
0.078393
0.124590
0.303358
0.054720
0.077179
0.325728
0.183522
0.085185
0.063118
0.216218
0.099760
0.289442
0.099336
