0.141540
0.053834
0.077637
0.462939
0.340575
0.189556
0.040207
0.276212
0.290665
0.121965
0.329355
0.119824
0.030418
0.094626
0.128745
0.580171
0.082466
0.476649
0.148108
0.052858
0.034567
0.030308
0.036762
0.703345
0.525969
0.298559
0.024875
0.615813
0.070040
0.073246
0.022558
0.512106
0.128326
0.044026
0.629712
0.106727
0.162663
0.431335
0.088525
0.430922
0.038659
0.386624
0.041997
0.280548
0.707327
0.085597
0.477499
0.043195
0.361406
0.380985
0.077586
0.024880
0.166657
0.044310
0.072704
0.066193
0.254227
0.415693
0.213259
0.464661
0.554009
0.318735
0.528610
0.514177
0.309621
0.069117
0.312790
0.571795
0.613348
0.630863
0.073794
0.475034
0.222175
0.550328
0.035317
0.106763
0.705039
0.455480
0.170526
0.036773
0.320891
0.618266
0.204396
0.044424
0.229469
0.464999
0.558988
0.374596
0.594557
0.059854
0.491772
0.207561
0.599927
0.244269
0.622697
0.450090
0.033109
0.387536
0.077360
0.170553
