0.026896
0.016015
0.071585
0.234123
0.111327
0.123044
0.027881
0.057915
0.539896
0.131839
0.047427
0.121840
0.379158
0.031027
0.037355
0.027577
0.471598
0.008555
0.023329
0.030553
0.095537
0.079688
0.033610
0.070892
0.130615
0.046749
0.077653
0.026086
0.018056
0.105631
0.176035
0.032795
0.016377
0.029077
0.026772
0.016090
0.041303
0.111503
0.114196
0.062940
0.081426
0.038919
0.072655
0.138205
0.056110
0.109706
0.251330
0.147974
0.163214
0.094909
0.117737
0.020790
0.197893
0.147452
0.148577
0.270290
0.087219
0.027596
0.081166
0.138212
0.014042
0.138808
0.330992
0.084107
0.130421
0.035819
0.161773
0.155771
0.043463
0.022968
0.021675
0.019991
0.032133
0.060503
0.022502
0.170692
0.079362
0.172447
0.691286
0.069592
0.014012
0.099552
0.106975
0.051380
0.553043
0.054880
0.077288
0.015395
0.092060
0.087616
0.113205
0.108612
0.234267
0.032871
0.106489
0.128392
0.028998
0.074192
0.031745
0.032568
