0.180273
0.122123
0.131789
0.076083
0.290689
0.092465
0.067778
0.064313
0.144247
0.052545
0.043061
0.077869
0.040199
0.129329
0.316451
0.141439
0.420346
0.166151
0.253244
0.212976
0.058004
0.089034
0.049853
0.439555
0.048011
0.111152
0.070931
0.261590
0.230948
0.128687
0.066480
0.312884
0.102102
0.122598
0.320252
0.061475
0.104315
0.068342
0.133885
0.106689
0.065645
0.052422
0.087357
0.173848
0.079352
0.155956
0.147071
0.171101
0.225332
0.260545
0.159683
0.187956
0.221402
0.315139
0.113726
0.048728
0.224748
0.092316
0.164395
0.082731
0.118262
0.105145
0.087255
0.185663
0.102008
0.068443
0.037908
0.163503
0.079836
0.091820
0.412328
0.291190
0.088281
0.109378
0.052082
0.257022
0.123593
0.180976
0.034848
0.056374
0.208050
0.191004
0.137881
0.078823
0.030928
0.332375
0.077720
0.070408
0.044446
0.159975
0.083403
0.336575
0.252250
0.040510
0.282272
0.254752
0.076097
0.092924
0.211957
0.085055
