0.243858
0.151712
0.157644
0.215924
0.168444
0.245966
0.410911
0.038343
0.059020
0.018267
0.031935
0.180320
0.084612
0.032319
0.203034
0.369872
0.336243
0.598000
0.442672
0.043574
0.078270
0.169445
0.078714
0.602480
0.115169
0.073493
0.603457
0.491080
0.063288
0.158642
0.038181
0.631462
0.296728
0.045218
0.541525
0.284053
0.041293
0.371258
0.240954
0.129139
0.422973
0.193827
0.104022
0.222540
0.248431
0.117440
0.043314
0.067523
0.430141
0.638204
0.070194
0.253130
0.517158
0.089697
0.143947
0.021906
0.121975
0.159505
0.045055
0.199316
0.383393
0.210636
0.153305
0.588920
0.153710
0.402831
0.023056
0.370418
0.427171
0.041554
0.050381
0.353519
0.318083
0.151797
0.043705
0.037715
0.356809
0.059265
0.034892
0.221930
0.067233
0.454735
0.291602
0.298540
0.026941
0.271049
0.049351
0.222045
0.181937
0.098352
0.420605
0.023751
0.021159
0.470355
0.076206
0.169453
0.157556
0.244772
0.021418
0.024172
