0.052383
0.102069
0.071185
0.054159
0.071375
0.128973
0.057454
0.067540
0.177885
0.169879
0.051921
0.090264
0.061161
0.053587
0.046342
0.169355
0.121763
0.078160
0.064323
0.261357
0.210063
0.194148
0.108706
0.087364
0.057078
0.216933
0.054287
0.088690
0.065700
0.066791
0.097642
0.051614
0.091566
0.048296
0.063077
0.071878
0.060231
0.053168
0.050289
0.067776
0.189083
0.115486
0.068779
0.066889
0.055875
0.055212
0.109988
0.085984
0.077319
0.049961
0.077559
0.052623
0.068186
0.068163
0.112840
0.059760
0.082294
0.062165
0.066621
0.107494
0.052498
0.189876
0.055508
0.070418
0.047072
0.087371
0.154417
0.047196
0.184773
0.065450
0.090660
0.047870
0.055043
0.128956
0.095218
0.044650
0.073688
0.055168
0.062649
0.090754
0.051162
0.106609
0.040019
0.092148
0.082034
0.052912
0.151954
0.050123
0.143824
0.078323
0.043879
0.048135
0.161225
0.308047
0.042995
0.054908
0.063184
0.135094
0.045557
0.211249
