0.119515
0.151452
0.215347
0.173651
0.052130
0.177945
0.034882
0.103060
0.032377
0.032723
0.078959
0.243522
0.180786
0.109500
0.127766
0.050950
0.215849
0.148425
0.285085
0.331690
0.038854
0.098344
0.182528
0.306879
0.109516
0.435600
0.437882
0.445767
0.130447
0.118659
0.359143
0.465316
0.161231
0.255591
0.053191
0.039708
0.105495
0.333539
0.085277
0.284300
0.104991
0.034655
0.345062
0.078273
0.110876
0.210344
0.115486
0.098259
0.247301
0.547803
0.231177
0.219048
0.101345
0.123741
0.127829
0.046123
0.137923
0.133440
0.210965
0.063566
0.268116
0.027024
0.153564
0.038056
0.110351
0.246634
0.083204
0.151076
0.233664
0.063056
0.371455
0.025724
0.258558
0.093480
0.123541
0.075002
0.110373
0.321650
0.358206
0.168829
0.068209
0.176822
0.078900
0.369569
0.018541
0.202223
0.051228
0.085224
0.184441
0.065370
0.366265
0.201576
0.066926
0.093662
0.040124
0.170333
0.123504
0.358783
0.035289
0.078522
