0.007733
0.014643
0.011676
0.011175
0.012167
0.013108
0.013428
0.012150
0.013790
0.014043
0.014120
0.013253
0.010744
0.013511
0.018636
0.011287
0.014077
0.012336
0.008911
0.017442
0.010890
0.011829
0.014085
0.009488
0.009269
0.008169
0.011685
0.014167
0.011490
0.011053
0.015012
0.008193
0.010238
0.010388
0.016539
0.012281
0.010497
0.007732
0.017128
0.010571
0.015003
0.010704
0.009127
0.008493
0.012006
0.012679
0.012950
0.016569
0.011386
0.008228
0.017591
0.018899
0.009613
0.011640
0.011214
0.012217
0.009115
0.011423
0.009777
0.011220
0.011203
0.012413
0.013494
0.015792
0.012507
0.012457
0.019002
0.013386
0.013077
0.014788
0.012753
0.010873
0.012706
0.014075
0.011997
0.010801
0.013511
0.011471
0.011282
0.013238
0.009296
0.014835
0.014705
0.008589
0.009407
0.014450
0.011293
0.014082
0.012051
0.015797
0.015418
0.011607
0.009631
0.010613
0.015869
0.013825
0.008227
0.012913
0.011764
0.012273
