0.034277
0.033835
0.030433
0.034207
0.032270
0.037640
0.036939
0.031960
0.034786
0.032268
0.039654
0.027297
0.033710
0.036504
0.034897
0.033113
0.031594
0.034863
0.035969
0.030449
0.033666
0.036931
0.033840
0.034237
0.034917
0.035997
0.032098
0.036593
0.034292
0.032075
0.030170
0.031449
0.034422
0.036332
0.032906
0.035237
0.033124
0.034497
0.033526
0.033277
0.030389
0.031952
0.033202
0.032933
0.034033
0.033469
0.031120
0.033259
0.033674
0.040028
0.031244
0.036366
0.030397
0.032084
0.032127
0.036144
0.032799
0.033854
0.034445
0.030122
0.033821
0.033830
0.033833
0.036404
0.033181
0.035981
0.030862
0.034281
0.032804
0.033539
0.033200
0.033469
0.034160
0.033362
0.036050
0.036174
0.034146
0.027629
0.033973
0.031450
0.033851
0.037833
0.033672
0.032440
0.032139
0.029367
0.033482
0.032364
0.031181
0.036067
0.032848
0.034903
0.030500
0.033598
0.030464
0.033893
0.036367
0.032884
0.031914
0.031402
