0.003859
0.005328
0.008729
0.006224
0.005485
0.001274
0.005139
0.005812
0.003563
0.003560
0.006076
0.006378
0.009294
0.004706
0.006511
0.002189
0.007258
0.005136
0.004145
0.002481
0.006631
0.001151
0.005811
0.005865
0.003758
0.005607
0.005831
0.005708
0.005011
0.002779
0.003308
0.005412
0.004181
0.005775
0.002560
0.007489
0.004006
0.006134
0.004590
0.007093
0.003519
0.002704
0.008037
0.007605
0.002067
0.004793
0.006309
0.005195
0.003274
0.005248
0.004910
0.002857
0.007274
0.003309
0.004101
0.006035
0.006850
0.007912
0.005729
0.005241
0.007587
0.003521
0.004116
0.003356
0.003834
0.003279
0.005022
0.006110
0.004856
0.003408
0.005675
0.005177
0.003398
0.003235
0.008250
0.009196
0.006752
0.005945
0.004673
0.004296
0.004198
0.004140
0.004722
0.002874
0.003387
0.004905
0.004153
0.003194
0.008852
0.003223
0.008585
0.005033
0.010197
0.004497
0.003375
0.003817
0.007640
0.005576
0.003056
0.004999
