0.044584
0.045517
0.044152
0.048169
0.047640
0.047580
0.049964
0.050543
0.052572
0.052813
0.047968
0.049386
0.047928
0.050546
0.054561
0.048266
0.049468
0.054391
0.048345
0.053317
0.047623
0.052809
0.053032
0.050590
0.051109
0.043244
0.050156
0.051165
0.051298
0.044143
0.049874
0.047745
0.049065
0.049110
0.052492
0.044973
0.046612
0.047676
0.049957
0.047130
0.048371
0.050345
0.046410
0.044870
0.050100
0.053931
0.048097
0.054867
0.047133
0.051073
0.055964
0.054232
0.047295
0.049056
0.048547
0.049499
0.049014
0.046025
0.049737
0.052014
0.045435
0.050158
0.047317
0.046582
0.045900
0.045754
0.051421
0.049210
0.050101
0.054665
0.052247
0.050815
0.050218
0.044102
0.052316
0.047896
0.048293
0.048469
0.049081
0.052703
0.049898
0.049352
0.047913
0.050639
0.049238
0.050752
0.046952
0.051565
0.048556
0.050421
0.045995
0.046205
0.046075
0.044720
0.046329
0.051626
0.046066
0.047675
0.050718
0.051042
