0.019611
0.018119
0.018874
0.018367
0.019807
0.019521
0.021608
0.018713
0.021302
0.018995
0.023518
0.017282
0.018315
0.020649
0.020804
0.018819
0.019518
0.017183
0.019223
0.018519
0.020393
0.021227
0.020245
0.019791
0.016720
0.021188
0.017516
0.022169
0.018716
0.018987
0.021442
0.017613
0.019079
0.020453
0.019865
0.019553
0.018715
0.018439
0.019933
0.019639
0.019032
0.017452
0.018426
0.019697
0.019121
0.016717
0.016513
0.019298
0.019594
0.019968
0.017775
0.018378
0.019183
0.019821
0.018969
0.020157
0.018674
0.017833
0.018698
0.018924
0.018681
0.018008
0.020153
0.020901
0.021332
0.021951
0.017878
0.020248
0.018574
0.019852
0.020353
0.021930
0.017735
0.020906
0.019585
0.018815
0.020105
0.018369
0.020640
0.020278
0.018520
0.019725
0.020795
0.018916
0.017741
0.019115
0.020219
0.018292
0.020096
0.017817
0.019152
0.020178
0.021042
0.019033
0.018194
0.019819
0.022028
0.019492
0.020457
0.018684
