0.012856
0.012595
0.014930
0.018076
0.013378
0.012045
0.012652
0.012719
0.012411
0.012063
0.011820
0.012381
0.012514
0.010809
0.010732
0.013170
0.011918
0.013320
0.013011
0.012750
0.007724
0.012423
0.012087
0.014048
0.012577
0.012119
0.007845
0.007844
0.012492
0.012976
0.012776
0.013497
0.012407
0.017035
0.012281
0.011956
0.011836
0.012189
0.011930
0.011916
0.012511
0.012359
0.012815
0.012625
0.013133
0.009412
0.011048
0.011589
0.012323
0.011137
0.010874
0.012100
0.012516
0.013309
0.012559
0.011689
0.020509
0.008620
0.012109
0.012476
0.012298
0.012168
0.011857
0.011729
0.012045
0.011890
0.013377
0.012763
0.017667
0.012046
0.011967
0.013087
0.012697
0.012523
0.012002
0.012319
0.012646
0.012698
0.014606
0.012625
0.012774
0.011769
0.012271
0.012471
0.012656
0.013039
0.012031
0.007667
0.012605
0.012391
0.012693
0.011167
0.012450
0.012349
0.016260
0.012466
0.008295
0.012767
0.012456
0.013857
