0.034722
0.036907
0.041055
0.034362
0.036350
0.030140
0.029965
0.035433
0.034201
0.035838
0.038263
0.033624
0.038162
0.034239
0.030326
0.035153
0.031772
0.033068
0.036098
0.035152
0.034846
0.034434
0.037057
0.031015
0.032472
0.031710
0.035216
0.038828
0.031275
0.027710
0.032403
0.031619
0.030583
0.030485
0.034274
0.035957
0.035301
0.038841
0.035937
0.038646
0.033398
0.032705
0.031577
0.042782
0.055075
0.034780
0.032802
0.041639
0.035018
0.039413
0.032982
0.034233
0.034204
0.030853
0.032014
0.047374
0.031719
0.031580
0.035441
0.032989
0.034237
0.029775
0.030762
0.031585
0.040598
0.029774
0.032060
0.032799
0.032800
0.029507
0.030174
0.032681
0.031954
0.033195
0.036976
0.033101
0.036071
0.035593
0.033283
0.032797
0.034776
0.028460
0.031153
0.030932
0.038347
0.037770
0.032847
0.031478
0.028560
0.034180
0.035621
0.036428
0.034856
0.037783
0.032876
0.035174
0.037950
0.033880
0.037076
0.038514
