0.010239
0.009527
0.010529
0.009475
0.009332
0.009423
0.009824
0.009572
0.009681
0.005818
0.009384
0.008986
0.009384
0.009727
0.010286
0.009607
0.009368
0.009835
0.009897
0.009578
0.010236
0.009933
0.009510
0.009363
0.009581
0.009815
0.010140
0.009424
0.009129
0.009421
0.018193
0.009163
0.009461
0.010064
0.009824
0.010551
0.010356
0.009639
0.009307
0.009357
0.009936
0.010460
0.010062
0.009379
0.009885
0.009641
0.009878
0.010038
0.009600
0.009349
0.009516
0.010050
0.009150
0.009511
0.009615
0.009653
0.016693
0.009145
0.009550
0.009994
0.010173
0.009205
0.009484
0.009216
0.009240
0.010101
0.009008
0.009268
0.009133
0.009858
0.009609
0.009556
0.009377
0.009997
0.009173
0.009513
0.009482
0.005285
0.010405
0.009448
0.009575
0.009106
0.009735
0.010032
0.009921
0.010189
0.009771
0.009876
0.009331
0.009980
0.009921
0.009459
0.009448
0.009849
0.009999
0.009531
0.009420
0.009766
0.010113
0.009270
