0.036580
0.044258
0.053512
0.055021
0.044085
0.043090
0.051143
0.052096
0.050014
0.039329
0.040057
0.050290
0.037793
0.041312
0.056287
0.051786
0.049394
0.041586
0.042129
0.052614
0.055644
0.047038
0.043350
0.047869
0.048628
0.049629
0.045335
0.055885
0.052915
0.039314
0.059213
0.040569
0.040266
0.049206
0.051547
0.057611
0.048452
0.054584
0.041759
0.051299
0.045745
0.043762
0.043585
0.046133
0.045722
0.046062
0.058592
0.046750
0.041614
0.052540
0.050273
0.056241
0.042258
0.046739
0.054070
0.054042
0.034815
0.057997
0.048188
0.051976
0.051023
0.049300
0.045719
0.058106
0.037268
0.042041
0.049239
0.054257
0.042648
0.076314
0.054385
0.059193
0.048874
0.056151
0.050290
0.050075
0.045558
0.041967
0.053301
0.035448
0.041157
0.054668
0.050856
0.046962
0.047950
0.042751
0.037442
0.048952
0.044565
0.066772
0.047800
0.045893
0.052785
0.050748
0.040354
0.058336
0.040786
0.048115
0.053516
0.062208
