0.021043
0.020529
0.021266
0.019207
0.025620
0.020182
0.023592
0.022140
0.020857
0.020569
0.025077
0.020912
0.022658
0.020895
0.022613
0.020740
0.020272
0.021125
0.025142
0.021952
0.022227
0.023892
0.021610
0.023080
0.020599
0.020284
0.020766
0.021400
0.020321
0.023305
0.022454
0.024252
0.021834
0.021600
0.021747
0.020520
0.020446
0.025297
0.020648
0.022564
0.036232
0.022719
0.020384
0.021441
0.023211
0.022377
0.021558
0.021210
0.020232
0.038082
0.028598
0.023121
0.021597
0.023342
0.021548
0.021937
0.020340
0.024712
0.019584
0.022844
0.022628
0.020442
0.021466
0.021255
0.020781
0.022544
0.021898
0.021352
0.018136
0.029891
0.024603
0.021764
0.020811
0.021709
0.020802
0.023293
0.021048
0.021647
0.021745
0.022235
0.021191
0.021643
0.022886
0.020438
0.029571
0.018685
0.021949
0.024871
0.018581
0.022129
0.020653
0.022812
0.023614
0.022567
0.021644
0.020095
0.022926
0.021191
0.023075
0.021977
