0.004495
0.002880
0.007395
0.003661
0.007893
0.001367
0.062566
0.064494
0.010208
0.003478
0.064307
0.034124
0.001574
0.011560
0.006165
0.065721
0.008498
0.007888
0.067697
0.001713
0.001268
0.008652
0.042502
0.011912
0.001759
0.008946
0.060280
0.005315
0.034275
0.003441
0.002005
0.005813
0.066827
0.002533
0.013172
0.062222
0.012399
0.001525
0.006387
0.061949
0.009048
0.008851
0.066314
0.001930
0.028969
0.032634
0.006067
0.009325
0.004645
0.094713
0.060207
0.006321
0.002243
0.029504
0.009776
0.007395
0.003345
0.070640
0.008753
0.006080
0.010419
0.061349
0.036776
0.004975
0.003602
0.001855
0.009184
0.008843
0.060567
0.014280
0.028380
0.003230
0.060353
0.004016
0.004311
0.006009
0.008118
0.002210
0.003101
0.009013
0.070237
0.003793
0.008077
0.004998
0.071751
0.008975
0.002519
0.007649
0.001742
0.009027
0.011737
0.061054
0.007344
0.065872
0.004793
0.064730
0.062838
0.029627
0.066637
0.003890
