0.044760
0.033012
0.032256
0.009201
0.027163
0.035211
0.015836
0.022473
0.023289
0.026905
0.013799
0.043038
0.020800
0.020944
0.028951
0.020075
0.007132
0.022579
0.016302
0.039626
0.030059
0.037490
0.008286
0.018053
0.033855
0.042128
0.024108
0.011959
0.034942
0.041259
0.054615
0.008717
0.017568
0.042763
0.029206
0.031081
0.040002
0.036234
0.030157
0.065508
0.045605
0.006603
0.032225
0.021221
0.006927
0.028681
0.008659
0.019804
0.036033
0.015636
0.022634
0.026986
0.049325
0.004588
0.031614
0.024314
0.013379
0.042041
0.049286
0.006426
0.031456
0.021008
0.027513
0.013153
0.032701
0.038553
0.034361
0.003749
0.021401
0.062503
0.037484
0.030422
0.025662
0.032361
0.028279
0.030598
0.010063
0.034637
0.015061
0.040789
0.030788
0.022833
0.017558
0.019844
0.025365
0.049587
0.025715
0.012474
0.087406
0.029883
0.027583
0.029189
0.038888
0.024088
0.037988
0.040097
0.047764
0.044730
0.031072
0.017053
