0.006956
0.004362
0.063542
0.004679
0.006427
0.001135
0.002027
0.001859
0.003962
0.003015
0.008683
0.003779
0.013338
0.005014
0.003022
0.002559
0.004617
0.000839
0.007415
0.045962
0.008549
0.006028
0.005793
0.039652
0.002501
0.004870
0.046818
0.005168
0.001746
0.003630
0.043115
0.002661
0.037781
0.005543
0.042891
0.003328
0.038493
0.008832
0.045338
0.003770
0.009777
0.007694
0.007076
0.003956
0.000533
0.004396
0.003782
0.005311
0.005796
0.002084
0.002848
0.001778
0.042040
0.005787
0.001719
0.006259
0.005202
0.040758
0.002810
0.001327
0.038360
0.039272
0.003436
0.005469
0.039620
0.002094
0.004283
0.004130
0.005761
0.010769
0.001845
0.043869
0.005874
0.003287
0.002893
0.005844
0.005525
0.004134
0.005582
0.003107
0.008206
0.009992
0.007106
0.042691
0.001956
0.001953
0.000273
0.038350
0.011606
0.007598
0.041305
0.002747
0.043213
0.008949
0.001756
0.039704
0.001321
0.041150
0.001802
0.007349
