0.045032
0.083360
0.040968
0.031948
0.049103
0.025237
0.034138
0.035453
0.077897
0.027267
0.041571
0.041327
0.036795
0.025743
0.029061
0.059779
0.040195
0.015666
0.046079
0.030299
0.040923
0.051914
0.036637
0.044716
0.031039
0.054035
0.042463
0.016968
0.047544
0.054715
0.059801
0.058569
0.055024
0.041686
0.050508
0.046325
0.068990
0.030623
0.033214
0.028884
0.063783
0.025952
0.043848
0.051569
0.023686
0.063226
0.042038
0.025569
0.061134
0.036497
0.041104
0.042449
0.036240
0.045130
0.026561
0.034133
0.057873
0.068056
0.054550
0.035569
0.050708
0.036026
0.037415
0.040268
0.051539
0.019553
0.014947
0.051842
0.043785
0.027843
0.027679
0.039192
0.048393
0.038531
0.045073
0.033716
0.034386
0.034813
0.050849
0.037981
0.052748
0.072692
0.044301
0.036674
0.035369
0.055092
0.021324
0.031583
0.019652
0.054955
0.034407
0.031799
0.045546
0.027029
0.045350
0.051690
0.066081
0.057792
0.069234
0.028405
