0.016538
0.010685
0.039939
0.060495
0.069024
0.004211
0.010261
0.082586
0.071041
0.005241
0.063937
0.004407
0.015692
0.005088
0.013105
0.013861
0.027491
0.013328
0.002689
0.013340
0.011261
0.019666
0.004511
0.079158
0.012205
0.063988
0.017959
0.013883
0.009694
0.019407
0.062152
0.018458
0.018482
0.075873
0.027491
0.010717
0.077879
0.048496
0.004648
0.059893
0.065420
0.016236
0.018403
0.051141
0.065923
0.064779
0.003885
0.016530
0.012717
0.006250
0.004747
0.013111
0.005299
0.008998
0.005168
0.024505
0.014163
0.029910
0.005225
0.002995
0.019128
0.004263
0.018567
0.020477
0.014185
0.019638
0.016500
0.049440
0.007089
0.015203
0.006094
0.016975
0.009640
0.013880
0.008759
0.005168
0.017281
0.013856
0.074496
0.016788
0.029788
0.004509
0.016362
0.062673
0.079555
0.022372
0.095590
0.074498
0.004046
0.015307
0.012169
0.009174
0.075269
0.070547
0.048236
0.013680
0.015056
0.063909
0.090804
0.010524
