0.001798
0.001888
0.001970
0.001874
0.001707
0.001772
0.001934
0.001863
0.002053
0.001725
0.002003
0.001740
0.001623
0.001761
0.001741
0.001597
0.001895
0.001737
0.001591
0.001701
0.001793
0.001841
0.001920
0.001629
0.001745
0.002090
0.001968
0.002005
0.001706
0.001805
0.001821
0.002159
0.001863
0.001562
0.002016
0.001644
0.001703
0.001750
0.001656
0.001924
0.001848
0.001406
0.001639
0.001637
0.001738
0.001861
0.001666
0.001679
0.001848
0.001783
0.001885
0.002055
0.001597
0.001722
0.001792
0.001775
0.001582
0.001590
0.001602
0.001853
0.002120
0.001598
0.001948
0.001799
0.001882
0.001743
0.001552
0.001704
0.001534
0.001553
0.001891
0.001864
0.001568
0.001811
0.001942
0.001730
0.001846
0.001751
0.001854
0.001677
0.001922
0.001777
0.001688
0.001998
0.001580
0.001550
0.001740
0.001673
0.001671
0.001655
0.001883
0.001847
0.001654
0.001791
0.001688
0.001718
0.002131
0.002025
0.001951
0.001488
