0.007696
0.007056
0.008416
0.003105
0.005246
0.005408
0.013073
0.030743
0.012710
0.004565
0.003544
0.005015
0.003240
0.002490
0.005892
0.032077
0.029689
0.014864
0.004754
0.002344
0.003306
0.005627
0.003617
0.010641
0.005908
0.002361
0.002902
0.002014
0.002435
0.004270
0.009248
0.029882
0.008249
0.009683
0.007309
0.002998
0.005695
0.004364
0.005186
0.006154
0.004145
0.002667
0.013127
0.005482
0.002617
0.008183
0.003880
0.002227
0.037564
0.004954
0.008872
0.002164
0.032687
0.035181
0.031894
0.003110
0.002466
0.002573
0.030494
0.003005
0.005191
0.032493
0.002709
0.004616
0.011246
0.030904
0.003810
0.033003
0.013704
0.013766
0.002596
0.003896
0.005235
0.003629
0.004423
0.031219
0.006675
0.030629
0.002796
0.003415
0.003670
0.011932
0.013163
0.002689
0.034327
0.005613
0.004739
0.002802
0.003526
0.002252
0.031741
0.003149
0.031761
0.004536
0.005499
0.006166
0.029316
0.030406
0.003909
0.011969
