0.032986
0.055271
0.023161
0.034720
0.047364
0.016368
0.034473
0.055141
0.039386
0.041980
0.061207
0.044931
0.034358
0.027300
0.041411
0.047342
0.031997
0.030005
0.039437
0.043916
0.013680
0.016343
0.023942
0.023633
0.023469
0.050183
0.028823
0.058283
0.051160
0.019808
0.020441
0.032562
0.022591
0.031898
0.034326
0.018543
0.036395
0.027812
0.017608
0.020385
0.016575
0.061023
0.010692
0.022469
0.037597
0.021185
0.049080
0.021662
0.059291
0.026937
0.031958
0.017960
0.010065
0.042348
0.034466
0.019529
0.025980
0.024546
0.037215
0.011964
0.032273
0.051727
0.029522
0.036234
0.028685
0.013867
0.016225
0.048196
0.013758
0.018079
0.040162
0.027315
0.038813
0.026867
0.020750
0.014993
0.045404
0.015493
0.030213
0.021420
0.050101
0.022379
0.019806
0.028693
0.028482
0.023528
0.038032
0.021067
0.025681
0.027205
0.021909
0.044987
0.034316
0.041294
0.026969
0.047162
0.052567
0.026728
0.045208
0.022398
