0.001134
0.002909
0.002960
0.005184
0.028795
0.001467
0.003048
0.006262
0.003592
0.002090
0.001853
0.002605
0.005504
0.005760
0.002132
0.001523
0.003182
0.001592
0.001526
0.003621
0.005148
0.002939
0.004007
0.002755
0.002003
0.005942
0.002924
0.004697
0.002489
0.003868
0.001432
0.030574
0.001755
0.001374
0.003424
0.004215
0.002933
0.032939
0.003640
0.107249
0.033987
0.005646
0.003014
0.004403
0.001715
0.004197
0.003169
0.002056
0.002354
0.001702
0.030389
0.030269
0.001602
0.031203
0.004553
0.002909
0.031193
0.002003
0.003300
0.032272
0.004770
0.002485
0.002975
0.003521
0.030427
0.001353
0.002923
0.001983
0.030597
0.003348
0.002509
0.002260
0.004066
0.030861
0.001525
0.001502
0.004472
0.003514
0.002464
0.002807
0.005625
0.007287
0.002568
0.004438
0.001633
0.003346
0.002745
0.002499
0.003134
0.002940
0.005440
0.005232
0.001684
0.031937
0.034073
0.003470
0.030467
0.007622
0.005031
0.002633
