0.025126
0.031918
0.020002
0.029167
0.034866
0.022840
0.046009
0.035709
0.027401
0.031002
0.021106
0.039725
0.029203
0.040929
0.034444
0.030910
0.030133
0.032247
0.029015
0.037352
0.024364
0.048834
0.031368
0.025527
0.028885
0.051289
0.024287
0.029832
0.024638
0.029370
0.032312
0.030745
0.043905
0.029640
0.034231
0.040942
0.018933
0.018806
0.036873
0.024767
0.031296
0.031492
0.024510
0.047634
0.028082
0.026291
0.028893
0.024325
0.023022
0.035508
0.042374
0.021918
0.021512
0.032625
0.041187
0.040414
0.028338
0.036895
0.041662
0.032528
0.016941
0.043190
0.028422
0.022257
0.028219
0.023226
0.036974
0.044815
0.025524
0.028765
0.047222
0.036559
0.019068
0.022590
0.033974
0.019882
0.033614
0.039435
0.033553
0.030555
0.029979
0.024069
0.040201
0.023548
0.031210
0.031434
0.031491
0.025731
0.025489
0.022178
0.034061
0.025122
0.020431
0.025595
0.035254
0.032176
0.030985
0.048399
0.031944
0.028842
