0.005347
0.025734
0.036194
0.008033
0.009488
0.050239
0.032804
0.008882
0.018485
0.009229
0.004431
0.012384
0.036219
0.008846
0.007612
0.007337
0.006235
0.036294
0.010021
0.031754
0.014372
0.015541
0.011060
0.014545
0.010945
0.014407
0.010407
0.013211
0.029317
0.893601
0.006243
0.033962
0.038357
0.008194
0.069219
0.014496
0.006303
0.015560
0.027273
0.035488
0.042453
0.013251
0.029455
0.028306
0.007611
0.010541
0.030407
0.025974
0.011107
388.668639
0.013292
0.009070
0.027199
0.031937
0.045525
0.011588
0.032311
0.031894
0.029752
0.009375
0.015506
0.034696
0.033241
0.027886
0.016541
0.009476
0.007446
0.034511
0.013168
0.030997
0.033642
0.032836
0.010733
0.009539
0.010070
0.007438
0.014264
0.007741
0.032532
0.035485
0.042492
0.014527
0.043517
0.029024
0.011991
0.038177
0.060978
0.010548
0.012373
0.032788
0.004910
0.009993
0.017736
0.046004
0.038624
0.007082
0.013648
0.007388
0.029771
0.007778
