0.011235
0.006091
0.007679
0.005462
0.005428
0.005063
0.004282
0.011695
0.005114
0.005506
0.009256
0.007411
0.006981
0.014666
0.004658
0.005169
0.006592
0.007285
0.006418
0.005136
0.011560
0.004735
0.007503
0.004633
0.005187
0.010514
0.012069
0.003529
0.005505
0.005261
0.012572
0.004986
0.008442
0.005966
0.009795
0.005829
0.012247
0.005420
0.004654
0.005935
0.004742
0.006160
0.005763
0.010834
0.004595
0.003791
0.013163
0.005572
0.012018
0.005777
0.005678
0.004764
0.012934
0.004628
0.005162
0.009584
0.004985
0.006101
0.008377
0.010809
0.012412
0.009740
0.006820
0.004958
0.012169
0.012825
0.006697
0.004657
0.011529
0.004707
0.010452
0.005500
0.004782
0.007705
0.003892
0.004519
0.005970
0.005397
0.012384
0.005580
0.011626
0.005079
0.009106
0.004718
0.004378
0.007886
0.006728
0.004888
0.004924
0.004618
0.004866
0.013127
0.004660
0.006155
0.005532
0.008388
0.007790
0.010550
0.005195
0.007710
