0.002145
0.001936
0.002019
0.001912
0.002239
0.002129
0.001888
0.002105
0.002108
0.001939
0.002132
0.001816
0.002116
0.002083
0.002069
0.001867
0.002179
0.002067
0.002104
0.002148
0.002050
0.002152
0.002059
0.002085
0.002208
0.002005
0.002325
0.002145
0.001971
0.002095
0.001877
0.001864
0.001984
0.002091
0.001826
0.001938
0.002004
0.002061
0.002014
0.001986
0.001889
0.002091
0.002159
0.001896
0.002013
0.002156
0.002006
0.001933
0.001904
0.001906
0.002010
0.002155
0.002029
0.002076
0.001867
0.002057
0.002046
0.002250
0.002367
0.002321
0.002088
0.001957
0.002109
0.002365
0.002110
0.001946
0.001966
0.002002
0.002266
0.002017
0.001878
0.002212
0.001827
0.002149
0.001830
0.001872
0.002359
0.002074
0.002013
0.002069
0.001934
0.001948
0.001893
0.001941
0.002112
0.002158
0.002165
0.001961
0.001818
0.002112
0.001884
0.001940
0.001961
0.001894
0.001940
0.002031
0.002213
0.002022
0.002060
0.001945
