0.006330
0.006813
0.005615
0.014517
0.010662
0.013391
0.007469
0.027754
0.020769
0.004237
0.009986
0.023633
0.006662
0.013849
0.011212
0.014585
0.033607
0.010102
0.004395
0.023193
0.003561
0.005453
0.013743
0.007267
0.028901
0.004297
0.020712
0.009105
0.011425
0.010373
0.016598
0.020966
0.005437
0.013544
0.006083
0.004042
0.009124
0.005654
0.006804
0.006553
0.010067
0.018270
0.023640
0.010553
0.010692
0.005409
0.011424
0.007465
0.036526
0.005990
0.007166
0.009215
0.026139
0.025576
0.030008
0.005480
0.010046
0.009593
0.022761
0.013393
0.013567
0.027400
0.009868
0.012298
0.014529
0.029862
0.005352
0.038409
0.004902
0.014496
0.009120
0.004475
0.011727
0.026045
0.006728
0.032582
0.010483
0.026598
0.006363
0.005739
0.006451
0.011537
0.008682
0.004400
0.024722
0.014709
0.002907
0.002835
0.006562
0.003246
0.054065
0.004086
0.032931
0.011890
0.005056
0.007485
0.053289
0.021888
0.007434
0.006276
