0.034797
0.055584
0.038228
0.031390
0.058500
0.027442
0.031108
0.058138
0.041732
0.051006
0.059479
0.045274
0.042730
0.031655
0.058805
0.089761
0.046833
0.051710
0.058483
0.046584
0.017985
0.014252
0.037666
0.042344
0.028721
0.053475
0.031695
0.056002
0.058793
0.025186
0.022308
0.033085
0.027754
0.029588
0.040460
0.066765
0.031575
0.023622
0.037502
0.034789
0.033012
0.058125
0.025021
0.024111
0.036719
0.024371
0.031939
0.040437
0.063128
0.037458
0.046765
0.031702
0.028601
0.038613
0.031537
0.036479
0.034933
0.022375
0.035702
0.033254
0.030914
0.061534
0.036838
0.040988
0.025892
0.037830
0.030580
0.044049
0.017080
0.027283
0.031442
0.024676
0.040120
0.029909
0.023905
0.030008
0.071340
0.029582
0.036637
0.027185
0.039722
0.040714
0.039470
0.023196
0.028884
0.023598
0.045371
0.035009
0.041990
0.036726
0.024939
0.048327
0.046596
0.038542
0.029558
0.057883
0.063774
0.036880
0.045092
0.036515
