0.004078
0.004468
0.005944
0.006467
0.067031
0.017568
0.031533
0.046443
0.005362
0.027154
0.002450
0.003781
0.018340
0.032267
0.006204
0.073991
0.016224
0.002542
0.003444
0.003348
0.022637
0.019971
0.003934
0.007740
0.001860
0.006150
0.005555
0.017062
0.031228
0.003873
0.065896
0.050303
0.015419
0.020388
0.003313
0.016698
0.004083
0.032331
0.064217
0.100322
0.059238
0.004560
0.052860
0.005462
0.003653
0.007962
0.021787
0.112681
0.019951
0.006962
0.104448
0.098661
0.018348
0.045144
0.019667
0.004285
0.061063
0.064915
0.019277
0.055657
0.018935
0.020226
0.026145
0.015229
0.056379
0.061596
0.025875
0.018031
0.056705
0.015465
0.019032
0.004113
0.003406
0.075018
0.003574
0.027219
0.005080
0.004322
0.016323
0.003181
0.047527
0.047347
0.007697
0.042021
0.015425
0.033893
0.060930
0.060117
0.004616
0.028039
0.016376
0.016262
0.006157
0.091706
0.082368
0.021002
0.092595
0.006879
0.026925
0.050068
