0.031847
0.032072
0.021383
0.030172
0.048292
0.028203
0.054590
0.032389
0.027666
0.035510
0.028207
0.034138
0.031167
0.039823
0.034151
0.034573
0.033412
0.039771
0.033352
0.036240
0.027767
0.044606
0.035253
0.024472
0.031194
0.051695
0.019548
0.035363
0.033501
0.037322
0.037959
0.055211
0.039815
0.034226
0.035628
0.040960
0.020375
0.020046
0.044628
0.024287
0.031635
0.029088
0.026579
0.049195
0.033796
0.028092
0.037070
0.022196
0.021081
0.029029
0.034642
0.034091
0.029029
0.024866
0.048200
0.054488
0.031323
0.047577
0.050764
0.039989
0.016148
0.035794
0.028400
0.027127
0.030334
0.023751
0.041951
0.057183
0.026715
0.031527
0.054103
0.038795
0.020720
0.030675
0.038907
0.018070
0.050123
0.043333
0.034870
0.028499
0.029810
0.027043
0.041496
0.025801
0.033464
0.030351
0.026846
0.034182
0.020912
0.031419
0.031878
0.024699
0.016071
0.029706
0.036184
0.047957
0.040045
0.050756
0.035110
0.028942
