0.023288
0.033433
0.051101
0.019133
0.022390
0.065965
0.025489
0.017938
0.021697
0.025132
0.025802
0.008378
0.031588
0.014042
0.012955
0.033167
0.017224
0.034299
0.022499
0.036587
0.039219
0.016228
0.028527
0.023690
0.026469
0.021953
0.027061
0.019145
0.042113
0.037523
0.022831
0.041479
0.050983
0.021600
0.059161
0.029565
0.028357
0.021550
0.049524
0.063198
0.047252
0.025772
0.034100
0.029712
0.015683
0.023209
0.038590
0.077379
0.008552
0.051368
0.025407
0.011525
0.029223
0.039418
0.044158
0.031268
0.039466
0.044370
0.030706
0.017496
0.013303
0.039033
0.035097
0.027044
0.014375
0.025892
0.016853
0.028565
0.029831
0.037331
0.045107
0.047325
0.024583
0.022915
0.013560
0.014446
0.012090
0.012251
0.043997
0.043694
0.031465
0.020717
0.024340
0.041380
0.010863
0.038596
0.105074
0.036192
0.035375
0.045803
0.013054
0.029528
0.035428
0.059279
0.033404
0.012992
0.021615
0.025397
0.032037
0.024526
