0.168858
0.133529
0.017587
0.046557
0.223138
0.113991
0.063991
0.012882
0.048801
0.217125
0.075754
0.217293
0.064597
0.185010
0.116059
0.041746
0.205177
0.034376
0.040029
0.195441
0.234215
0.113988
0.030463
0.360118
0.085132
0.094266
0.067330
0.064443
0.038530
0.228144
0.055055
0.107630
0.015135
0.239078
0.013986
0.074354
0.030795
0.113477
0.054889
0.035169
0.173096
0.594105
0.036441
0.038306
0.021972
0.097107
0.444633
0.139628
0.103141
0.099052
0.040465
0.050239
0.260402
0.031320
0.412191
0.035387
0.170143
0.035766
0.240195
0.043692
0.287507
0.035013
0.035617
0.351838
0.018042
0.050319
0.318347
0.115554
0.474255
0.049978
0.009930
0.154463
0.096070
0.082828
0.214143
0.128617
0.264296
0.038816
0.354919
0.021873
0.083919
0.040089
0.140412
0.113748
0.092492
0.110470
0.217207
0.352160
0.434087
0.105843
0.051977
0.095178
0.047135
0.079593
0.041625
0.375107
0.018920
0.107538
0.328912
0.040890
