0.099468
0.123075
0.040568
0.081403
0.220777
0.213196
0.129644
0.041847
0.126379
0.061331
0.078893
0.112802
0.283993
0.072296
0.062791
0.097672
0.048750
0.111170
0.086305
0.069803
0.088742
0.076386
0.064696
0.046846
0.093248
0.204910
0.067110
0.050743
0.045401
0.047702
0.042597
0.076249
0.038115
0.085234
0.072495
0.065937
0.099817
0.124012
0.097181
0.079935
0.086771
0.193967
0.043509
0.051197
0.064076
0.246284
0.090366
0.064130
0.160591
0.080275
0.106357
0.059766
0.068842
0.108221
0.059538
0.053940
0.094687
0.083402
0.061253
0.082714
0.375171
0.192853
0.047746
0.323112
0.069073
0.059954
0.239663
0.264084
0.053277
0.119234
0.046202
0.283828
0.040665
0.080516
0.042386
0.139432
0.048484
0.113230
0.099900
0.119436
0.166128
0.141761
0.094983
0.062346
0.081478
0.109475
0.326841
0.059199
0.127561
0.117644
0.133002
0.114023
0.053693
0.091894
0.093947
0.155311
0.099196
0.069604
0.044001
0.150884
