0.089657
0.261303
0.255390
0.043904
0.158838
0.135900
0.087445
0.142829
0.175439
0.151800
0.204338
0.020870
0.168829
0.279121
0.112494
0.252239
0.204386
0.105837
0.030677
0.313965
0.051180
0.023318
0.130370
0.185070
0.393681
0.275760
0.214756
0.463580
0.019988
0.050284
0.082524
0.089778
0.102397
0.205073
0.299232
0.161322
0.090380
0.195146
0.072275
0.268008
0.413492
0.373226
0.108218
0.094899
0.061049
0.089082
0.228922
0.364308
0.191409
0.103551
0.137154
0.235517
0.081125
0.177584
0.048465
0.200381
0.117105
0.133809
0.169461
0.058479
0.083256
0.168367
0.196042
0.441420
0.229121
0.037784
0.083094
0.043685
0.050600
0.027599
0.251696
0.083333
0.112621
0.273065
0.034592
0.106227
0.156945
0.099670
0.026880
0.031864
0.147428
0.206752
0.054401
0.175381
0.089287
0.242766
0.385045
0.228058
0.023932
0.129343
0.140725
0.214389
0.073382
0.225676
0.367940
0.038369
0.121708
0.222032
0.065817
0.052212
