0.128991
0.055277
0.056215
0.063620
0.037981
0.044707
0.082687
0.077452
0.063266
0.056368
0.081146
0.059050
0.073034
0.068578
0.086053
0.083210
0.050599
0.095712
0.078666
0.055003
0.055219
0.191094
0.095823
0.104410
0.124569
0.112420
0.068099
0.078244
0.152985
0.093328
0.088273
0.069709
0.086399
0.074485
0.111096
0.063346
0.055358
0.075227
0.045794
0.067971
0.086823
0.082294
0.066961
0.058903
0.038720
0.071793
0.117307
0.058024
0.119049
0.109354
0.066957
0.063375
0.066294
0.067270
0.114985
0.100511
0.055193
0.062895
0.065776
0.139579
0.056370
0.065307
0.069107
0.072784
0.103549
0.131200
0.098616
0.160824
0.061180
0.050562
0.078586
0.052159
0.132081
0.107357
0.037459
0.057829
0.110872
0.107076
0.059518
0.057266
0.072405
0.065033
0.050595
0.049255
0.056004
0.117883
0.073692
0.050595
0.078170
0.058916
0.147672
0.039711
0.166880
0.064463
0.061423
0.081780
0.056634
0.047306
0.052336
0.060027
