0.095756
0.104532
0.028527
0.106108
0.045047
0.032962
0.104544
0.034143
0.106823
0.107636
0.057933
0.050502
0.052623
0.153941
0.082552
0.490718
0.068068
0.092134
0.032082
0.153171
0.049299
0.051182
0.029970
0.120745
0.067579
0.025528
0.126385
0.062623
0.058858
0.029282
0.036592
0.225686
0.046691
0.073313
0.108133
0.105338
0.067362
0.072114
0.057758
0.068341
0.037179
0.107192
0.040698
0.056576
0.072198
0.228502
0.043477
0.127868
0.034795
0.061748
0.108326
0.074146
0.060619
0.058282
0.058818
0.087467
0.195883
0.076390
0.093251
0.128371
0.136616
0.083694
0.051830
0.066293
0.083199
0.118981
0.438478
0.047536
0.154495
0.033343
0.112405
0.073482
0.044330
0.056975
0.036206
0.040300
0.029068
0.146301
0.056743
0.078747
0.072142
0.212628
0.056568
0.095220
0.140246
0.428900
0.035156
0.291666
0.103110
0.199098
0.158752
0.064453
0.052647
0.122589
0.078599
0.056992
0.043362
0.114658
0.132941
0.098194
