0.005064
0.003002
0.002800
0.004718
0.003270
0.005809
0.054721
0.012348
0.002345
0.003351
0.024467
0.004702
0.002543
0.001733
0.002674
0.068303
0.002684
0.005357
0.059798
0.001893
0.001521
0.006961
0.056984
0.004925
0.001368
0.005274
0.014776
0.006622
0.005325
0.002824
0.001053
0.003272
0.012894
0.001899
0.004680
0.013770
0.001842
0.006226
0.002358
0.013722
0.011249
0.005295
0.058936
0.003898
0.004328
0.006540
0.003606
0.002852
0.002674
0.020821
0.012503
0.010685
0.003171
0.006013
0.009070
0.002244
0.002862
0.054798
0.005880
0.003490
0.010527
0.013434
0.004943
0.001118
0.002832
0.000878
0.001210
0.004854
0.015701
0.013552
0.006001
0.002355
0.054254
0.003787
0.004616
0.003170
0.004433
0.000754
0.004408
0.003548
0.056170
0.004385
0.004331
0.001855
0.063113
0.004174
0.003147
0.001849
0.003089
0.002432
0.005712
0.052909
0.003193
0.011839
0.004366
0.020983
0.053761
0.004397
0.013570
0.003525
