0.006155
0.039861
0.009720
0.016015
0.065280
0.013915
0.032680
0.011876
0.017435
0.029283
0.008702
0.049160
0.028952
0.017280
0.018798
0.014361
0.012676
0.010856
0.021608
0.038998
0.025990
0.017829
0.016478
0.011418
0.035202
0.055231
0.043939
0.011491
0.022296
0.012053
0.031929
0.013749
0.014177
0.019067
0.056444
0.032155
0.043384
0.033585
0.013702
0.046188
0.062031
0.025345
0.010663
0.021637
0.008956
0.036027
0.015044
0.051032
0.070881
0.018254
0.025927
0.008849
0.017827
0.020400
0.014443
0.015850
0.008325
0.053909
0.031667
0.016354
0.008676
0.010171
0.005823
0.020641
0.024252
0.042987
0.032308
0.007685
0.016857
0.047442
0.011258
0.027997
0.029948
0.037109
0.023420
0.017986
0.004104
0.012538
0.005816
0.008504
0.015872
0.026485
0.026316
0.026052
0.013259
0.067497
0.021805
0.012436
0.035802
0.045754
0.014235
0.016056
0.038710
0.015511
0.042069
0.015207
0.101061
0.055695
0.021707
0.010150
