0.004708
0.002247
0.060940
0.000783
0.002939
0.000945
0.001161
0.001115
0.002959
0.001240
0.004752
0.001243
0.004115
0.001069
0.004538
0.002592
0.003494
0.001332
0.001419
0.059566
0.005653
0.000693
0.004421
0.003489
0.001217
0.003907
0.059386
0.004839
0.001323
0.004509
0.057582
0.001794
0.001843
0.002875
0.056630
0.002219
0.001957
0.002343
0.005841
0.001898
0.002091
0.004459
0.001896
0.002071
0.001794
0.002760
0.003415
0.003018
0.004327
0.001283
0.001568
0.001824
0.002060
0.002366
0.001758
0.002258
0.003841
0.003384
0.002294
0.002567
0.002549
0.003504
0.001348
0.004067
0.057690
0.002065
0.002816
0.002019
0.003852
0.010444
0.001886
0.004263
0.003961
0.001874
0.003441
0.005046
0.004455
0.002030
0.002709
0.001696
0.004480
0.005286
0.002748
0.059326
0.002730
0.002578
0.000949
0.002103
0.009249
0.003457
0.002174
0.004161
0.057000
0.003261
0.001048
0.003280
0.001499
0.055899
0.002247
0.004897
