0.041011
0.053403
0.043272
0.050886
0.042341
0.038728
0.054961
0.053471
0.050263
0.031753
0.039352
0.059572
0.065758
0.045068
0.048757
0.034749
0.077032
0.056709
0.058197
0.054180
0.042199
0.058012
0.064440
0.052625
0.028609
0.057904
0.066822
0.054888
0.041306
0.056591
0.039336
0.029010
0.060903
0.039551
0.026539
0.034103
0.049501
0.035168
0.044577
0.021402
0.063033
0.026775
0.069183
0.049428
0.054817
0.044675
0.045258
0.051570
0.050566
0.048602
0.049746
0.035667
0.024467
0.036045
0.048410
0.048188
0.083236
0.046187
0.077018
0.050678
0.064944
0.036162
0.055842
0.082146
0.046022
0.037568
0.025681
0.042403
0.072101
0.069430
0.036844
0.049897
0.064055
0.055502
0.026371
0.028622
0.020033
0.038398
0.032527
0.037844
0.046980
0.063131
0.027335
0.028756
0.048799
0.034100
0.045340
0.074173
0.046081
0.034606
0.056086
0.055706
0.032459
0.028650
0.067922
0.037188
0.063408
0.032283
0.043031
0.047695
