0.006007
0.005446
0.027219
0.046771
0.052582
0.004291
0.006720
0.024203
0.004924
0.007699
0.049903
0.005791
0.011777
0.005777
0.006272
0.005587
0.052461
0.048892
0.007696
0.021485
0.007329
0.054594
0.007334
0.030516
0.012038
0.016661
0.020287
0.008496
0.006348
0.015956
0.012040
0.014354
0.023930
0.010909
0.055606
0.003912
0.100192
0.007157
0.012342
0.012352
0.010898
0.015636
0.016235
0.004275
0.049001
0.067772
0.006366
0.006458
0.006543
0.003675
0.004379
0.006291
0.014919
0.008015
0.007101
0.057272
0.048733
0.021711
0.005569
0.005134
0.060956
0.015844
0.018573
0.015887
0.013739
0.011323
0.005702
0.005113
0.004718
0.006838
0.007352
0.020417
0.005751
0.010311
0.005386
0.004953
0.005673
0.012089
0.058211
0.004970
0.057562
0.006509
0.009447
0.023224
0.056397
0.014892
0.004412
0.032482
0.004879
0.013532
0.024980
0.007276
0.056865
0.053715
0.007660
0.020958
0.004695
0.057714
0.100017
0.004226
