0.020604
0.018330
0.009778
0.005086
0.002487
0.019781
0.002646
0.009264
0.018047
0.010338
0.017998
0.022327
0.022985
0.023693
0.006729
0.008173
0.008217
0.006754
0.014102
0.025151
0.021833
0.003901
0.021819
0.029478
0.020167
0.005749
0.003391
0.006397
0.019998
0.006912
0.004226
0.004114
0.004498
0.008600
0.009619
0.016773
0.022537
0.004915
0.018826
0.005162
0.009852
0.017640
0.017755
0.003543
0.003397
0.005753
0.024794
0.016950
0.006871
0.003538
0.004632
0.007367
0.014781
0.007832
0.031830
0.015725
0.013168
0.018761
0.002745
0.014529
0.006017
0.007069
0.021158
0.003286
0.017117
0.021805
0.017874
0.021930
0.003597
0.005427
0.010656
0.004070
0.006836
0.004885
0.017552
0.009496
0.014236
0.010222
0.007903
0.017246
0.019942
0.007873
0.004711
0.007258
0.005577
0.005598
0.006411
0.007796
0.003839
0.020152
0.004582
0.005884
0.006578
0.018891
0.004079
0.016165
0.016372
0.003432
0.002853
0.023831
