0.012991
0.031383
0.015671
0.027119
0.047318
0.025234
0.017561
0.018701
0.015130
0.033664
0.016923
0.028660
0.039736
0.016440
0.033701
0.040192
0.040222
0.034484
0.025433
0.025741
0.014706
0.019755
0.037969
0.032877
0.022877
0.011974
0.019100
0.030570
0.022319
0.020613
0.030504
0.023627
0.038468
0.031216
0.027830
0.022442
0.029698
0.024253
0.038243
0.025276
0.041774
0.030590
0.013626
0.034199
0.034005
0.039440
0.041097
0.038114
0.020177
0.048881
0.033854
0.018990
0.016381
0.031815
0.029286
0.030016
0.017695
0.028699
0.027901
0.015221
0.021595
0.025267
0.021405
0.033760
0.021144
0.014565
0.026655
0.027882
0.016045
0.025840
0.033824
0.019325
0.031718
0.023030
0.034191
0.045185
0.006089
0.016458
0.033975
0.016266
0.026499
0.020894
0.036963
0.039247
0.028910
0.016594
0.010683
0.026502
0.017284
0.021265
0.021688
0.050784
0.020939
0.041771
0.030861
0.022922
0.038823
0.028619
0.016472
0.018107
