0.050630
0.040235
0.051712
0.056138
0.042141
0.044917
0.056083
0.055984
0.040877
0.053299
0.058204
0.056559
0.062199
0.040583
0.035703
0.058187
0.058798
0.058819
0.065847
0.044299
0.053759
0.049795
0.071987
0.044227
0.050990
0.053900
0.066894
0.054697
0.044664
0.044597
0.055990
0.045391
0.050994
0.054019
0.048427
0.056254
0.049566
0.037679
0.041070
0.037536
0.043604
0.049967
0.043816
0.065342
0.044212
0.061285
0.039697
0.040895
0.058891
0.035601
0.038947
0.059129
0.052057
0.049443
0.043679
0.048573
0.048728
0.044485
0.048471
0.033651
0.050164
0.069084
0.041995
0.046232
0.054034
0.052719
0.046073
0.038276
0.045453
0.043135
0.050468
0.038922
0.042348
0.059550
0.045403
0.045115
0.033885
0.053837
0.041683
0.049399
0.046075
0.052781
0.047026
0.040756
0.064435
0.048700
0.042468
0.041361
0.051981
0.055153
0.046422
0.051475
0.038248
0.045113
0.052660
0.053488
0.055082
0.046361
0.032327
0.044927
