0.024554
0.007846
0.036067
0.024892
0.025398
0.011820
0.045108
0.018620
0.032536
0.010603
0.012367
0.027131
0.029621
0.032056
0.026143
0.025435
0.032119
0.006493
0.025361
0.028695
0.038300
0.029199
0.044819
0.022532
0.009116
0.011642
0.008327
0.009868
0.027244
0.008929
0.029544
0.026277
0.026361
0.039270
0.014464
0.006938
0.009365
0.039456
0.015880
0.030383
0.012798
0.027319
0.040132
0.011110
0.030295
0.029553
0.006410
0.025903
0.027379
0.022970
0.028471
0.013884
0.042735
0.031617
0.014261
0.031385
0.007284
0.028831
0.035228
0.010934
0.010348
0.011997
0.027882
0.013838
0.010298
0.024375
0.027007
0.013765
0.015782
0.009155
0.028230
0.024907
0.026763
0.023869
0.012483
0.018786
0.025100
0.016300
0.035214
0.011002
0.029593
0.007922
0.015623
0.031702
0.008597
0.026415
0.023288
0.028119
0.029257
0.009978
0.011343
0.007463
0.009052
0.024362
0.045738
0.023205
0.010516
0.027320
0.022825
0.021948
