0.117701
0.086112
0.079851
0.076416
0.090617
0.277381
0.062744
0.463763
0.197780
0.054384
0.077405
0.172735
0.042544
0.225149
0.066805
0.104166
0.069501
0.584584
0.534409
0.518164
0.112537
0.460685
0.280488
0.060135
0.089808
0.112341
0.082429
0.475678
0.102682
0.098700
0.534154
0.560545
0.419176
0.632539
0.538326
0.189226
0.044282
0.079426
0.595947
0.390060
0.074249
0.071362
0.123610
0.073222
0.522283
0.503804
0.549819
0.139242
0.196373
0.071362
0.064000
0.054302
0.057983
0.574174
0.579496
0.537191
0.500962
0.159259
0.097684
0.077943
0.348209
0.096849
0.628628
0.034691
0.067992
0.233744
0.114024
0.356904
0.047194
0.331328
0.065190
0.063166
0.052515
0.482444
0.048650
0.050543
0.391700
0.122870
0.452584
0.032066
0.040245
0.596053
0.455729
0.070244
0.079111
0.078042
0.067190
0.596759
0.479811
0.080779
0.057421
0.351777
0.027842
0.066714
0.301826
0.263791
0.067300
0.448966
0.336555
0.426912
