0.380760
0.212284
0.225268
0.407241
0.360592
0.290314
0.341496
0.383571
0.325540
0.469102
0.217567
0.234256
0.263902
0.263121
0.088505
0.051863
0.130540
0.038732
0.451563
0.221749
0.070234
0.423730
0.253488
0.051645
0.381837
0.417303
0.426111
0.363829
0.130274
0.284236
0.100725
0.423378
0.080675
0.431902
0.376311
0.099762
0.247646
0.462149
0.376458
0.202144
0.238364
0.060643
0.092666
0.270215
0.102690
0.047384
0.243504
0.339843
0.221403
0.045028
0.467302
0.289877
0.355460
0.448930
0.390715
0.365987
0.066572
0.352872
0.210727
0.405979
0.348057
0.059272
0.361865
0.433234
0.178149
0.275899
0.057502
0.067260
0.395135
0.387746
0.245361
0.328863
0.453257
0.389123
0.077765
0.105203
0.148081
0.372915
0.360556
0.421572
0.138174
0.445857
0.255992
0.403209
0.248789
0.445202
0.227700
0.370452
0.054568
0.106113
0.071079
0.088911
0.244080
0.340517
0.450551
0.450310
0.397042
0.175239
0.256862
0.377494
