0.111747
0.172126
0.101949
0.065248
0.581295
0.331716
0.284517
0.555314
0.495508
0.605277
0.153485
0.605402
0.138573
0.098299
0.161441
0.092236
0.148802
0.096535
0.069720
0.554636
0.087856
0.084613
0.383077
0.096982
0.442629
0.060225
0.055124
0.229229
0.547398
0.075508
0.533964
0.086083
0.533943
0.498889
0.595042
0.091731
0.368566
0.073338
0.523605
0.643256
0.423680
0.067690
0.119303
0.382275
0.607353
0.496412
0.502184
0.071042
0.147998
0.467481
0.142326
0.051218
0.062403
0.283420
0.287480
0.099451
0.109328
0.503628
0.106245
0.080166
0.321316
0.041091
0.069624
0.053747
0.090430
0.367625
0.072781
0.071326
0.137549
0.050601
0.112400
0.489108
0.053983
0.632276
0.333823
0.240492
0.065886
0.557075
0.587601
0.190877
0.073756
0.069618
0.628629
0.096129
0.515646
0.597260
0.199635
0.060690
0.060950
0.410717
0.073615
0.090928
0.117204
0.070299
0.115302
0.557663
0.092637
0.584967
0.499315
0.579353
