0.095066
0.098460
0.219028
0.219995
0.123754
0.137151
0.084082
0.112393
0.155046
0.265243
0.195915
0.082733
0.137826
0.173996
0.112014
0.233158
0.129867
0.167067
0.104501
0.092905
0.185154
0.226351
0.136473
0.192711
0.277370
0.200762
0.244138
0.177297
0.194135
0.239337
0.131795
0.219748
0.111435
0.183905
0.101471
0.091785
0.178671
0.222016
0.166477
0.135560
0.183101
0.201623
0.192544
0.078534
0.231206
0.138483
0.157256
0.196856
0.168797
0.165418
0.089301
0.211090
0.212026
0.081523
0.099607
0.205673
0.194232
0.060963
0.116588
0.178055
0.126452
0.158718
0.160691
0.142004
0.227770
0.209467
0.251246
0.179451
0.132941
0.143224
0.250807
0.266261
0.217852
0.187324
0.102396
0.131711
0.127977
0.227814
0.195802
0.143807
0.078503
0.207066
0.231639
0.210920
0.163652
0.156457
0.138436
0.162969
0.120938
0.233748
0.167107
0.166490
0.121150
0.165363
0.109113
0.119477
0.173266
0.221426
0.172109
0.148130
