0.176256
0.160576
0.275601
0.473350
0.217340
0.135720
0.392359
0.098278
0.068843
0.319491
0.202520
0.181122
0.076447
0.066829
0.049581
0.216052
0.392818
0.126480
0.340029
0.083743
0.154331
0.494676
0.134539
0.500123
0.123965
0.322096
0.440125
0.561860
0.180904
0.119393
0.059106
0.477142
0.175832
0.155845
0.091603
0.096231
0.103390
0.462738
0.189773
0.486329
0.108514
0.523871
0.108409
0.125905
0.049222
0.078113
0.350998
0.071306
0.048552
0.160178
0.123331
0.446427
0.437443
0.532471
0.465322
0.078411
0.063089
0.072024
0.472347
0.051114
0.140589
0.083172
0.415661
0.118126
0.060585
0.295525
0.067075
0.173364
0.256002
0.306448
0.065779
0.482627
0.453214
0.330081
0.445117
0.398685
0.268564
0.060365
0.467091
0.370619
0.391617
0.233942
0.069250
0.458508
0.212453
0.190151
0.297250
0.058321
0.063406
0.049675
0.046223
0.189819
0.156800
0.100669
0.463862
0.087117
0.522998
0.085952
0.076174
0.458158
