0.011373
0.006088
0.011971
0.014518
0.006690
0.010946
0.006433
0.012277
0.016934
0.013223
0.005986
0.014600
0.016216
0.015991
0.013960
0.007222
0.017735
0.011106
0.012698
0.010182
0.017548
0.015198
0.006558
0.007189
0.012922
0.015766
0.012879
0.007550
0.014492
0.016526
0.013394
0.004804
0.008003
0.006644
0.009705
0.014196
0.006713
0.010820
0.005808
0.005124
0.009938
0.003214
0.010697
0.015396
0.009868
0.013020
0.016549
0.011813
0.017808
0.007925
0.012105
0.004174
0.010326
0.013920
0.013915
0.014735
0.009260
0.012912
0.014711
0.009795
0.010950
0.013989
0.014082
0.007814
0.012754
0.011812
0.012331
0.013861
0.015465
0.013107
0.005879
0.019154
0.004768
0.012211
0.016821
0.017944
0.014907
0.016803
0.016130
0.015754
0.005593
0.010295
0.012299
0.004918
0.015322
0.014281
0.006515
0.006897
0.015089
0.010387
0.011393
0.003986
0.012324
0.014851
0.017925
0.017051
0.004225
0.010656
0.015047
0.013660
