0.029686
0.021761
0.023940
0.030159
0.032077
0.029059
0.022167
0.033726
0.033572
0.031255
0.031169
0.030593
0.019268
0.023043
0.024330
0.017419
0.029539
0.027726
0.039653
0.023204
0.029073
0.028560
0.036943
0.027907
0.044071
0.031120
0.020814
0.028168
0.030540
0.029808
0.034709
0.032535
0.023582
0.021278
0.019147
0.029627
0.026880
0.035372
0.030879
0.035199
0.039051
0.026405
0.023642
0.023205
0.032537
0.027920
0.030381
0.021662
0.036031
0.033665
0.029314
0.029983
0.020287
0.018203
0.032772
0.025768
0.023070
0.026083
0.027156
0.031352
0.034838
0.018878
0.026871
0.038643
0.030873
0.027740
0.028661
0.016296
0.026500
0.029781
0.030292
0.027029
0.027753
0.031857
0.031227
0.033553
0.029060
0.024445
0.016825
0.023755
0.033122
0.029401
0.029276
0.028976
0.019404
0.030224
0.033093
0.032815
0.027175
0.028831
0.027923
0.025532
0.020955
0.033129
0.032280
0.025677
0.033679
0.032284
0.025757
0.024349
