0.013192
0.011963
0.011401
0.012605
0.013181
0.006536
0.012212
0.008985
0.015158
0.018229
0.012212
0.011954
0.012563
0.009596
0.011882
0.012099
0.006483
0.012092
0.007829
0.011295
0.013528
0.012072
0.013271
0.011865
0.003571
0.012110
0.002640
0.013006
0.010527
0.012767
0.010251
0.003282
0.017808
0.012599
0.011039
0.012056
0.010237
0.010830
0.013473
0.012717
0.012810
0.010591
0.012073
0.002544
0.013977
0.003902
0.016973
0.012592
0.012825
0.012138
0.011093
0.006262
0.010720
0.012220
0.013925
0.021353
0.011619
0.012138
0.010869
0.011977
0.012647
0.013210
0.011751
0.004256
0.011912
0.006498
0.040993
0.012291
0.012329
0.011045
0.011859
0.012117
0.012242
0.007062
0.012124
0.006585
0.012126
0.010153
0.011576
0.012462
0.013245
0.006885
0.011873
0.017588
0.012798
0.012477
0.012306
0.012620
0.012143
0.012354
0.004240
0.019373
0.028720
0.005106
0.007944
0.004742
0.013197
0.019627
0.009077
0.019061
