0.040942
0.036622
0.034308
0.030532
0.040107
0.039783
0.036703
0.040353
0.028221
0.038217
0.037495
0.042215
0.046158
0.029235
0.039284
0.030020
0.054776
0.041723
0.042437
0.036034
0.036605
0.031405
0.033270
0.036839
0.043230
0.033437
0.046247
0.042981
0.031101
0.036306
0.034109
0.032416
0.040871
0.033964
0.034965
0.041526
0.035457
0.038207
0.029605
0.032770
0.032266
0.042156
0.040055
0.039479
0.031667
0.034905
0.035865
0.034359
0.025570
0.031030
0.031140
0.039306
0.041726
0.041686
0.045120
0.037014
0.037683
0.030090
0.040491
0.034930
0.033039
0.039457
0.035448
0.044624
0.031078
0.036091
0.041434
0.035530
0.036486
0.034133
0.034331
0.033339
0.039553
0.032332
0.037958
0.034916
0.037992
0.034417
0.034816
0.038086
0.034567
0.030254
0.025834
0.043113
0.032234
0.037774
0.034463
0.032323
0.036595
0.038201
0.047539
0.031042
0.034818
0.031176
0.038622
0.036962
0.040084
0.036517
0.034996
0.039000
