0.030421
0.022416
0.017102
0.025590
0.019799
0.009107
0.018147
0.015090
0.018935
0.019311
0.018282
0.022324
0.020175
0.018480
0.023979
0.028264
0.018973
0.020529
0.014697
0.020325
0.011470
0.011149
0.020815
0.023267
0.027461
0.012183
0.026335
0.026879
0.019833
0.028740
0.020666
0.019787
0.016661
0.027742
0.018209
0.018479
0.026107
0.018571
0.013469
0.024427
0.023918
0.023191
0.022560
0.026013
0.010585
0.012437
0.027819
0.023079
0.023506
0.023220
0.020618
0.025381
0.013135
0.027104
0.027674
0.024727
0.028833
0.013822
0.011289
0.012047
0.027047
0.023399
0.029916
0.011324
0.017032
0.024534
0.029714
0.023143
0.022740
0.027332
0.027163
0.013003
0.023132
0.010865
0.018357
0.027775
0.020469
0.020633
0.011913
0.027365
0.025153
0.016601
0.017754
0.023768
0.011238
0.027506
0.020022
0.014435
0.027045
0.020885
0.009380
0.023248
0.020304
0.021466
0.025528
0.011421
0.020864
0.012130
0.024026
0.010115
