0.013016
0.008813
0.027969
0.011147
0.012049
0.016545
0.010585
0.023090
0.018451
0.011830
0.014549
0.020640
0.019390
0.018675
0.019351
0.012106
0.024870
0.014897
0.015883
0.019672
0.019837
0.019717
0.012374
0.011653
0.019611
0.019030
0.021656
0.013028
0.021651
0.021228
0.024148
0.012915
0.011905
0.012216
0.011009
0.019815
0.017568
0.022311
0.015545
0.010493
0.015711
0.008419
0.017256
0.020865
0.009742
0.015383
0.035229
0.026337
0.014018
0.010495
0.020799
0.009610
0.020469
0.033370
0.029491
0.021365
0.014421
0.017851
0.023177
0.017532
0.018888
0.016908
0.018795
0.015825
0.013178
0.019441
0.021127
0.019147
0.018983
0.009970
0.013347
0.010228
0.017560
0.018723
0.022018
0.018325
0.018902
0.019959
0.020629
0.022679
0.007763
0.021361
0.020068
0.011410
0.023356
0.019570
0.013527
0.016234
0.018872
0.013872
0.024044
0.009087
0.014459
0.020471
0.018136
0.023022
0.008151
0.023457
0.024004
0.013643
