0.038092
0.034683
0.034835
0.049164
0.046691
0.044293
0.040510
0.049870
0.045180
0.053191
0.043357
0.034715
0.035422
0.040567
0.031310
0.029185
0.048839
0.041163
0.057549
0.031920
0.037409
0.045290
0.050985
0.050236
0.040889
0.044478
0.034611
0.044501
0.039655
0.041427
0.047198
0.046051
0.036399
0.037048
0.034099
0.040045
0.041980
0.038849
0.044341
0.059382
0.054087
0.037489
0.026922
0.030117
0.045797
0.048101
0.050966
0.035389
0.044210
0.057809
0.043314
0.042930
0.030977
0.033686
0.037357
0.036687
0.043166
0.034808
0.042810
0.048048
0.048659
0.027735
0.041576
0.040977
0.051763
0.040498
0.032464
0.021826
0.036917
0.047149
0.046735
0.040508
0.035072
0.050469
0.047353
0.046747
0.034770
0.038598
0.027386
0.033921
0.053095
0.043753
0.048707
0.044667
0.034815
0.044636
0.044735
0.054484
0.043913
0.043245
0.045789
0.041766
0.031542
0.048747
0.051588
0.042784
0.047758
0.040916
0.029419
0.039504
