0.013760
0.012727
0.012513
0.014454
0.013872
0.004149
0.013293
0.003101
0.004546
0.004886
0.013093
0.012660
0.013542
0.003417
0.013278
0.010890
0.005457
0.012768
0.002871
0.012531
0.014813
0.012304
0.013592
0.012223
0.004011
0.013648
0.002964
0.013962
0.002924
0.013764
0.002510
0.003834
0.003939
0.012431
0.012580
0.013274
0.005210
0.011501
0.014129
0.013803
0.013117
0.011020
0.013310
0.002435
0.014820
0.003852
0.003138
0.013782
0.014000
0.013357
0.003906
0.002615
0.011461
0.012978
0.003775
0.004244
0.012972
0.012526
0.012463
0.012986
0.013635
0.013828
0.012422
0.003457
0.013275
0.003425
0.003329
0.013013
0.012703
0.013053
0.013315
0.011717
0.012619
0.004647
0.013241
0.003921
0.012486
0.003038
0.013918
0.014081
0.014406
0.002865
0.013367
0.003460
0.004337
0.013232
0.013017
0.012274
0.013487
0.012966
0.002943
0.002415
0.004012
0.002770
0.004040
0.001816
0.013595
0.004064
0.003048
0.004009
