0.080060
0.054692
0.081165
0.061775
0.061183
0.071450
0.054359
0.064072
0.053949
0.046922
0.053672
0.067211
0.076001
0.055403
0.050676
0.060355
0.065621
0.062453
0.069426
0.064535
0.056956
0.056278
0.048384
0.063206
0.059319
0.058970
0.068464
0.066366
0.057103
0.057243
0.052881
0.059867
0.055621
0.051181
0.061527
0.067277
0.041357
0.062903
0.061214
0.055740
0.055398
0.065023
0.062675
0.059168
0.062231
0.055026
0.053598
0.048385
0.047573
0.052873
0.071699
0.066889
0.058821
0.062270
0.078140
0.072265
0.064999
0.051046
0.078380
0.053602
0.063226
0.057538
0.057083
0.085684
0.044337
0.049244
0.057020
0.055351
0.066629
0.074905
0.061821
0.045036
0.069360
0.079174
0.078914
0.056370
0.083880
0.046502
0.068024
0.073504
0.059089
0.056029
0.061656
0.049723
0.050053
0.065323
0.049547
0.062274
0.069494
0.067627
0.048435
0.047108
0.071614
0.063577
0.071133
0.041726
0.054682
0.074778
0.075394
0.054433
