0.037508
0.032128
0.024901
0.036255
0.024861
0.013834
0.023224
0.023647
0.027240
0.024838
0.019928
0.032396
0.025561
0.018961
0.020964
0.036626
0.025914
0.019551
0.022242
0.027723
0.015847
0.016855
0.022286
0.040563
0.036424
0.031086
0.031068
0.035663
0.020177
0.037779
0.029178
0.037704
0.022681
0.036732
0.030470
0.026025
0.031503
0.026583
0.020409
0.031009
0.028255
0.033128
0.027472
0.034354
0.015815
0.014196
0.039632
0.029058
0.046994
0.028123
0.031029
0.031208
0.015124
0.033876
0.040875
0.037500
0.031101
0.014252
0.020938
0.028720
0.032516
0.026738
0.032650
0.020470
0.014998
0.032857
0.032277
0.031580
0.027473
0.026596
0.038348
0.021984
0.030790
0.014508
0.028573
0.032264
0.033641
0.025942
0.026987
0.039608
0.031258
0.022000
0.023039
0.035841
0.019883
0.030489
0.025087
0.019299
0.036275
0.029365
0.014070
0.027064
0.016944
0.024611
0.032393
0.014204
0.023452
0.023129
0.025536
0.017819
