0.012474
0.012762
0.012343
0.012447
0.013121
0.012398
0.012713
0.013305
0.012717
0.012909
0.013147
0.012092
0.011474
0.012874
0.012603
0.012809
0.012934
0.012122
0.013046
0.012679
0.012686
0.011878
0.012436
0.012662
0.012967
0.011792
0.012315
0.012492
0.012835
0.012515
0.013048
0.011905
0.011660
0.012478
0.012558
0.011845
0.011553
0.012809
0.013494
0.012163
0.013021
0.012744
0.012732
0.012936
0.012530
0.013172
0.012838
0.012759
0.012910
0.013223
0.012856
0.012620
0.013094
0.013385
0.012634
0.013040
0.012649
0.012284
0.012176
0.012379
0.012628
0.013199
0.013364
0.011997
0.012411
0.012312
0.012782
0.011971
0.012224
0.012966
0.013066
0.013267
0.012766
0.012414
0.011418
0.013190
0.012495
0.011898
0.013072
0.012597
0.012041
0.012818
0.013400
0.013197
0.013209
0.013125
0.012899
0.012741
0.012776
0.012522
0.012857
0.011494
0.012606
0.012749
0.011808
0.012524
0.011690
0.012022
0.013024
0.012828
