0.034557
0.033017
0.031813
0.033031
0.032950
0.034937
0.033560
0.031876
0.031726
0.033304
0.033195
0.033310
0.035192
0.033312
0.032901
0.033897
0.034238
0.033001
0.032085
0.033742
0.032801
0.033102
0.034019
0.033900
0.034545
0.033178
0.034665
0.034182
0.033321
0.034242
0.032953
0.033114
0.031683
0.034422
0.032075
0.034727
0.032722
0.031766
0.030570
0.032902
0.033160
0.032915
0.033167
0.031477
0.034829
0.035229
0.029749
0.031525
0.034040
0.033770
0.032065
0.033208
0.032432
0.031772
0.033898
0.032626
0.029472
0.030984
0.032182
0.032065
0.034061
0.033488
0.031250
0.034331
0.035528
0.033357
0.035582
0.034441
0.034332
0.033538
0.035859
0.035982
0.035982
0.032359
0.034119
0.033279
0.030941
0.034961
0.031326
0.034156
0.033275
0.033772
0.035920
0.033581
0.032258
0.033643
0.035361
0.032389
0.033697
0.032573
0.034062
0.033417
0.034069
0.031260
0.032668
0.034165
0.033977
0.032854
0.032617
0.035088
