0.005368
0.005875
0.004685
0.005805
0.005694
0.005299
0.005345
0.005660
0.005806
0.005208
0.005156
0.005366
0.005048
0.004817
0.005386
0.005722
0.005482
0.005717
0.005909
0.005551
0.005141
0.005808
0.004842
0.005568
0.005877
0.005533
0.005199
0.005646
0.005690
0.005718
0.005725
0.004637
0.005815
0.005274
0.005746
0.004978
0.005794
0.004867
0.005873
0.004905
0.005583
0.005565
0.005706
0.004174
0.005151
0.005486
0.005629
0.005469
0.005172
0.005833
0.004315
0.004928
0.005560
0.005008
0.005379
0.005660
0.004791
0.005364
0.005150
0.005776
0.005030
0.005459
0.005700
0.005597
0.005877
0.005809
0.005862
0.005065
0.005759
0.005826
0.005836
0.005813
0.005470
0.004591
0.005512
0.004923
0.004546
0.005535
0.005801
0.005593
0.005665
0.005410
0.005470
0.004549
0.004924
0.005032
0.005315
0.005368
0.005655
0.005632
0.005332
0.005715
0.005778
0.005284
0.005746
0.005653
0.005380
0.005559
0.004558
0.005034
