0.048305
0.049710
0.049512
0.050098
0.049441
0.049089
0.048402
0.050729
0.047407
0.052284
0.046273
0.050124
0.051366
0.050988
0.048341
0.051771
0.050767
0.049264
0.049299
0.049560
0.049007
0.047606
0.048645
0.049412
0.046759
0.051738
0.052297
0.050451
0.051333
0.047811
0.053246
0.049730
0.048761
0.051424
0.049431
0.052345
0.051693
0.049811
0.051442
0.049207
0.048250
0.053102
0.049872
0.052298
0.050174
0.051000
0.050035
0.051071
0.048678
0.051216
0.049002
0.052311
0.051420
0.051306
0.050027
0.050397
0.047110
0.048675
0.050148
0.051282
0.050003
0.050065
0.046930
0.053407
0.052024
0.050736
0.051974
0.046993
0.051567
0.048337
0.050097
0.049548
0.052687
0.051088
0.049418
0.048104
0.048887
0.051323
0.049140
0.050456
0.049338
0.050116
0.054212
0.050355
0.050046
0.053916
0.050862
0.051491
0.047559
0.049570
0.049291
0.049954
0.050812
0.049314
0.051629
0.050358
0.047302
0.053677
0.050550
0.052016
