0.019825
0.019416
0.019736
0.018724
0.019327
0.019594
0.018455
0.018941
0.019658
0.019448
0.019218
0.020057
0.019245
0.019866
0.019804
0.020377
0.020042
0.019784
0.019286
0.019652
0.019489
0.019722
0.019771
0.020478
0.018976
0.020203
0.019104
0.020313
0.019153
0.018663
0.020044
0.019735
0.019181
0.019622
0.019415
0.019893
0.019736
0.019324
0.019143
0.019641
0.018738
0.020344
0.018987
0.019427
0.019748
0.020588
0.018393
0.018954
0.018622
0.020052
0.020041
0.019841
0.019701
0.018876
0.019613
0.019117
0.019447
0.019126
0.018917
0.019229
0.019268
0.018381
0.019195
0.020244
0.019368
0.019760
0.019688
0.019603
0.019485
0.019824
0.019892
0.019772
0.019951
0.020253
0.020447
0.019772
0.019182
0.019881
0.019382
0.020163
0.019881
0.019388
0.020102
0.019087
0.019342
0.019908
0.019305
0.019021
0.020273
0.020153
0.020017
0.019195
0.019707
0.019364
0.019152
0.020694
0.019868
0.020666
0.019258
0.019915
