0.016019
0.014469
0.014333
0.013609
0.013303
0.016446
0.008739
0.015253
0.012787
0.006753
0.007783
0.008867
0.014703
0.014361
0.008912
0.014250
0.013903
0.016320
0.015525
0.005766
0.015127
0.008589
0.012838
0.015035
0.013879
0.007205
0.010040
0.016302
0.007808
0.014022
0.015972
0.016417
0.015483
0.012711
0.008588
0.012148
0.014552
0.015736
0.015906
0.015844
0.015292
0.007873
0.008311
0.006788
0.015166
0.013669
0.008616
0.012174
0.013677
0.008239
0.014453
0.008065
0.008003
0.015119
0.013409
0.006981
0.012551
0.014354
0.014940
0.015535
0.016195
0.007702
0.015256
0.005724
0.014184
0.013121
0.015029
0.005964
0.016919
0.016692
0.013306
0.012108
0.016148
0.014679
0.013389
0.015008
0.014250
0.016389
0.014298
0.007358
0.015017
0.006498
0.015910
0.008769
0.014244
0.008670
0.016249
0.007118
0.013361
0.007639
0.016451
0.016819
0.006043
0.005927
0.015255
0.014246
0.008907
0.014660
0.014236
0.013970
