0.042548
0.032737
0.036358
0.044545
0.037641
0.048028
0.037650
0.040501
0.048812
0.034819
0.037887
0.042804
0.041540
0.050469
0.033097
0.033389
0.032927
0.037552
0.036321
0.041112
0.044717
0.048368
0.039785
0.023467
0.047458
0.045261
0.044270
0.043141
0.036321
0.043546
0.047971
0.048048
0.034507
0.038287
0.042301
0.045711
0.037744
0.042906
0.040855
0.046557
0.049497
0.038653
0.043717
0.046533
0.042651
0.040441
0.039065
0.036019
0.038686
0.048951
0.050559
0.038706
0.036144
0.037947
0.043960
0.043520
0.046190
0.038823
0.034336
0.039100
0.051785
0.032968
0.048540
0.040363
0.045424
0.038698
0.023649
0.044134
0.033269
0.052130
0.028198
0.047449
0.028730
0.029038
0.037313
0.048722
0.046191
0.045788
0.040533
0.038290
0.046198
0.041938
0.049563
0.035977
0.041980
0.045258
0.040829
0.038546
0.037940
0.045749
0.046909
0.044612
0.046348
0.045208
0.044944
0.040080
0.038808
0.037501
0.050676
0.047028
