0.011555
0.004329
0.011288
0.003271
0.011048
0.003723
0.010892
0.002612
0.003115
0.011772
0.002647
0.002676
0.011991
0.010917
0.002908
0.002069
0.002019
0.010941
0.002458
0.011905
0.010842
0.010722
0.011506
0.010589
0.012568
0.011855
0.011782
0.003722
0.003535
0.011613
0.003196
0.011452
0.011447
0.011574
0.011226
0.011098
0.002734
0.011422
0.003166
0.012052
0.003268
0.012284
0.012022
0.010608
0.011088
0.010611
0.011512
0.003226
0.002840
0.011173
0.003057
0.011663
0.012198
0.011453
0.011351
0.003223
0.011204
0.011721
0.003723
0.011393
0.011883
0.011502
0.011323
0.003079
0.012291
0.003441
0.011554
0.011645
0.011437
0.011910
0.011356
0.011485
0.011302
0.003292
0.011714
0.012028
0.011590
0.011136
0.003587
0.010857
0.011918
0.011317
0.011255
0.002320
0.011024
0.003282
0.011629
0.010455
0.002278
0.011395
0.012098
0.010869
0.011623
0.003423
0.011911
0.010458
0.002900
0.010631
0.003906
0.010716
