0.056294
0.049104
0.050307
0.047196
0.050537
0.051835
0.047034
0.051316
0.046358
0.053905
0.051945
0.042922
0.054943
0.048629
0.054658
0.047543
0.050116
0.047693
0.050537
0.053026
0.043326
0.050791
0.051557
0.052550
0.047708
0.046191
0.055189
0.051125
0.044689
0.055397
0.051094
0.051713
0.047030
0.055326
0.044866
0.042524
0.050426
0.051317
0.054740
0.044429
0.050505
0.049106
0.048447
0.047679
0.049892
0.052810
0.049176
0.051059
0.052604
0.051212
0.048831
0.050636
0.052968
0.048188
0.053731
0.044622
0.041180
0.046093
0.047844
0.057388
0.046007
0.051471
0.045626
0.051496
0.049429
0.051620
0.053059
0.046712
0.055228
0.050573
0.047458
0.044315
0.046271
0.048261
0.045976
0.051549
0.053246
0.052890
0.044382
0.049255
0.050678
0.050376
0.041719
0.045826
0.047798
0.045335
0.057443
0.047234
0.045065
0.048452
0.046118
0.052966
0.047018
0.046382
0.050350
0.050677
0.053154
0.048875
0.040254
0.045274
