0.025840
0.016673
0.013065
0.011036
0.022650
0.016925
0.025636
0.024639
0.014175
0.026912
0.019760
0.017416
0.025271
0.025004
0.023827
0.016101
0.010925
0.013928
0.016610
0.024146
0.023880
0.019526
0.023179
0.026762
0.019167
0.024266
0.012401
0.024438
0.022431
0.025881
0.011854
0.018101
0.017571
0.025721
0.018884
0.021236
0.023083
0.021313
0.013132
0.025676
0.017432
0.013329
0.025314
0.018330
0.023165
0.018490
0.017020
0.022378
0.016800
0.016496
0.016474
0.019506
0.019482
0.023362
0.024915
0.017909
0.016494
0.023364
0.021059
0.021023
0.013111
0.025894
0.018211
0.017524
0.012613
0.016538
0.024325
0.022665
0.024541
0.024198
0.023228
0.017291
0.018517
0.021855
0.017520
0.017455
0.026419
0.022353
0.021576
0.020331
0.020148
0.013902
0.023900
0.025274
0.024266
0.012779
0.017564
0.018085
0.020461
0.019615
0.013470
0.023513
0.020333
0.015474
0.026046
0.017501
0.012573
0.021655
0.023935
0.009861
