0.238027
0.342340
0.363772
0.162483
0.194573
0.129023
0.135191
0.426804
0.236373
0.060668
0.204823
0.239057
0.139385
0.224808
0.738848
0.747537
0.027788
0.240193
0.420148
0.259556
0.175976
0.187640
0.276572
0.303211
0.266247
0.171955
0.150200
0.711960
0.227402
0.232685
0.485254
0.624211
0.114668
0.659119
0.322501
0.462463
0.178548
0.148489
0.462053
0.365123
0.135938
0.317505
0.577359
0.045445
0.413733
0.205018
0.313496
0.046282
0.491129
0.131931
0.338970
0.371424
0.321716
0.006713
0.215056
0.041397
0.295185
0.120287
0.250377
0.276587
0.316084
0.197164
0.300236
0.117693
0.787859
0.212114
0.167214
0.237232
0.328926
0.451864
0.349272
0.589837
0.172091
0.265149
0.067039
0.622301
0.283966
0.417015
0.230352
0.320850
0.632085
0.554545
0.129699
0.174427
0.064327
0.379530
0.542247
0.047776
0.272652
0.138652
0.074534
0.124151
0.054976
0.362725
0.072785
0.395244
0.626294
0.243375
0.267642
0.362432
