0.195621
0.121391
0.156473
0.218636
0.222559
0.374066
0.300083
0.074227
0.271668
0.380100
0.157601
0.169854
0.097605
0.190703
0.076102
0.545741
0.088791
0.526493
0.170721
0.170118
0.121892
0.178184
0.185020
0.287501
0.106643
0.146596
0.148975
0.091428
0.257125
0.059368
0.368042
0.087446
0.284470
0.273867
0.360772
0.072162
0.236818
0.199241
0.052364
0.147902
0.215675
0.139158
0.340645
0.314472
0.251494
0.185415
0.074830
0.423389
0.313446
0.108997
0.183554
0.086739
0.342537
0.605895
0.258450
0.053236
0.130626
0.369532
0.213224
0.158731
0.231281
0.280276
0.182736
0.104326
0.385957
0.092318
0.195232
0.088182
0.222043
0.158060
0.179499
0.405147
0.180906
0.080723
0.345618
0.110296
0.212846
0.368217
0.262043
0.156542
0.115991
0.517807
0.200598
0.139586
0.077411
0.152846
0.106211
0.080108
0.147560
0.099038
0.063269
0.165278
0.062850
0.111812
0.300669
0.087418
0.088590
0.247517
0.137938
0.314113
