0.118626
0.388325
0.301034
0.295002
0.454126
0.140195
0.581617
0.085371
0.275073
0.637539
0.205572
0.201346
0.387638
0.293611
0.043339
0.821279
0.457076
0.681906
0.292663
0.195314
0.277694
0.322006
0.283568
0.474693
0.200435
0.195890
0.244337
0.664821
0.226007
0.488335
0.500692
0.640651
0.166349
0.524002
0.191287
0.061999
0.413541
0.475501
0.677332
0.315662
0.332798
0.274327
0.633325
0.051369
0.265439
0.264133
0.132996
0.584646
0.512443
0.389362
0.368297
0.196211
0.756500
0.775408
0.148473
0.793588
0.387438
0.585278
0.136589
0.456181
0.418209
0.446195
0.322022
0.379028
0.662404
0.281449
0.188518
0.204114
0.307905
0.629721
0.502577
0.480794
0.240388
0.295344
0.434548
0.123712
0.562652
0.167585
0.311267
0.208416
0.131790
0.531565
0.066708
0.256868
0.514389
0.114332
0.166935
0.259480
0.162216
0.150089
0.105527
0.373651
0.212279
0.160287
0.088050
0.431021
0.098669
0.562918
0.178638
0.565940
