0.030503
0.196010
0.077946
0.091912
0.140958
0.106858
0.258132
0.159644
0.134163
0.199129
0.076163
0.087358
0.077573
0.131694
0.326685
0.352824
0.153561
0.142514
0.137884
0.088222
0.098126
0.115082
0.112079
0.117633
0.114377
0.152780
0.177819
0.268111
0.085101
0.120469
0.168156
0.224098
0.101377
0.131232
0.126169
0.330304
0.118129
0.173448
0.131042
0.143435
0.094794
0.059500
0.095076
0.117829
0.082888
0.084014
0.066049
0.133243
0.122704
0.136376
0.094947
0.069840
0.083627
0.147700
0.096100
0.243422
0.117621
0.151173
0.105103
0.100723
0.082315
0.166249
0.127782
0.097080
0.216784
0.060238
0.084209
0.081855
0.089320
0.240458
0.099938
0.150829
0.073587
0.080096
0.103561
0.104854
0.160883
0.119909
0.127127
0.091459
0.093655
0.069240
0.252146
0.069853
0.207401
0.145435
0.241573
0.209113
0.116815
0.175592
0.085492
0.091591
0.156428
0.120291
0.105287
0.118870
0.104330
0.116205
0.093139
0.093532
