0.214842
0.186599
0.122946
0.240363
0.360165
0.426261
0.287797
0.452263
0.244910
0.042530
0.162122
0.163664
0.246073
0.105888
0.029093
0.617127
0.495521
0.399090
0.101762
0.217630
0.129462
0.164054
0.097145
0.536679
0.195639
0.280035
0.177835
0.032139
0.183910
0.169108
0.162255
0.444663
0.246869
0.061936
0.269410
0.056317
0.367149
0.099512
0.160785
0.197351
0.185121
0.160472
0.388518
0.051210
0.152794
0.172306
0.081225
0.189190
0.126055
0.069333
0.084821
0.140116
0.220164
0.070853
0.338930
0.641519
0.133969
0.098097
0.057432
0.084562
0.154224
0.209784
0.273884
0.130794
0.542109
0.125428
0.170826
0.100708
0.235097
0.195594
0.149672
0.088920
0.185238
0.179539
0.046658
0.260421
0.428974
0.088332
0.224261
0.130087
0.435788
0.028289
0.054499
0.275122
0.018916
0.221365
0.073906
0.046282
0.429240
0.272427
0.070581
0.144942
0.119572
0.512346
0.236100
0.137869
0.041143
0.131524
0.164302
0.031232
