0.018580
0.018550
0.017367
0.016409
0.018086
0.018954
0.017418
0.018070
0.017878
0.016813
0.017218
0.016787
0.019727
0.019458
0.015992
0.020964
0.021467
0.018077
0.018975
0.018144
0.016858
0.020180
0.021871
0.014307
0.019658
0.022293
0.018035
0.014621
0.016068
0.018477
0.017810
0.017527
0.015791
0.017956
0.017082
0.016872
0.016599
0.018541
0.016791
0.018911
0.017252
0.015973
0.018998
0.017634
0.019733
0.015959
0.019137
0.016292
0.018309
0.018925
0.020008
0.017972
0.017103
0.017484
0.017974
0.021022
0.017666
0.019879
0.016770
0.019910
0.017216
0.018651
0.011590
0.018653
0.018018
0.017287
0.020436
0.017737
0.016818
0.019265
0.019368
0.019337
0.021496
0.017100
0.015468
0.017800
0.018343
0.017044
0.020190
0.018805
0.018677
0.018004
0.018646
0.019004
0.014823
0.018490
0.017832
0.017757
0.017281
0.015893
0.023425
0.017686
0.019379
0.018666
0.019532
0.017170
0.018112
0.018727
0.016910
0.018751
