0.046915
0.044875
0.046404
0.041418
0.047159
0.036502
0.058285
0.040920
0.050134
0.043954
0.044665
0.043166
0.046787
0.041876
0.049646
0.049798
0.048081
0.048730
0.044798
0.046623
0.043969
0.039811
0.039598
0.044205
0.050578
0.049183
0.045562
0.045817
0.045154
0.044914
0.044555
0.040535
0.037448
0.043583
0.046208
0.043853
0.044110
0.042873
0.043857
0.045661
0.044442
0.041694
0.048464
0.047998
0.048361
0.041517
0.046352
0.048714
0.048156
0.047381
0.043828
0.046014
0.041580
0.040854
0.052288
0.050571
0.053954
0.048580
0.046492
0.052249
0.043554
0.040393
0.045662
0.046747
0.042490
0.051267
0.051491
0.048796
0.051187
0.045716
0.046203
0.043386
0.042918
0.042193
0.047995
0.048370
0.042586
0.045461
0.047660
0.040845
0.046146
0.046683
0.043378
0.050256
0.052652
0.050087
0.041959
0.040055
0.043467
0.046134
0.043439
0.042365
0.042997
0.043302
0.050182
0.050414
0.048666
0.041181
0.042309
0.046422
