0.006119
0.008372
0.006891
0.008868
0.007841
0.008889
0.006443
0.010692
0.007613
0.008303
0.005094
0.010024
0.006232
0.006975
0.007504
0.007748
0.007509
0.009223
0.006953
0.007039
0.009473
0.008012
0.004745
0.006896
0.009848
0.005591
0.009064
0.009409
0.007698
0.007663
0.006410
0.008964
0.005629
0.008934
0.009268
0.008931
0.010221
0.008747
0.005126
0.008263
0.007892
0.010459
0.009226
0.005726
0.007786
0.008181
0.008798
0.007161
0.007201
0.005553
0.007980
0.006841
0.007295
0.006513
0.008137
0.009276
0.010401
0.006989
0.008946
0.008518
0.009110
0.010296
0.007140
0.007565
0.008005
0.007169
0.009125
0.009176
0.008084
0.004226
0.005976
0.007421
0.008354
0.007949
0.008058
0.008668
0.008684
0.008825
0.009748
0.010232
0.009317
0.008896
0.008727
0.009878
0.007683
0.011024
0.007616
0.007674
0.007502
0.008264
0.007879
0.007373
0.005562
0.008297
0.006619
0.008012
0.006839
0.008765
0.009465
0.007237
