0.074291
0.071421
0.066604
0.075168
0.065575
0.068679
0.065298
0.073515
0.067129
0.057441
0.077441
0.072268
0.072479
0.069200
0.064298
0.071201
0.072389
0.071277
0.070621
0.069448
0.069191
0.076411
0.081213
0.065281
0.072100
0.067147
0.068382
0.066894
0.081729
0.069461
0.070775
0.063183
0.070301
0.066617
0.070337
0.077463
0.065518
0.062863
0.077330
0.075752
0.070067
0.073098
0.068048
0.076947
0.076458
0.067577
0.063091
0.067801
0.063771
0.075829
0.075103
0.071819
0.070495
0.065753
0.084206
0.074250
0.070319
0.068401
0.072988
0.067538
0.067211
0.065233
0.072913
0.071667
0.069545
0.079244
0.070151
0.072475
0.073607
0.070113
0.072601
0.070758
0.080721
0.070140
0.074877
0.065968
0.071189
0.070789
0.065857
0.071185
0.076369
0.059247
0.066020
0.067972
0.065548
0.074299
0.069292
0.061194
0.063324
0.067525
0.077708
0.065233
0.068760
0.066512
0.071788
0.074840
0.070979
0.070998
0.065404
0.079743
