0.025611
0.025939
0.025415
0.024283
0.025662
0.024306
0.024949
0.025484
0.027914
0.025635
0.026433
0.025263
0.023826
0.024563
0.026856
0.027147
0.023263
0.024813
0.025283
0.025026
0.023622
0.023834
0.025417
0.025266
0.025628
0.024313
0.024023
0.026056
0.023921
0.024626
0.026233
0.024648
0.026979
0.025606
0.022259
0.026369
0.024959
0.023212
0.024287
0.025662
0.024782
0.026169
0.026030
0.026695
0.025986
0.024828
0.025979
0.026079
0.026772
0.024775
0.024287
0.025854
0.025000
0.023979
0.025722
0.027075
0.026369
0.024325
0.023929
0.025746
0.024984
0.022361
0.024769
0.025503
0.025453
0.026281
0.024092
0.023335
0.026011
0.025442
0.025278
0.025461
0.025610
0.024683
0.024593
0.023455
0.022629
0.024284
0.026336
0.023877
0.022323
0.024343
0.027252
0.026042
0.026487
0.023184
0.024675
0.024185
0.026398
0.026482
0.023120
0.023746
0.024381
0.025094
0.027518
0.023497
0.025133
0.026942
0.025898
0.022961
