0.021469
0.025007
0.015705
0.011421
0.038846
0.010826
0.018269
0.044452
0.029178
0.005669
0.009293
0.036701
0.027376
0.009701
0.039332
0.032242
0.069886
0.012600
0.011037
0.042277
0.020837
0.018234
0.016867
0.053226
0.020661
0.008532
0.027495
0.012039
0.010370
0.014406
0.016497
0.038822
0.010643
0.012812
0.008053
0.014336
0.008808
0.010200
0.008782
0.009913
0.009367
0.024295
0.017780
0.011774
0.013525
0.010190
0.024669
0.023373
0.032578
0.019357
0.019450
0.019637
0.017913
0.035007
0.054873
0.026218
0.023606
0.009064
0.039573
0.015605
0.021953
0.038354
0.009341
0.009851
0.019822
0.082233
0.014198
0.061464
0.006717
0.025344
0.009904
0.016633
0.033183
0.039027
0.015370
0.059849
0.029318
0.040538
0.012094
0.010305
0.010931
0.033583
0.019203
0.028294
0.072246
0.019031
0.014701
0.015038
0.013091
0.007901
0.134236
0.012609
0.032989
0.015656
0.015439
0.008657
0.075302
0.039065
0.024818
0.009824
