0.077982
0.067249
0.094829
0.064310
0.083831
0.065829
0.065016
0.078719
0.126757
0.309806
0.059490
0.076327
0.084325
0.063870
0.108663
0.085470
0.099996
0.316979
0.115181
0.076279
0.104898
0.093713
0.088742
0.071672
0.061629
0.065601
0.078760
0.263955
0.116696
0.039881
0.070624
0.052348
0.066493
0.105979
0.077119
0.085837
0.096425
0.060948
0.099616
0.098326
0.107610
0.082340
0.092685
0.159236
0.054223
0.054667
0.100245
0.179982
0.094881
0.073293
0.087812
0.074279
0.269058
0.333473
0.087842
0.151555
0.060226
0.052622
0.060872
0.142843
0.073985
0.099500
0.070153
0.058588
0.103084
0.272420
0.063205
0.063499
0.079822
0.290847
0.054407
0.294695
0.069846
0.084317
0.229211
0.097375
0.105510
0.198241
0.076913
0.060334
0.087550
0.072760
0.089129
0.056170
0.067733
0.083005
0.101978
0.075703
0.069108
0.123921
0.064052
0.238228
0.088421
0.076969
0.050924
0.179509
0.107929
0.067482
0.062322
0.131506
