0.011634
0.012549
0.099307
0.013431
0.073714
0.091719
0.102144
0.053656
0.016843
0.080359
0.020824
0.014857
0.032470
0.083966
0.041113
0.319675
0.039677
0.009228
0.039423
0.015748
0.043671
0.057900
0.046571
0.031648
0.017932
0.034285
0.013569
0.043843
0.054399
0.017872
0.240778
0.168679
0.026129
0.047388
0.011465
0.047834
0.182126
0.121027
0.344258
0.115522
0.212660
0.010598
0.308919
0.015600
0.014448
0.042819
0.099526
0.474690
0.086319
0.039082
0.193766
0.121383
0.110036
0.072382
0.040016
0.008779
0.095996
0.376227
0.093389
0.077075
0.102965
0.094689
0.119460
0.025386
0.175957
0.380426
0.042165
0.089065
0.218207
0.034328
0.055843
0.017259
0.010729
0.353097
0.019212
0.045158
0.023331
0.058467
0.036668
0.008773
0.343354
0.344738
0.029103
0.088785
0.042734
0.161754
0.381983
0.370406
0.013401
0.048567
0.035324
0.035284
0.047370
0.143129
0.164323
0.085186
0.123471
0.035904
0.091354
0.062729
