0.054879
0.083070
0.024894
0.039738
0.087677
0.053763
0.062652
0.073237
0.057055
0.051075
0.033264
0.054214
0.048648
0.043118
0.111636
0.045635
0.046887
0.047804
0.039008
0.050048
0.048334
0.049703
0.042049
0.043284
0.089546
0.069310
0.029619
0.088963
0.028813
0.067595
0.062920
0.047936
0.068016
0.056344
0.067767
0.075637
0.035274
0.033018
0.061018
0.021401
0.039700
0.054947
0.036729
0.095313
0.045883
0.036645
0.073646
0.033748
0.029984
0.042588
0.034536
0.072752
0.118721
0.047667
0.109999
0.078039
0.044674
0.055483
0.072081
0.067418
0.029656
0.069644
0.035962
0.058173
0.029514
0.100123
0.061841
0.091404
0.041205
0.048207
0.071159
0.054539
0.034737
0.051746
0.035958
0.027221
0.062517
0.085273
0.041820
0.042220
0.042004
0.027973
0.062608
0.033418
0.039503
0.043809
0.030765
0.032581
0.029457
0.055075
0.066005
0.027210
0.041856
0.095360
0.041972
0.069633
0.055180
0.062673
0.045830
0.057159
