0.093238
0.057340
0.075819
0.037494
0.064609
0.171127
0.102208
0.058733
0.072041
0.053436
0.069442
0.033136
0.073641
0.032115
0.069163
0.048787
0.044049
0.057663
0.049307
0.063992
0.109375
0.065422
0.059456
0.060484
0.083446
0.064026
0.086619
0.042926
0.062776
0.062157
0.062898
0.052310
0.131295
0.042566
0.082276
0.050108
0.062937
0.078183
0.096973
0.079892
0.070944
0.079370
0.045194
0.069545
0.065873
0.095489
0.045475
0.237157
0.114110
0.089180
0.055801
0.042982
0.136389
0.089901
0.099374
0.078902
0.045715
0.051280
0.062945
0.075411
0.036237
0.049358
0.090406
0.059612
0.060657
0.042181
0.083702
0.030469
0.057410
0.096073
0.051291
0.061823
0.054233
0.110852
0.049656
0.032758
0.057590
0.037462
0.095572
0.048158
0.183501
0.178269
0.072911
0.081110
0.021041
0.107606
0.247540
0.210115
0.067297
0.062474
0.045578
0.059079
0.084182
0.091892
0.060072
0.029611
0.034795
0.087075
0.118672
0.182428
