0.005649
0.028123
0.006866
0.011000
0.021550
0.007864
0.009725
0.011483
0.011619
0.005514
0.021296
0.005760
0.006001
0.024772
0.007304
0.006551
0.006840
0.019281
0.019768
0.004363
0.008451
0.007158
0.025252
0.028460
0.005982
0.018785
0.009408
0.020124
0.021901
0.022144
0.010363
0.011407
0.024049
0.008504
0.010074
0.005872
0.023106
0.009874
0.004441
0.008657
0.006534
0.009623
0.008698
0.024970
0.031813
0.006587
0.005182
0.010481
0.008169
0.023568
0.010660
0.004686
0.005377
0.022921
0.011336
0.023426
0.006144
0.005477
0.025769
0.004633
0.006704
0.017666
0.023548
0.024459
0.030187
0.019140
0.025540
0.028512
0.017385
0.012325
0.021929
0.009651
0.017186
0.009729
0.010505
0.021323
0.008268
0.008668
0.005624
0.004528
0.009625
0.010438
0.023451
0.007501
0.005952
0.023496
0.007909
0.013121
0.022229
0.012271
0.004775
0.010412
0.008892
0.020921
0.022252
0.012440
0.010927
0.012454
0.024484
0.006683
