0.036424
0.046817
0.049755
0.030109
0.039655
0.031876
0.048326
0.038046
0.047422
0.051765
0.025862
0.021928
0.031648
0.027857
0.032214
0.026828
0.031434
0.035666
0.031074
0.030487
0.037373
0.030527
0.026434
0.030024
0.046196
0.054118
0.042790
0.026439
0.037575
0.039423
0.031019
0.041796
0.045852
0.033650
0.022528
0.035122
0.037162
0.031612
0.056243
0.045086
0.043656
0.036603
0.037641
0.039853
0.048466
0.064666
0.041152
0.033085
0.030184
0.020625
0.050042
0.035580
0.044198
0.032564
0.048576
0.035943
0.040246
0.037954
0.036141
0.033636
0.042598
0.029342
0.036045
0.014726
0.034906
0.046766
0.026202
0.047327
0.044362
0.031989
0.046209
0.028965
0.040841
0.032325
0.034024
0.036507
0.037178
0.034207
0.022855
0.035286
0.032860
0.047424
0.026320
0.044365
0.039349
0.039558
0.027582
0.029773
0.046088
0.027933
0.032560
0.054075
0.037781
0.022649
0.051940
0.029165
0.025643
0.039526
0.039493
0.047189
