0.002670
0.003611
0.018192
0.017284
0.017910
0.002551
0.018942
0.002954
0.003793
0.018235
0.015434
0.020057
0.016820
0.018524
0.003340
0.002680
0.002440
0.020023
0.016853
0.016342
0.006281
0.003408
0.018380
0.018252
0.018261
0.003745
0.002510
0.017574
0.001500
0.002685
0.002813
0.017263
0.019247
0.004969
0.004717
0.004853
0.018321
0.002692
0.018262
0.003388
0.003541
0.004112
0.018879
0.004550
0.001903
0.003014
0.002480
0.003539
0.004031
0.003440
0.015928
0.001396
0.002564
0.017543
0.002481
0.016898
0.019245
0.003295
0.018532
0.017452
0.002388
0.002551
0.017129
0.004044
0.002560
0.017727
0.002457
0.017897
0.004565
0.018244
0.018871
0.003677
0.004944
0.019475
0.002457
0.004774
0.002650
0.018560
0.002582
0.003158
0.004649
0.003124
0.002969
0.003825
0.002188
0.002087
0.003577
0.018498
0.004161
0.001967
0.018325
0.003202
0.016855
0.017767
0.002876
0.003159
0.003914
0.002972
0.002808
0.018430
