0.072591
0.053758
0.052577
0.032144
0.046399
0.069219
0.051147
0.040537
0.105109
0.065011
0.047081
0.053353
0.049772
0.057171
0.042904
0.064860
0.053526
0.046590
0.068034
0.070711
0.073068
0.055251
0.078282
0.082053
0.050393
0.072947
0.068781
0.053702
0.066938
0.058084
0.042226
0.056028
0.072147
0.072619
0.038704
0.068205
0.039754
0.048637
0.049048
0.057239
0.062745
0.052614
0.061851
0.064518
0.066864
0.057909
0.042655
0.052611
0.050227
0.058920
0.052725
0.053199
0.050958
0.061503
0.042037
0.069978
0.051423
0.086212
0.059960
0.067334
0.057176
0.053595
0.055721
0.068642
0.056589
0.066147
0.044347
0.040875
0.063640
0.060756
0.047319
0.059330
0.048134
0.051091
0.065426
0.064356
0.049857
0.066655
0.058877
0.050651
0.043323
0.055115
0.058210
0.055152
0.064976
0.042894
0.055360
0.062137
0.049035
0.055375
0.044608
0.050440
0.045354
0.068201
0.048982
0.062359
0.061604
0.049503
0.039447
0.050649
