0.024978
0.013004
0.014040
0.018877
0.037927
0.038921
0.021760
0.017500
0.040821
0.027778
0.015317
0.027419
0.021727
0.014830
0.036903
0.026793
0.014707
0.014260
0.024034
0.029098
0.011523
0.024643
0.012118
0.039446
0.017425
0.012504
0.041118
0.031362
0.022396
0.023455
0.022724
0.008133
0.032566
0.043273
0.016334
0.019177
0.011267
0.035577
0.026184
0.039565
0.015030
0.012168
0.016364
0.038668
0.016995
0.018230
0.009996
0.028667
0.030859
0.022593
0.029936
0.030190
0.021226
0.025489
0.012226
0.029131
0.026168
0.025930
0.027389
0.022977
0.036769
0.028301
0.012626
0.021836
0.022504
0.034962
0.020785
0.014498
0.030640
0.044301
0.011699
0.015589
0.021453
0.022068
0.018724
0.014544
0.023641
0.015888
0.025400
0.025856
0.019414
0.035751
0.028505
0.018516
0.026325
0.027395
0.025158
0.037838
0.014071
0.025539
0.025540
0.016134
0.016896
0.039595
0.015336
0.030741
0.034561
0.031782
0.030228
0.019095
