0.012739
0.012840
0.015008
0.024638
0.013356
0.011230
0.012380
0.011664
0.011733
0.012199
0.011112
0.012065
0.012111
0.013076
0.011153
0.017198
0.012562
0.013114
0.012765
0.012568
0.010732
0.012421
0.013496
0.014116
0.012578
0.012195
0.012707
0.012636
0.010827
0.013066
0.012450
0.012761
0.011550
0.020310
0.011677
0.011772
0.011289
0.011531
0.012070
0.011047
0.012226
0.012507
0.012389
0.011899
0.013042
0.010069
0.013251
0.011997
0.011578
0.010847
0.015281
0.012454
0.012816
0.013144
0.012319
0.010983
0.025500
0.014537
0.011785
0.014078
0.012073
0.012280
0.013210
0.010251
0.012358
0.014106
0.012876
0.012725
0.012583
0.011203
0.011850
0.013022
0.012578
0.012512
0.011813
0.010491
0.012338
0.012739
0.014630
0.012142
0.012703
0.011344
0.012492
0.011532
0.012459
0.013063
0.011064
0.041950
0.012950
0.011786
0.011720
0.010885
0.012396
0.012392
0.026408
0.014706
0.046612
0.012518
0.013067
0.024578
