0.031847
0.032664
0.040968
0.032048
0.029832
0.029780
0.027687
0.030087
0.030019
0.034710
0.036799
0.031899
0.033733
0.031901
0.029212
0.032903
0.030239
0.028521
0.028490
0.031232
0.031727
0.030710
0.033554
0.031394
0.032221
0.030189
0.032088
0.033216
0.045361
0.027441
0.028540
0.028652
0.032609
0.033354
0.028942
0.035949
0.031332
0.035803
0.032534
0.031436
0.039108
0.029102
0.034969
0.040382
0.046570
0.027809
0.036062
0.038341
0.032685
0.036202
0.031710
0.031073
0.032461
0.030143
0.029788
0.035588
0.027760
0.037848
0.032295
0.032320
0.029669
0.030670
0.033061
0.029289
0.037091
0.028294
0.029895
0.031631
0.031246
0.029671
0.031931
0.031762
0.032813
0.038249
0.033245
0.032201
0.033186
0.039769
0.033049
0.036466
0.033933
0.027523
0.031070
0.031890
0.033811
0.032745
0.031203
0.028257
0.031753
0.032915
0.034104
0.033094
0.033093
0.031974
0.038087
0.033387
0.034284
0.031802
0.034726
0.035433
