0.010279
0.009398
0.010428
0.009635
0.008996
0.009405
0.009517
0.009324
0.009659
0.008494
0.009159
0.008730
0.009615
0.009522
0.010044
0.009747
0.009029
0.009910
0.008758
0.009515
0.009682
0.009424
0.009746
0.009168
0.009306
0.009094
0.010011
0.009264
0.008602
0.008696
0.006604
0.008861
0.009105
0.010415
0.009690
0.010332
0.008969
0.009053
0.008993
0.009282
0.010001
0.009051
0.009457
0.009162
0.009138
0.009022
0.009742
0.009675
0.009387
0.008583
0.009465
0.009366
0.008687
0.009618
0.009979
0.009595
0.013280
0.008819
0.009253
0.009901
0.009977
0.008714
0.009408
0.009127
0.009055
0.009584
0.008750
0.009942
0.009110
0.008975
0.009297
0.009215
0.009035
0.009875
0.008380
0.009313
0.009173
0.008314
0.010171
0.009427
0.009042
0.010678
0.009684
0.009989
0.010152
0.010121
0.009757
0.008947
0.009538
0.010062
0.009850
0.008826
0.009255
0.009932
0.009101
0.009651
0.009062
0.009615
0.009927
0.009095
