0.047607
0.048034
0.052191
0.055199
0.055912
0.048879
0.046241
0.048296
0.048459
0.047389
0.063840
0.060819
0.049429
0.049713
0.066017
0.068146
0.059993
0.051506
0.049982
0.052118
0.050418
0.055123
0.051888
0.046104
0.048628
0.050055
0.046888
0.057978
0.063995
0.052855
0.057722
0.046661
0.056491
0.049759
0.051546
0.049329
0.049722
0.048043
0.047889
0.050017
0.049367
0.048474
0.044451
0.050359
0.050725
0.052084
0.056354
0.042443
0.047720
0.052540
0.054941
0.052354
0.050254
0.052651
0.049323
0.054255
0.046753
0.051284
0.046548
0.053140
0.049630
0.046466
0.050677
0.090537
0.048271
0.049477
0.048552
0.049658
0.051383
0.093001
0.051849
0.056620
0.053028
0.056924
0.054045
0.050584
0.051863
0.048579
0.068639
0.047904
0.045892
0.057508
0.048070
0.055567
0.050523
0.046991
0.048230
0.044774
0.054176
0.052822
0.061317
0.048897
0.050480
0.050187
0.041458
0.055526
0.041289
0.047980
0.060623
0.054962
