0.016990
0.021386
0.020857
0.046364
0.023141
0.020395
0.023453
0.023077
0.017784
0.019768
0.024960
0.021327
0.022447
0.020715
0.022779
0.020206
0.020922
0.020686
0.048372
0.023910
0.022447
0.023859
0.021497
0.022826
0.016620
0.020706
0.016614
0.021302
0.020462
0.023789
0.021028
0.017536
0.021830
0.022542
0.019835
0.020435
0.020261
0.024534
0.019068
0.022473
0.020221
0.021374
0.020699
0.022663
0.022483
0.020690
0.021859
0.027811
0.022647
0.021653
0.019411
0.024145
0.060839
0.022511
0.021198
0.021613
0.019713
0.040760
0.018660
0.022336
0.021865
0.020289
0.020322
0.020587
0.016523
0.025621
0.022504
0.020439
0.022568
0.016577
0.022790
0.021354
0.026354
0.020593
0.032634
0.023708
0.021611
0.019901
0.021153
0.021620
0.021117
0.021673
0.022392
0.019203
0.024390
0.038172
0.061370
0.024927
0.016494
0.022048
0.021449
0.022614
0.023624
0.022445
0.021136
0.022472
0.022663
0.021886
0.022962
0.021530
