0.457985
0.133647
0.154460
0.323378
0.149633
0.164673
0.400866
0.237171
0.082785
0.153900
0.066354
0.104447
0.194507
0.154154
0.093744
0.372555
0.071428
0.553394
0.558692
0.264030
0.114311
0.541455
0.149205
0.353333
0.402852
0.325005
0.214958
0.208162
0.093127
0.360077
0.438853
0.223507
0.193171
0.442674
0.478648
0.086853
0.090514
0.254467
0.402727
0.518588
0.153795
0.163809
0.092140
0.198250
0.409043
0.259525
0.512435
0.107727
0.624139
0.152081
0.110507
0.092307
0.281296
0.324744
0.260346
0.503665
0.311426
0.354465
0.148848
0.084510
0.230867
0.116346
0.493708
0.084072
0.246981
0.133984
0.081503
0.192018
0.075799
0.260658
0.092539
0.319321
0.048627
0.449633
0.061113
0.060775
0.160933
0.102519
0.433361
0.095182
0.079848
0.528240
0.136053
0.085683
0.188502
0.079837
0.310138
0.480020
0.573450
0.104835
0.134784
0.097088
0.110748
0.071125
0.486509
0.297433
0.054913
0.150744
0.283014
0.240340
