0.068728
0.127137
0.087906
0.136008
0.314775
0.094638
0.138311
0.231852
0.217576
0.339243
0.242852
0.211042
0.233689
0.223373
0.081307
0.237268
0.121841
0.190734
0.483877
0.228666
0.111373
0.421482
0.287820
0.414306
0.052186
0.264497
0.335598
0.266497
0.098156
0.106363
0.095005
0.186705
0.258073
0.428406
0.105939
0.137999
0.213110
0.105534
0.342341
0.112392
0.238604
0.064313
0.094054
0.338287
0.238403
0.107995
0.244721
0.320596
0.101318
0.067153
0.396360
0.270748
0.246048
0.120957
0.061146
0.403653
0.104032
0.281341
0.094110
0.309352
0.206425
0.110892
0.384129
0.391561
0.084480
0.144385
0.049582
0.070653
0.361580
0.152866
0.147008
0.080884
0.410522
0.392199
0.074719
0.055264
0.093630
0.278346
0.377725
0.220287
0.118446
0.089192
0.110383
0.312674
0.126485
0.353689
0.240466
0.350465
0.075723
0.353597
0.084163
0.158398
0.261482
0.066188
0.491506
0.431346
0.085098
0.124701
0.198413
0.062727
