0.097430
0.347833
0.088418
0.131350
0.537657
0.263826
0.301100
0.330425
0.405442
0.512536
0.311221
0.206510
0.428945
0.103929
0.486556
0.122075
0.062678
0.213539
0.106008
0.294093
0.176194
0.274778
0.407069
0.442153
0.119548
0.109804
0.140920
0.240693
0.403055
0.297698
0.461205
0.163250
0.335075
0.451419
0.464981
0.115332
0.324027
0.208452
0.200434
0.402401
0.397357
0.086997
0.103859
0.412462
0.573728
0.500796
0.439595
0.102438
0.143681
0.258428
0.091295
0.098424
0.184896
0.074158
0.117390
0.132767
0.546570
0.526788
0.131120
0.078207
0.057381
0.113193
0.086819
0.139884
0.069154
0.189199
0.087620
0.090494
0.109730
0.151156
0.165419
0.208341
0.054985
0.578860
0.111422
0.199422
0.071277
0.270970
0.583600
0.137408
0.313572
0.501117
0.480501
0.135150
0.153853
0.585928
0.330306
0.197401
0.109391
0.349299
0.133693
0.307304
0.088439
0.096959
0.102694
0.539299
0.346274
0.312544
0.473962
0.289429
