0.107710
0.119365
0.142490
0.062675
0.123837
0.085591
0.126273
0.115538
0.102414
0.098293
0.123358
0.103756
0.178496
0.069114
0.130864
0.075663
0.062827
0.083128
0.083826
0.072073
0.260771
0.153002
0.051627
0.128300
0.109026
0.206044
0.111331
0.126963
0.199801
0.122721
0.083785
0.096204
0.076798
0.110757
0.134203
0.088679
0.164548
0.169826
0.086086
0.075114
0.075527
0.068689
0.136137
0.085361
0.121164
0.118122
0.102949
0.180190
0.074403
0.131437
0.100970
0.088255
0.090205
0.114976
0.094286
0.233900
0.106489
0.096378
0.090931
0.213426
0.148071
0.160924
0.093494
0.055025
0.111376
0.198739
0.232771
0.148004
0.145551
0.065308
0.259159
0.098430
0.123574
0.099795
0.091028
0.105877
0.065467
0.120960
0.152565
0.125708
0.097458
0.119959
0.223781
0.125779
0.086422
0.079639
0.055789
0.108524
0.128023
0.085607
0.123186
0.109483
0.121419
0.143338
0.103404
0.100140
0.098808
0.088400
0.118739
0.110831
