0.086496
0.351037
0.173792
0.129990
0.094693
0.126074
0.356368
0.229861
0.067587
0.369586
0.116430
0.205850
0.087229
0.201475
0.045068
0.297375
0.304937
0.266617
0.204514
0.049322
0.107235
0.400076
0.266737
0.193988
0.064530
0.108400
0.315207
0.208214
0.118585
0.216193
0.086647
0.189495
0.162833
0.129705
0.253768
0.070972
0.111592
0.177619
0.085924
0.408821
0.199267
0.398473
0.096152
0.221993
0.220011
0.176215
0.468640
0.082309
0.108135
0.127593
0.047515
0.196521
0.342469
0.462393
0.396679
0.102917
0.066429
0.064057
0.276049
0.366731
0.114557
0.073733
0.296183
0.282666
0.189879
0.178412
0.092209
0.082640
0.095770
0.249656
0.077621
0.409292
0.283989
0.272807
0.369837
0.342293
0.195957
0.197603
0.436034
0.234439
0.155316
0.424483
0.074369
0.443838
0.275280
0.283246
0.169663
0.220329
0.099287
0.279911
0.086038
0.215982
0.326590
0.118746
0.322906
0.088559
0.105964
0.126888
0.101781
0.298624
