0.022693
0.019673
0.009747
0.018021
0.012800
0.013735
0.021386
0.018409
0.021554
0.017371
0.013819
0.018201
0.020416
0.016990
0.016111
0.008690
0.019895
0.014781
0.018414
0.010640
0.015138
0.015598
0.011917
0.017002
0.016529
0.015995
0.014057
0.008684
0.015496
0.022936
0.013739
0.011793
0.018467
0.009851
0.022085
0.011857
0.014326
0.015622
0.012044
0.008807
0.012903
0.007446
0.011561
0.018952
0.023117
0.019521
0.019421
0.015727
0.044570
0.020388
0.010918
0.009916
0.009463
0.019657
0.020178
0.014461
0.009914
0.017713
0.013897
0.012393
0.016607
0.018069
0.018219
0.018046
0.017324
0.011377
0.015494
0.016866
0.018224
0.021590
0.009198
0.021123
0.010885
0.014165
0.016588
0.020874
0.017339
0.016116
0.018776
0.018812
0.013353
0.009954
0.016320
0.010286
0.018414
0.014044
0.013733
0.015774
0.016124
0.019833
0.016861
0.006321
0.017402
0.020118
0.019429
0.020434
0.005961
0.011910
0.015880
0.016915
