0.033985
0.053575
0.020398
0.039635
0.030456
0.030005
0.031925
0.025691
0.042956
0.038828
0.030954
0.028929
0.038563
0.030733
0.029655
0.026486
0.032779
0.031752
0.035070
0.037526
0.029331
0.036850
0.041837
0.021648
0.040576
0.040364
0.032722
0.040913
0.024630
0.036481
0.031960
0.036556
0.029140
0.025780
0.027455
0.029884
0.034550
0.028473
0.035146
0.026059
0.045057
0.037683
0.041464
0.045149
0.031468
0.035693
0.034386
0.058695
0.037912
0.031446
0.046682
0.029156
0.042964
0.031231
0.050921
0.026220
0.025228
0.031248
0.034828
0.041293
0.044104
0.041717
0.033068
0.026572
0.044788
0.035958
0.023796
0.026176
0.046880
0.031911
0.027285
0.034416
0.030143
0.029117
0.034134
0.033065
0.039451
0.020972
0.028273
0.029829
0.034056
0.034549
0.042233
0.024962
0.044594
0.035436
0.033005
0.027594
0.030776
0.032755
0.036964
0.036545
0.038757
0.026371
0.028528
0.030472
0.029863
0.035000
0.027532
0.031332
