0.009954
0.011157
0.011618
0.011201
0.014291
0.005265
0.015119
0.003479
0.013989
0.011481
0.010655
0.010328
0.015897
0.004091
0.009278
0.014250
0.010784
0.014810
0.008614
0.011367
0.015887
0.014141
0.011386
0.012886
0.010707
0.013906
0.011085
0.014949
0.004085
0.014936
0.004796
0.011426
0.011573
0.010711
0.011277
0.011709
0.010494
0.011710
0.015673
0.014743
0.015908
0.010414
0.011878
0.011055
0.015066
0.006881
0.013567
0.011207
0.012800
0.011400
0.005843
0.012290
0.013134
0.017782
0.011084
0.015974
0.015198
0.015561
0.011386
0.013931
0.011766
0.009834
0.011330
0.011696
0.011421
0.009886
0.011041
0.010321
0.012138
0.012474
0.010924
0.012982
0.010785
0.006454
0.015118
0.025700
0.013480
0.003544
0.010056
0.013432
0.014421
0.011734
0.010243
0.012676
0.011042
0.010282
0.013467
0.015868
0.016896
0.016667
0.004857
0.006834
0.012659
0.004222
0.005476
0.009956
0.015343
0.010341
0.010730
0.011490
