0.045868
0.054677
0.044236
0.039858
0.041829
0.043817
0.049501
0.038430
0.059843
0.057589
0.032605
0.052309
0.041972
0.038588
0.035464
0.047007
0.054684
0.055381
0.051933
0.039109
0.061595
0.060132
0.036666
0.051033
0.042212
0.055990
0.059147
0.050677
0.038777
0.048419
0.034981
0.061954
0.053264
0.049563
0.046105
0.050940
0.048051
0.052174
0.045528
0.045100
0.056082
0.051332
0.046249
0.050861
0.041753
0.047961
0.040082
0.061032
0.043450
0.058793
0.055196
0.051204
0.037506
0.053892
0.064349
0.046873
0.048866
0.043398
0.049756
0.047218
0.053975
0.045153
0.045163
0.067130
0.046624
0.049661
0.049458
0.052757
0.044106
0.047884
0.048294
0.051016
0.042848
0.048494
0.043846
0.057711
0.043276
0.038615
0.055988
0.057850
0.036581
0.044140
0.044963
0.045553
0.046330
0.045769
0.047046
0.039953
0.043807
0.048031
0.067779
0.047340
0.049415
0.060949
0.045215
0.057999
0.057162
0.049900
0.047876
0.054639
