0.033305
0.027844
0.030248
0.030754
0.028573
0.027752
0.028085
0.024176
0.021542
0.023902
0.030039
0.027031
0.027886
0.041907
0.036860
0.031730
0.043412
0.041492
0.031133
0.029649
0.046041
0.043518
0.031044
0.023187
0.029972
0.039083
0.034232
0.037615
0.033175
0.035052
0.027714
0.022048
0.022113
0.031629
0.030591
0.036754
0.027394
0.035692
0.022515
0.033788
0.030483
0.032573
0.032662
0.032345
0.062587
0.042561
0.028670
0.024944
0.039863
0.028583
0.024130
0.028529
0.030218
0.032771
0.029339
0.028614
0.028500
0.044481
0.034125
0.036276
0.029037
0.037552
0.030381
0.036524
0.051776
0.033079
0.030664
0.025554
0.026579
0.032495
0.036866
0.048952
0.023738
0.033508
0.024500
0.036853
0.035659
0.024787
0.028219
0.038617
0.027191
0.021822
0.030147
0.028230
0.043337
0.030536
0.041013
0.029751
0.031805
0.032011
0.026573
0.025687
0.031399
0.034558
0.031252
0.053559
0.032780
0.050319
0.045058
0.026932
