0.015420
0.013930
0.015132
0.016720
0.013904
0.010402
0.013476
0.022424
0.011261
0.023112
0.013618
0.018585
0.013749
0.017670
0.007814
0.011684
0.020307
0.011447
0.021742
0.012097
0.015413
0.010214
0.012718
0.016356
0.015347
0.014383
0.008772
0.015980
0.012833
0.011723
0.007842
0.017770
0.021739
0.013674
0.013778
0.015182
0.019099
0.012601
0.024076
0.011310
0.015186
0.016142
0.014171
0.009563
0.007139
0.014285
0.026418
0.027515
0.019749
0.013442
0.015420
0.011405
0.026132
0.012627
0.019758
0.013722
0.023527
0.006912
0.018258
0.010456
0.012060
0.010226
0.012609
0.017699
0.012669
0.010110
0.016767
0.022316
0.017472
0.013227
0.015866
0.014040
0.013935
0.021490
0.021847
0.010681
0.014675
0.012560
0.019537
0.007556
0.013240
0.012175
0.013558
0.022618
0.011798
0.009401
0.017719
0.012149
0.010556
0.018036
0.016592
0.012299
0.011172
0.024454
0.015843
0.016883
0.013595
0.019288
0.012161
0.013187
