0.041973
0.036059
0.041949
0.043144
0.050022
0.039202
0.042295
0.043430
0.043375
0.033373
0.033723
0.034596
0.051058
0.036340
0.046700
0.042465
0.035086
0.038148
0.045421
0.044837
0.035605
0.044136
0.043896
0.048279
0.044092
0.039218
0.041660
0.032169
0.035384
0.039586
0.036626
0.039184
0.039502
0.045022
0.044986
0.046233
0.043567
0.042322
0.039961
0.045196
0.044409
0.038328
0.035020
0.042190
0.051291
0.044480
0.039783
0.037559
0.035146
0.051886
0.053095
0.035196
0.034770
0.033718
0.035387
0.035978
0.049860
0.039687
0.037428
0.033365
0.040161
0.036516
0.037668
0.046051
0.041017
0.048923
0.031054
0.040589
0.044247
0.039939
0.043354
0.034615
0.046388
0.045626
0.041465
0.038185
0.031515
0.041780
0.044937
0.035850
0.040360
0.035031
0.033625
0.036823
0.043749
0.041027
0.041576
0.044834
0.035230
0.042492
0.046266
0.034901
0.034106
0.043253
0.035143
0.040766
0.038011
0.046113
0.037517
0.040074
