0.006025
0.009667
0.009752
0.015276
0.013194
0.006908
0.011448
0.007552
0.005278
0.006923
0.010906
0.003410
0.005751
0.004991
0.009984
0.010414
0.006894
0.006829
0.003659
0.009170
0.002917
0.004328
0.005905
0.005240
0.005031
0.003120
0.006845
0.010478
0.007525
0.012758
0.016638
0.006286
0.010400
0.003202
0.002647
0.002056
0.006075
0.004957
0.009539
0.003170
0.003921
0.004652
0.003903
0.003390
0.011432
0.004208
0.011634
0.005376
0.004197
0.002670
0.005118
0.003092
0.002421
0.006895
0.003038
0.005344
0.004954
0.006348
0.009102
0.011332
0.008968
0.003504
0.002983
0.005682
0.006273
0.011994
0.012859
0.006190
0.002642
0.007673
0.005058
0.002277
0.003815
0.013526
0.002998
0.009313
0.006133
0.011529
0.003800
0.009958
0.002576
0.009405
0.006689
0.003681
0.008862
0.006274
0.003293
0.002367
0.006990
0.013468
0.009881
0.009284
0.003193
0.005203
0.011671
0.001494
0.008026
0.002298
0.002043
0.016873
