0.049817
0.047034
0.062962
0.057493
0.054998
0.046562
0.059649
0.068477
0.060630
0.062850
0.057012
0.062174
0.056671
0.052559
0.064478
0.058314
0.056867
0.044025
0.059339
0.058005
0.057393
0.053466
0.054040
0.053639
0.048552
0.049892
0.056502
0.057978
0.061513
0.057418
0.058372
0.061617
0.049725
0.065263
0.068446
0.061330
0.066308
0.050836
0.053251
0.041682
0.060575
0.060378
0.057500
0.056038
0.049269
0.068007
0.045886
0.063635
0.061617
0.061641
0.058667
0.051442
0.063788
0.049515
0.052622
0.069110
0.057954
0.052259
0.070518
0.053729
0.051606
0.051734
0.070557
0.046484
0.066940
0.061883
0.067059
0.052729
0.066199
0.058144
0.056641
0.062198
0.062133
0.052626
0.049598
0.063951
0.053933
0.045897
0.051980
0.058259
0.050871
0.046837
0.053839
0.052414
0.052746
0.045919
0.054020
0.056413
0.058847
0.057247
0.061760
0.057935
0.050050
0.065975
0.044888
0.063018
0.061668
0.064454
0.046657
0.054470
