0.024311
0.023182
0.023957
0.025121
0.024698
0.025888
0.029343
0.032186
0.026304
0.023848
0.022948
0.023447
0.023954
0.023720
0.023318
0.020928
0.027326
0.023576
0.027837
0.025219
0.026029
0.027463
0.025677
0.025839
0.026451
0.020016
0.021350
0.025491
0.019925
0.023347
0.020423
0.020331
0.020596
0.020617
0.021256
0.022898
0.023443
0.026566
0.030406
0.031813
0.023813
0.025301
0.027919
0.019737
0.031875
0.021067
0.027470
0.022880
0.020802
0.022339
0.022724
0.024030
0.022114
0.020729
0.028333
0.021819
0.023181
0.025477
0.032513
0.021272
0.026635
0.030413
0.022168
0.022749
0.023126
0.027162
0.019766
0.025423
0.026966
0.020864
0.026541
0.015822
0.018367
0.021397
0.024941
0.024882
0.021425
0.025670
0.030173
0.021219
0.023891
0.023204
0.022728
0.017717
0.025009
0.026738
0.022883
0.024352
0.028269
0.022080
0.022420
0.016061
0.019421
0.023064
0.020915
0.023270
0.022619
0.023478
0.022324
0.021126
