0.007275
0.014801
0.007588
0.011341
0.004872
0.001917
0.007549
0.004216
0.003163
0.008679
0.006354
0.009011
0.005836
0.009121
0.005055
0.002929
0.008430
0.004974
0.007168
0.004388
0.009340
0.002301
0.003028
0.002134
0.005696
0.007573
0.001831
0.009585
0.003269
0.013696
0.009438
0.008131
0.003914
0.006197
0.001982
0.004703
0.009115
0.004736
0.002993
0.003277
0.003788
0.001842
0.002298
0.003260
0.004068
0.007036
0.009603
0.017277
0.003663
0.002596
0.003614
0.011845
0.002875
0.002949
0.002856
0.002841
0.003926
0.006819
0.003458
0.004198
0.009399
0.013837
0.002090
0.004772
0.002291
0.003816
0.005467
0.008098
0.003277
0.006899
0.004843
0.007209
0.007791
0.011002
0.003203
0.009901
0.004715
0.001827
0.003396
0.003372
0.013021
0.008986
0.003751
0.002565
0.011138
0.007919
0.002035
0.001957
0.004501
0.011822
0.017306
0.002642
0.003736
0.005830
0.003940
0.009487
0.010925
0.005667
0.003514
0.004630
