0.001537
0.001474
0.001728
0.001149
0.001420
0.001611
0.001680
0.001708
0.001757
0.001702
0.001779
0.001740
0.001375
0.001745
0.001628
0.001904
0.001914
0.001548
0.001451
0.001547
0.001403
0.001542
0.001475
0.001863
0.001700
0.001735
0.001823
0.001629
0.001552
0.001525
0.001457
0.001383
0.001629
0.001699
0.001384
0.001886
0.001500
0.001444
0.001717
0.001857
0.001764
0.001478
0.001875
0.001439
0.001402
0.001585
0.001535
0.001653
0.001912
0.001954
0.001879
0.001666
0.001868
0.001676
0.001410
0.001595
0.001694
0.001444
0.001874
0.001615
0.001897
0.001341
0.001475
0.001700
0.001597
0.002213
0.001682
0.001314
0.001493
0.001458
0.001807
0.001464
0.001599
0.001800
0.001490
0.001554
0.001548
0.001287
0.001820
0.001725
0.001679
0.001747
0.001482
0.001617
0.001431
0.001681
0.001580
0.001716
0.001758
0.001693
0.001542
0.001473
0.001446
0.001728
0.001664
0.001678
0.001571
0.001695
0.001527
0.001600
