0.012466
0.012510
0.012407
0.012959
0.012451
0.012081
0.012518
0.011941
0.012378
0.012410
0.011885
0.012685
0.012126
0.012577
0.012584
0.008539
0.018073
0.012826
0.012533
0.012229
0.009971
0.008297
0.012486
0.012828
0.012463
0.011960
0.011645
0.012450
0.012246
0.012480
0.013629
0.013066
0.013284
0.012138
0.013388
0.012716
0.012366
0.012538
0.011628
0.020760
0.012164
0.008602
0.013148
0.011781
0.065669
0.013195
0.012187
0.012632
0.009775
0.012963
0.008416
0.027873
0.012599
0.012647
0.011867
0.009802
0.009528
0.013512
0.009913
0.010836
0.012929
0.017066
0.021642
0.012328
0.012412
0.012175
0.014862
0.011397
0.009732
0.011068
0.012565
0.013162
0.012671
0.011690
0.013860
0.012890
0.012273
0.011634
0.012557
0.012599
0.011917
0.011001
0.012205
0.007819
0.011831
0.009021
0.011144
0.009826
0.016622
0.012344
0.011068
0.011206
0.013396
0.011387
0.012294
0.012386
0.021045
0.012621
0.014955
0.012273
