0.004137
0.004894
0.004116
0.005002
698.146421
0.006545
1425.786572
0.005220
111.527583
0.004213
8.327296
0.004203
0.005859
0.004955
44603.570295
48.193341
0.004849
3.941345
0.004732
0.005765
0.004504
0.004645
0.008808
0.004504
58467.133101
0.004967
957.164660
0.004549
0.004443
15.493316
0.004681
771.689103
0.004742
0.004217
0.004874
0.004856
15.431528
0.005535
5.903890
0.006096
0.004609
80.777800
61.058784
0.005707
0.003966
0.004562
0.004891
0.004659
34.803119
0.003964
0.004705
37.463274
0.005180
33.448490
0.004356
0.004258
0.004280
0.004445
10.254722
0.004651
0.003996
104.473244
0.005517
0.004948
0.004280
0.003616
0.004468
0.004113
9.467745
0.005884
0.004311
0.005334
0.004178
0.005119
0.005209
0.004598
12148.570140
0.004735
152.033470
0.510608
0.004698
0.004993
0.004271
0.004666
0.004725
0.004591
0.004640
0.004415
0.005249
0.005488
0.005254
7.959250
0.005061
0.005263
0.004812
10.903045
0.005902
0.005024
0.004913
0.003941
