0.017433
0.014943
0.014261
0.016528
0.013902
0.012651
0.015085
0.017575
0.012008
0.015889
0.017010
0.015341
0.013859
0.015670
0.016239
0.018556
0.013892
0.016521
0.019336
0.016775
0.014210
0.013913
0.014765
0.016193
0.015972
0.020520
0.015196
0.015234
0.013942
0.016754
0.015535
0.017787
0.014548
0.014761
0.016329
0.017666
0.016737
0.017023
0.016209
0.017327
0.017389
0.015259
0.016285
0.016071
0.014993
0.015362
0.016293
0.016525
0.015136
0.019281
0.015630
0.013688
0.014870
0.016635
0.019837
0.012824
0.016220
0.015763
0.016856
0.015864
0.016244
0.017952
0.016789
0.016280
0.017421
0.017662
0.015138
0.013742
0.011890
0.012800
0.017579
0.015306
0.013721
0.014933
0.016116
0.015920
0.016358
0.013637
0.014374
0.016410
0.017670
0.015492
0.017200
0.016556
0.013224
0.014771
0.017440
0.015865
0.014813
0.015535
0.016597
0.015127
0.015467
0.017445
0.015999
0.017171
0.017356
0.013742
0.016120
0.016205
