0.067570
0.061012
0.061840
0.060993
0.069071
0.068532
0.058374
0.065922
0.063298
0.064381
0.066291
0.062845
0.059247
0.061207
0.067123
0.072133
0.070961
0.069002
0.061985
0.061194
0.062165
0.058775
0.067707
0.062160
0.069395
0.062905
0.065466
0.068093
0.062526
0.066715
0.067129
0.055999
0.065882
0.065302
0.063262
0.071027
0.065897
0.059090
0.067184
0.062023
0.060158
0.062261
0.065252
0.064924
0.067485
0.064550
0.076128
0.068759
0.060907
0.070337
0.058173
0.055863
0.066509
0.060007
0.066314
0.066001
0.063125
0.068461
0.058250
0.066609
0.071519
0.064421
0.067314
0.067695
0.071153
0.057328
0.057763
0.064818
0.060311
0.071465
0.068304
0.064995
0.065469
0.073462
0.056017
0.071107
0.065259
0.070912
0.064456
0.068916
0.063530
0.067822
0.062270
0.063905
0.063573
0.061500
0.065991
0.068836
0.068318
0.064263
0.065132
0.056744
0.064676
0.066754
0.054335
0.063618
0.063748
0.074487
0.057727
0.059682
