0.024506
0.024888
0.024446
0.022974
0.023490
0.021641
0.026212
0.025206
0.021886
0.025862
0.025047
0.026838
0.026748
0.023282
0.023790
0.025006
0.025824
0.023680
0.025055
0.022747
0.023420
0.023061
0.025426
0.021805
0.024956
0.023123
0.021913
0.023487
0.023986
0.023587
0.023203
0.026931
0.024668
0.024686
0.024373
0.023693
0.023397
0.022781
0.022950
0.024292
0.025568
0.024250
0.023321
0.025134
0.025042
0.021795
0.025259
0.023715
0.026071
0.024910
0.023883
0.024955
0.023195
0.022645
0.025233
0.023640
0.025449
0.025013
0.023901
0.024984
0.023438
0.024462
0.024100
0.024695
0.024326
0.024506
0.024869
0.024405
0.021820
0.025438
0.025726
0.023240
0.023546
0.027883
0.023371
0.026442
0.024145
0.025868
0.023679
0.025875
0.026036
0.024589
0.025284
0.024243
0.024513
0.023049
0.023277
0.025884
0.023590
0.022020
0.025566
0.024827
0.025339
0.024962
0.023295
0.025173
0.023670
0.024568
0.022767
0.022970
