0.011248
0.017058
0.014493
0.012549
0.014133
0.016521
0.016799
0.014645
0.017166
0.016089
0.014437
0.015787
0.012674
0.014864
0.022369
0.013675
0.018733
0.013947
0.013403
0.020439
0.013339
0.013832
0.015868
0.012541
0.012787
0.011662
0.013806
0.017508
0.014262
0.012753
0.019238
0.010605
0.010652
0.013246
0.019743
0.016158
0.012521
0.009348
0.020058
0.013688
0.017900
0.013647
0.011145
0.010664
0.016162
0.015414
0.015049
0.020165
0.014432
0.012196
0.019634
0.020377
0.012418
0.014097
0.013256
0.015829
0.011426
0.014249
0.013658
0.014379
0.014406
0.015034
0.017709
0.021288
0.014583
0.015197
0.023443
0.016370
0.014703
0.015008
0.015970
0.013375
0.014442
0.017269
0.013729
0.013838
0.016328
0.013715
0.013714
0.016754
0.011842
0.015791
0.015653
0.010327
0.012408
0.015052
0.015174
0.015753
0.013338
0.017626
0.018488
0.014776
0.010458
0.014103
0.016497
0.016847
0.010320
0.013160
0.014390
0.015267
