0.045207
0.040294
0.035778
0.043685
0.040730
0.050402
0.044089
0.040498
0.044559
0.038423
0.046746
0.032537
0.044064
0.046949
0.040425
0.043844
0.038684
0.041878
0.044690
0.035340
0.040554
0.043095
0.043931
0.043277
0.044764
0.048337
0.035758
0.043017
0.039400
0.036971
0.033649
0.040275
0.044432
0.044470
0.039453
0.044980
0.044864
0.043917
0.045415
0.040930
0.036360
0.041928
0.045735
0.039211
0.039225
0.039772
0.034245
0.038824
0.039906
0.049841
0.039919
0.045168
0.036023
0.038237
0.044477
0.040123
0.040295
0.040865
0.042648
0.039850
0.048557
0.039002
0.042055
0.041842
0.040993
0.050277
0.038114
0.042221
0.043265
0.035614
0.045835
0.044448
0.041701
0.037977
0.045308
0.046822
0.041743
0.033027
0.045522
0.041555
0.043881
0.049513
0.040454
0.036255
0.039852
0.036719
0.041944
0.040238
0.038254
0.045472
0.043623
0.045182
0.038030
0.045681
0.038130
0.046722
0.043218
0.037809
0.042295
0.034431
