0.005242
0.007424
0.009763
0.007921
0.008246
0.002534
0.006028
0.008329
0.004391
0.004795
0.008036
0.007600
0.010620
0.006730
0.009221
0.003377
0.007940
0.006517
0.004639
0.003511
0.008310
0.002629
0.007948
0.008277
0.006125
0.006683
0.006355
0.007586
0.006389
0.005570
0.004832
0.007332
0.004967
0.006971
0.003916
0.007823
0.005094
0.007146
0.005960
0.008554
0.004775
0.004166
0.008968
0.009847
0.003187
0.006156
0.008223
0.006347
0.004465
0.006785
0.007708
0.004123
0.008072
0.005000
0.005985
0.008386
0.007907
0.009248
0.007405
0.008062
0.011319
0.006047
0.005317
0.005185
0.006058
0.005968
0.006750
0.007769
0.006421
0.005224
0.008027
0.006077
0.004597
0.003974
0.010020
0.009631
0.008461
0.007251
0.006393
0.005946
0.005765
0.006274
0.005213
0.004329
0.005213
0.006362
0.005285
0.004599
0.011397
0.004285
0.011387
0.006176
0.012593
0.005886
0.004763
0.004726
0.009902
0.006906
0.004807
0.006950
