0.050814
0.057249
0.049661
0.062371
0.056494
0.063657
0.063404
0.061397
0.063122
0.064737
0.053521
0.062007
0.058719
0.058724
0.060255
0.058207
0.061383
0.062075
0.057148
0.057043
0.053705
0.063646
0.067118
0.063647
0.057303
0.052036
0.055219
0.052680
0.060722
0.051263
0.057331
0.060980
0.054428
0.060566
0.059049
0.058528
0.050397
0.061431
0.056032
0.062584
0.055544
0.059905
0.053745
0.054637
0.065028
0.070213
0.059992
0.067973
0.055445
0.062591
0.067764
0.063250
0.057233
0.056938
0.057782
0.058382
0.062233
0.058204
0.057948
0.059859
0.059826
0.054772
0.056621
0.055335
0.057703
0.055504
0.064472
0.060603
0.056482
0.068175
0.057974
0.064025
0.058942
0.055159
0.060386
0.065190
0.062564
0.055395
0.057312
0.061812
0.059520
0.062141
0.058617
0.055268
0.063371
0.058907
0.057690
0.055572
0.056768
0.060924
0.052843
0.061278
0.055377
0.059433
0.052400
0.063265
0.060813
0.053489
0.067675
0.055099
