0.021584
0.022164
0.022868
0.024438
0.024117
0.025021
0.024656
0.021586
0.026090
0.022325
0.026900
0.020863
0.022599
0.024802
0.025784
0.023874
0.025147
0.022009
0.025537
0.022984
0.023016
0.025741
0.025618
0.024239
0.021121
0.024536
0.021337
0.026007
0.021519
0.023695
0.024959
0.022582
0.023751
0.023572
0.023404
0.023250
0.022365
0.023359
0.024289
0.022750
0.021894
0.020355
0.020695
0.023280
0.025934
0.020585
0.020873
0.024545
0.020229
0.024404
0.021545
0.022004
0.023640
0.024176
0.023465
0.024684
0.022680
0.021360
0.022844
0.025181
0.022183
0.022467
0.025285
0.023862
0.025640
0.028151
0.021509
0.024128
0.022254
0.022306
0.025061
0.026464
0.022980
0.025099
0.023778
0.025391
0.024675
0.020939
0.027244
0.025714
0.022021
0.025481
0.025069
0.021071
0.021513
0.023204
0.024634
0.023046
0.024194
0.021525
0.024068
0.024805
0.025822
0.023673
0.023046
0.024174
0.026738
0.023946
0.024090
0.021637
