68.712403
0.053059
3.021788
104.894132
0.009490
3.766428
0.026119
0.013650
1.234275
0.010645
6.775422
0.068994
4.631858
9.673935
309.977174
0.058063
0.012649
114.413879
0.046476
1.790907
21.301690
2322.049721
0.359619
0.006598
0.003728
7.387075
1487.728011
0.009849
0.014290
4073.691369
3.486337
0.003929
2.332861
0.012481
9.136368
19.826445
1.111536
0.011970
7.206250
0.619779
0.020491
23.890380
0.038502
0.019928
29.943298
113.503187
2170.737137
3.531851
5.723252
9.665171
0.016346
118.670063
0.004523
7.261065
215.232854
1.015509
1.959064
0.220334
10736.864367
27.810121
334.645894
31.395152
5.375756
27.291531
608.652649
0.001270
5.553595
61.163883
0.019993
7.449292
30.125432
2.524507
0.027318
2.705566
65.959794
0.026183
465.140404
0.002724
0.006585
2860.288305
773.287418
19.012364
17.127601
91.246213
0.029931
4.886675
25.406291
0.002844
0.004295
79.461746
6.341621
0.129410
2.711305
163.928466
0.005997
0.020747
95.997988
0.614120
1870.666359
0.006004
