0.004648
0.039661
0.010411
0.016517
0.059073
0.011588
0.030127
0.011150
0.015713
0.026045
0.008943
0.043286
0.029544
0.014448
0.017060
0.011866
0.010254
0.007917
0.020135
0.043710
0.025537
0.016815
0.014999
0.009338
0.032345
0.050397
0.047491
0.010347
0.021750
0.013045
0.028582
0.013110
0.013158
0.016997
0.095106
0.030466
0.042005
0.031095
0.010555
0.044335
0.060154
0.028416
0.010887
0.018981
0.010871
0.037378
0.013997
0.046006
0.062672
0.021530
0.022288
0.008285
0.016827
0.026442
0.013808
0.016196
0.009146
0.047732
0.030275
0.018416
0.011795
0.010360
0.004724
0.019521
0.023950
0.043249
0.031760
0.006532
0.014551
0.054107
0.010251
0.030174
0.031529
0.034795
0.020930
0.014841
0.002704
0.012865
0.004411
0.007550
0.014939
0.028793
0.025499
0.031533
0.011333
0.060493
0.021427
0.010970
0.041320
0.045351
0.011630
0.013469
0.041965
0.013493
0.042798
0.013438
0.096823
0.057845
0.018881
0.008903
