0.005496
0.005138
0.060940
0.000415
0.003289
0.000645
0.001176
0.000927
0.005702
0.001405
0.005120
0.001543
0.004069
0.002533
0.004683
0.002256
0.003206
0.004171
0.001404
0.059566
0.006413
0.000610
0.003947
0.003026
0.001254
0.003222
0.058558
0.004384
0.001296
0.505311
0.057590
0.002591
0.001021
0.004687
0.056694
0.003762
0.002068
0.002934
0.010635
0.001686
0.002387
0.004721
0.001597
0.002785
0.002682
0.002689
0.004857
0.003869
0.262737
0.001523
0.001975
0.002055
0.001343
0.004269
0.002446
0.001936
0.004985
0.001946
0.002228
0.002994
0.002035
0.220143
0.001402
0.005870
0.057692
0.004172
0.002979
0.003096
0.004838
0.023024
0.002300
0.003636
0.004453
0.001551
0.006479
0.010191
0.004386
0.001875
0.002846
0.001529
0.004025
2.437190
0.002211
0.059331
0.002661
0.003992
0.000478
0.001169
0.013317
0.004321
0.001227
0.076151
0.057053
1.840727
0.000844
0.004047
0.001040
0.055901
0.172283
0.006169
