0.104210
0.062863
0.336375
0.179396
0.277405
0.121793
0.122788
0.208205
0.325082
0.172033
0.323351
0.124160
0.144804
0.122806
0.163242
0.134434
0.428242
0.189286
0.083731
0.141366
0.174386
0.110868
0.137769
0.414344
0.179504
0.217558
0.200754
0.501387
0.676225
0.138030
0.163101
0.473636
0.069779
0.143821
0.203750
0.318924
0.184948
0.239363
0.105704
0.080749
0.118224
0.106675
0.103604
0.156813
0.106087
0.127293
0.146639
0.137054
0.223509
0.147298
0.217550
0.279907
0.073248
0.200617
0.319481
0.102764
0.231933
0.137673
0.132394
0.203287
0.108335
0.294239
0.098782
0.146766
0.126499
0.118309
0.137261
0.393720
0.140956
0.195820
0.096653
0.129375
0.090892
0.204734
0.086795
0.094392
0.239495
0.317633
0.262672
0.192384
0.097697
0.192679
0.531542
0.118802
0.203820
0.140644
0.429287
0.211453
0.100223
0.100396
0.143849
0.105451
0.546270
0.149982
0.099902
0.128393
0.126654
0.218205
0.101494
0.105651
