0.005492
0.005650
0.023827
0.054177
0.052582
0.006233
0.007257
0.020873
0.005210
0.008605
0.053131
0.005972
0.010641
0.006985
0.005376
0.005420
0.052450
0.048892
0.006132
0.019844
0.007589
0.042392
0.006166
0.028368
0.010525
0.014749
0.017229
0.007886
0.004838
0.015956
0.010351
0.013244
0.020761
0.010892
0.055606
0.004658
0.095696
0.007853
0.012939
0.011320
0.012155
0.013392
0.014039
0.004476
0.054342
0.067772
0.006832
0.007981
0.007449
0.002652
0.005275
0.005582
0.014366
0.007349
0.004913
0.059086
0.042215
0.019697
0.006034
0.004904
0.051283
0.014372
0.015756
0.013511
0.011495
0.012769
0.005821
0.006187
0.006836
0.005174
0.008071
0.017990
0.003904
0.010673
0.006381
0.005140
0.005061
0.012747
0.062928
0.005808
0.049761
0.007176
0.009290
0.020459
0.059800
0.008054
0.004053
0.028848
0.004608
0.011361
0.021137
0.007659
0.062503
0.057203
0.007196
0.018180
0.008282
0.063412
0.097266
0.004046
