0.007277
0.005962
0.007173
0.006102
0.005000
0.005313
0.004971
0.008058
0.005683
0.006893
0.005409
0.005406
0.004911
0.004591
0.007794
0.006458
0.006566
0.006592
0.004851
0.006102
0.004766
0.006688
0.005606
0.006112
0.005722
0.010512
0.006397
0.004973
0.006180
0.006032
0.006599
0.004669
0.006691
0.005281
0.005213
0.005468
0.007006
0.006591
0.004844
0.005459
0.007218
0.004966
0.007179
0.007464
0.006540
0.004819
0.018641
0.004950
0.005208
0.007013
0.138881
0.007265
0.005921
0.005092
0.003960
0.005862
0.006761
0.005698
0.006462
0.005178
0.005720
0.005377
0.006592
0.055493
0.005915
0.005314
0.005995
0.006613
0.004658
0.010114
0.006552
0.005654
0.015493
0.005495
0.005086
0.007800
0.005200
0.005082
0.007484
0.129986
0.005595
0.005916
0.004873
0.005503
0.005427
0.006072
0.006048
0.007344
0.005403
0.005694
0.006926
0.005219
0.006798
0.005192
0.012527
0.005693
0.006352
0.004898
0.005407
0.005735
