0.029874
0.021156
0.023730
0.031745
0.031925
0.028539
0.021591
0.034248
0.033794
0.031985
0.032683
0.030381
0.020103
0.022333
0.026044
0.018298
0.028619
0.028374
0.039527
0.023161
0.029453
0.029744
0.039777
0.027846
0.040994
0.031120
0.022674
0.029845
0.030041
0.030297
0.036574
0.032277
0.024871
0.020870
0.019582
0.028490
0.028801
0.035160
0.030659
0.035047
0.039051
0.026529
0.028914
0.023002
0.032437
0.028117
0.030772
0.020854
0.036095
0.033116
0.029945
0.029962
0.020524
0.017506
0.037099
0.026107
0.023652
0.028860
0.027819
0.035036
0.034838
0.018344
0.029926
0.038117
0.032272
0.032931
0.028496
0.015235
0.028281
0.031738
0.029669
0.028198
0.029211
0.032834
0.029617
0.033880
0.029925
0.026086
0.017939
0.023223
0.031826
0.028610
0.031224
0.028319
0.020278
0.029802
0.033093
0.032476
0.027486
0.029330
0.029570
0.027782
0.020110
0.033469
0.032621
0.025033
0.035205
0.031635
0.025855
0.026461
