0.013260
0.011690
0.011540
0.013208
0.013191
0.006439
0.012357
0.008309
0.013610
0.015718
0.012212
0.012189
0.012869
0.009194
0.011917
0.011730
0.006243
0.012200
0.007565
0.011304
0.013454
0.011988
0.013271
0.012007
0.003557
0.012002
0.002594
0.012805
0.009069
0.012656
0.008731
0.003310
0.016027
0.011849
0.011235
0.011974
0.011070
0.010743
0.013742
0.012897
0.012850
0.010577
0.012322
0.002336
0.014004
0.003961
0.015373
0.013022
0.012825
0.012084
0.010142
0.006106
0.010772
0.012014
0.012680
0.016700
0.011627
0.012072
0.010955
0.011956
0.012649
0.012973
0.011592
0.003622
0.012150
0.006240
0.033910
0.012144
0.012329
0.011223
0.011952
0.012303
0.012642
0.006794
0.012124
0.007496
0.012146
0.008793
0.012693
0.012406
0.013102
0.006625
0.012573
0.016046
0.011617
0.012725
0.012455
0.012403
0.012235
0.012305
0.004798
0.016639
0.024252
0.004998
0.007587
0.004598
0.013197
0.017873
0.008041
0.016289
