0.041022
0.035750
0.034316
0.032539
0.038204
0.037972
0.037448
0.039066
0.028008
0.035067
0.034670
0.042865
0.047243
0.028956
0.037585
0.031904
0.049824
0.036044
0.042312
0.034617
0.035753
0.031041
0.033198
0.034992
0.046688
0.032348
0.044831
0.042728
0.030034
0.034106
0.033513
0.030624
0.037616
0.033178
0.034721
0.049884
0.035628
0.037492
0.029989
0.032776
0.032630
0.038932
0.037146
0.040171
0.030935
0.038573
0.034870
0.034026
0.024566
0.030933
0.037553
0.039171
0.038350
0.038740
0.045064
0.035342
0.036195
0.030546
0.037122
0.031163
0.034307
0.038594
0.035874
0.048040
0.029144
0.039543
0.039978
0.032109
0.035034
0.035662
0.032978
0.034759
0.039740
0.034593
0.032745
0.035138
0.040729
0.033555
0.035872
0.037982
0.035029
0.028488
0.026898
0.043193
0.031791
0.037042
0.033579
0.032513
0.036705
0.037526
0.037996
0.030298
0.035563
0.032696
0.040342
0.034142
0.039826
0.036650
0.037166
0.040448
