0.030446
0.021771
0.018732
0.025536
0.020455
0.008520
0.018584
0.015090
0.018935
0.019454
0.018587
0.022637
0.020396
0.018005
0.023261
0.028607
0.018856
0.013409
0.015439
0.017688
0.011642
0.010768
0.019427
0.022728
0.027834
0.011874
0.026676
0.027584
0.022841
0.029028
0.020223
0.019326
0.016663
0.027749
0.018628
0.019718
0.026250
0.018696
0.013929
0.023990
0.024267
0.023413
0.022069
0.026306
0.011697
0.011423
0.027669
0.023787
0.023604
0.022690
0.020300
0.025190
0.012580
0.027152
0.027917
0.024821
0.028796
0.013939
0.011141
0.011715
0.026909
0.022243
0.029928
0.011659
0.013424
0.025687
0.027974
0.022454
0.024662
0.027105
0.027484
0.013044
0.022568
0.014196
0.019005
0.026862
0.020469
0.020161
0.012423
0.027159
0.025032
0.017315
0.018202
0.023558
0.011748
0.028241
0.018802
0.014437
0.027045
0.021721
0.010021
0.023277
0.020306
0.021231
0.025687
0.011494
0.020864
0.011876
0.024533
0.010531
