0.004501
0.015646
0.014197
0.004578
0.004334
0.008904
0.005182
0.011098
0.011817
0.008763
0.010910
0.009312
0.015553
0.015749
0.011414
0.011206
0.012699
0.009680
0.016856
0.008547
0.009432
0.006279
0.009849
0.013678
0.017876
0.001762
0.009119
0.001696
0.007317
0.014527
0.015943
0.009617
0.012337
0.015316
0.010234
0.017767
0.009536
0.009893
0.007955
0.011023
0.014713
0.008616
0.010355
0.016363
0.014437
0.009076
0.010124
0.017276
0.006152
0.011742
0.011007
0.012047
0.011025
0.016225
0.011452
0.003920
0.013438
0.002802
0.014124
0.013638
0.010083
0.014864
0.010438
0.014061
0.002858
0.011127
0.005349
0.008886
0.011932
0.018488
0.009827
0.007508
0.013296
0.022376
0.012719
0.009910
0.017104
0.010046
0.007594
0.012801
0.006870
0.013619
0.015240
0.011192
0.011138
0.010121
0.010127
0.011216
0.014636
0.011824
0.017320
0.008654
0.015862
0.009586
0.012534
0.009500
0.011043
0.014490
0.007880
0.010064
