0.002688
0.003703
0.003468
0.002653
0.002846
0.003760
0.003192
0.003227
0.003911
0.003119
0.003593
0.003017
0.002730
0.003958
0.003474
0.003878
0.003262
0.004089
0.003312
0.003402
0.003258
0.002571
0.003139
0.004111
0.003396
0.003871
0.003734
0.003741
0.003754
0.003101
0.003013
0.002813
0.002977
0.003285
0.003409
0.003262
0.002916
0.002838
0.003438
0.004046
0.003784
0.002986
0.003394
0.002899
0.003242
0.003571
0.002836
0.003252
0.004036
0.003654
0.003408
0.003652
0.003224
0.003754
0.002592
0.003369
0.003300
0.002992
0.003619
0.003661
0.004523
0.003426
0.002940
0.003460
0.003864
0.003495
0.003464
0.002950
0.003863
0.003017
0.003978
0.003127
0.003494
0.003863
0.003366
0.003224
0.003268
0.003376
0.003167
0.003665
0.003598
0.003133
0.003171
0.003403
0.002846
0.003900
0.003054
0.003609
0.003518
0.003534
0.003190
0.002610
0.003766
0.003672
0.003287
0.002799
0.003428
0.003133
0.002931
0.002541
