0.012767
0.010323
0.014103
0.010478
0.012539
0.011738
0.010024
0.009442
0.010273
0.017321
0.010186
0.009643
0.014399
0.009727
0.010151
0.012922
0.011152
0.009727
0.012879
0.012027
0.010397
0.014579
0.009766
0.010823
0.009567
0.021872
0.009393
0.010787
0.013281
0.015822
0.014253
0.012011
0.010260
0.012409
0.010102
0.011713
0.010416
0.010238
0.011185
0.009755
0.016394
0.014200
0.010481
0.011714
0.010771
0.009305
0.014770
0.013541
0.008386
0.009599
0.008847
0.020581
0.012346
0.009818
0.033960
0.021889
0.008996
0.011264
0.011161
0.013904
0.010212
0.012394
0.015621
0.023795
0.010771
0.009224
0.017100
0.012030
0.010063
0.017162
0.010378
0.013842
0.014215
0.009287
0.010542
0.012481
0.011712
0.013854
0.011140
0.011638
0.017676
0.016709
0.009919
0.010896
0.012297
0.013437
0.012392
0.010276
0.013453
0.014112
0.027590
0.013600
0.009885
0.013594
0.010459
0.011167
0.019882
0.010469
0.013987
0.018495
