0.004149
0.005792
0.005740
0.004719
0.004935
0.004893
0.004064
0.004421
0.004548
0.008117
0.004291
0.005707
0.005547
0.006222
0.004430
0.004873
0.005766
0.004106
0.005267
0.004866
0.003739
0.004453
0.006240
0.004352
0.005247
0.003587
0.006068
0.003350
0.003523
0.004676
0.004751
0.004957
0.005148
0.004321
0.004363
0.005695
0.004398
0.004963
0.004331
0.004843
0.004689
0.004801
0.005621
0.004642
0.004449
0.003803
0.005538
0.005403
0.004321
0.007303
0.005345
0.004631
0.005084
0.003629
0.025395
0.004601
0.004383
0.005795
0.005199
0.004283
0.004156
0.006148
0.003443
0.004772
0.004479
0.004895
0.005234
0.004349
0.005357
0.004415
0.004372
0.004922
0.004256
0.005596
0.003680
0.004582
0.006040
0.005230
0.004576
0.005540
0.004967
0.004816
0.005238
0.004583
0.004379
0.005695
0.003893
0.004862
0.004457
0.003699
0.005052
0.005621
0.004373
0.005962
0.005262
0.004473
0.005042
0.005024
0.004974
0.004351
