0.002097
0.001872
0.002009
0.001896
0.002210
0.002134
0.001870
0.002091
0.002066
0.001922
0.002095
0.001799
0.002073
0.002065
0.002039
0.001861
0.002092
0.002016
0.002078
0.002069
0.002007
0.002114
0.002027
0.002056
0.002175
0.001990
0.002283
0.002079
0.001949
0.002069
0.001885
0.001846
0.001978
0.002039
0.001807
0.001908
0.002000
0.002039
0.002005
0.001963
0.001896
0.002068
0.002167
0.001844
0.002008
0.002135
0.001995
0.001867
0.001901
0.001887
0.001983
0.002130
0.002016
0.001989
0.001863
0.002041
0.002035
0.002227
0.002331
0.002265
0.002041
0.001943
0.002088
0.002318
0.002109
0.001909
0.001968
0.001947
0.002241
0.001976
0.001856
0.002195
0.001808
0.002141
0.001824
0.001856
0.002326
0.002025
0.002010
0.002043
0.001908
0.001941
0.001880
0.001920
0.002033
0.002122
0.002119
0.001925
0.001814
0.002091
0.001873
0.001934
0.001922
0.001836
0.001925
0.001977
0.002154
0.002012
0.002027
0.001912
