0.027741
0.022791
0.023427
0.006680
0.014008
0.025746
0.003848
0.017411
0.017573
0.034687
0.056005
0.027346
0.026401
0.029905
0.016781
0.033526
0.023733
0.006109
0.026488
0.029987
0.028249
0.006133
0.027642
0.029278
0.025509
0.004604
0.007450
0.017277
0.024937
0.019945
0.017271
0.007894
0.008084
0.036628
0.027020
0.024210
0.026999
0.006181
0.041789
0.005963
0.026818
0.027240
0.028434
0.013159
0.004734
0.007941
0.028729
0.018876
0.006602
0.004588
0.005776
0.006221
0.040694
0.016127
0.034063
0.016291
0.029631
0.026322
0.013865
0.028592
0.004895
0.024860
0.020121
0.016873
0.015756
0.027213
0.027180
0.028924
0.014366
0.016893
0.032688
0.006793
0.017251
0.014401
0.026765
0.034658
0.019038
0.023909
0.027810
0.026341
0.024925
0.034257
0.003909
0.025862
0.003994
0.006181
0.015166
0.017146
0.017300
0.024712
0.005313
0.005489
0.015076
0.027113
0.016130
0.016082
0.026196
0.015662
0.002954
0.027477
