0.031254
0.042843
0.022222
0.025911
0.042327
0.028006
0.030701
0.030090
0.014256
0.034042
0.011601
0.033204
0.024262
0.017170
0.023696
0.038909
0.037130
0.031164
0.042171
0.019532
0.009453
0.027903
0.029255
0.037606
0.020548
0.014687
0.029566
0.021847
0.029103
0.018312
0.031586
0.031237
0.053842
0.029957
0.034324
0.023361
0.027977
0.027210
0.027128
0.021295
0.036962
0.035085
0.014748
0.036533
0.055157
0.057023
0.052697
0.038173
0.035929
0.035008
0.039769
0.030218
0.022321
0.026764
0.030345
0.024708
0.026413
0.038565
0.032029
0.016271
0.022815
0.028852
0.026718
0.022448
0.021660
0.041960
0.028326
0.030758
0.023597
0.027350
0.030743
0.034837
0.034075
0.028512
0.032770
0.057237
0.018210
0.021910
0.027799
0.024831
0.028498
0.020642
0.026298
0.022161
0.021727
0.040899
0.027413
0.026044
0.019307
0.027062
0.019428
0.025299
0.031015
0.034936
0.022368
0.026569
0.025237
0.030548
0.028463
0.029105
