0.017229
0.005001
0.025293
0.003800
0.018246
0.006460
0.015824
0.018157
0.002188
0.007239
0.016916
0.016547
0.025128
0.003405
0.017098
0.016530
0.018102
0.004084
0.018038
0.005048
0.005738
0.026940
0.018648
0.004690
0.003356
0.003171
0.006785
0.006385
0.005317
0.005190
0.015938
0.015733
0.017119
0.004632
0.024064
0.004998
0.005145
0.016564
0.017659
0.024080
0.003850
0.016917
0.003236
0.016502
0.017678
0.019133
0.003665
0.019572
0.004539
0.003608
0.017229
0.019641
0.017559
0.004785
0.016321
0.007355
0.007176
0.029391
0.002929
0.015760
0.018311
0.019855
0.018074
0.024625
0.004123
0.016271
0.015839
0.017290
0.017740
0.004525
0.017156
0.003696
0.018418
0.003971
0.005842
0.024693
0.004813
0.026146
0.005830
0.015195
0.022137
0.003775
0.026152
0.026561
0.005497
0.018171
0.004977
0.023007
0.015984
0.016743
0.003851
0.006927
0.005930
0.017031
0.026101
0.020076
0.017383
0.003263
0.017274
0.004783
