0.032439
0.033121
0.040833
0.057913
0.026220
0.044082
0.045139
0.045310
0.029770
0.055414
0.031394
0.053287
0.042227
0.064132
0.028158
0.041440
0.038085
0.032789
0.040484
0.033223
0.048187
0.037241
0.039967
0.039074
0.042402
0.029290
0.054860
0.037757
0.039020
0.040404
0.035066
0.025121
0.041453
0.054035
0.053524
0.039326
0.054227
0.046281
0.058814
0.029635
0.031373
0.042613
0.047425
0.044489
0.038535
0.045910
0.040344
0.036518
0.061775
0.049685
0.043049
0.064631
0.037272
0.039786
0.043008
0.040105
0.051627
0.041203
0.028687
0.041487
0.031243
0.058957
0.041345
0.049598
0.039348
0.037211
0.037133
0.038205
0.041651
0.032705
0.051989
0.038549
0.034420
0.048122
0.044689
0.030387
0.045224
0.048219
0.049370
0.027022
0.038878
0.032246
0.035640
0.041463
0.034748
0.080170
0.025381
0.059308
0.045217
0.050971
0.044877
0.038223
0.031432
0.036501
0.044410
0.033329
0.042236
0.039341
0.057964
0.035459
