0.033165
0.014933
0.041482
0.018274
0.013846
0.052350
0.044857
0.040847
0.046553
0.029789
0.037739
0.033210
0.020728
0.041625
0.028781
0.034223
0.033957
0.045772
0.013623
0.032953
0.041140
0.035931
0.041686
0.030894
0.014589
0.060871
0.014926
0.031492
0.023858
0.022805
0.023379
0.016599
0.051193
0.039458
0.024665
0.028113
0.025310
0.039523
0.043703
0.060290
0.016221
0.015318
0.043816
0.030224
0.028540
0.025461
0.034642
0.027802
0.043202
0.033716
0.031517
0.014311
0.044714
0.063302
0.037765
0.045474
0.010607
0.037416
0.030095
0.025845
0.008824
0.015879
0.040139
0.035402
0.025845
0.053548
0.033072
0.029476
0.017473
0.009629
0.044447
0.024694
0.029527
0.017651
0.022160
0.037538
0.041990
0.034467
0.035643
0.009657
0.020141
0.028003
0.055840
0.038625
0.046269
0.034211
0.020724
0.064935
0.046901
0.028415
0.013666
0.016671
0.013458
0.015232
0.048326
0.030642
0.048783
0.028048
0.032092
0.049032
