0.007661
0.014613
0.011594
0.011089
0.012135
0.013081
0.013492
0.012084
0.013667
0.014122
0.014090
0.013301
0.010709
0.013428
0.018883
0.011206
0.014066
0.012293
0.008846
0.017656
0.010803
0.011806
0.014082
0.009388
0.009235
0.008068
0.011650
0.014195
0.011377
0.010958
0.015051
0.008130
0.010177
0.010243
0.016647
0.012167
0.010390
0.007780
0.017206
0.010503
0.015120
0.010604
0.009064
0.008427
0.011938
0.012702
0.012969
0.016660
0.011336
0.008196
0.017769
0.019178
0.009602
0.011667
0.011171
0.012215
0.009095
0.011374
0.009732
0.011252
0.011114
0.012437
0.013414
0.015854
0.012441
0.012432
0.019348
0.013401
0.013036
0.014857
0.012754
0.010758
0.012710
0.014008
0.012036
0.010714
0.013499
0.011434
0.011195
0.013216
0.009244
0.014828
0.014776
0.008520
0.009307
0.014534
0.011233
0.014164
0.011964
0.015921
0.015448
0.011607
0.009548
0.010483
0.016000
0.013904
0.008137
0.012822
0.011692
0.012253
