0.001569
0.001709
0.001680
0.001586
0.001542
0.001769
0.001824
0.001680
0.001778
0.001604
0.001810
0.001742
0.001419
0.001598
0.001429
0.001462
0.001705
0.001662
0.001409
0.001460
0.001631
0.001759
0.001774
0.001521
0.001506
0.001800
0.001801
0.001819
0.001536
0.001810
0.001576
0.001810
0.001665
0.001517
0.001768
0.001423
0.001642
0.001717
0.001507
0.001634
0.001690
0.001455
0.001524
0.001376
0.001821
0.001559
0.001492
0.001486
0.001638
0.001559
0.001694
0.001873
0.001493
0.001495
0.001526
0.001584
0.001504
0.001538
0.001538
0.001648
0.001755
0.001581
0.001813
0.001692
0.001715
0.001718
0.001489
0.001568
0.001310
0.001392
0.001736
0.001576
0.001452
0.001647
0.001599
0.001544
0.001803
0.001599
0.001832
0.001618
0.001553
0.001746
0.001599
0.001833
0.001438
0.001548
0.001561
0.001606
0.001623
0.001665
0.001706
0.001540
0.001483
0.001678
0.001709
0.001617
0.001847
0.001925
0.001888
0.001458
