0.070033
0.069544
0.039401
0.026725
0.122921
0.035298
0.055359
0.063404
0.045580
0.074394
0.078641
0.074540
0.027450
0.023576
0.041416
0.019785
0.050574
0.105146
0.069261
0.045640
0.020696
0.056835
0.059067
0.098927
0.046001
0.112777
0.014566
0.018231
0.035406
0.119605
0.058502
0.086587
0.035722
0.056463
0.029294
0.060937
0.054973
0.024720
0.027979
0.046642
0.059243
0.084303
0.065846
0.047009
0.088475
0.010166
0.030277
0.113729
0.100501
0.013891
0.028459
0.097510
0.188800
0.044913
0.061279
0.048448
0.024992
0.019175
0.021910
0.084553
0.072195
0.056321
0.045738
0.033530
0.046179
0.093459
0.035683
0.081084
0.008766
0.023964
0.032845
0.095922
0.048877
0.052070
0.031633
0.025689
0.091638
0.026784
0.098726
0.046255
0.085965
0.032436
0.044216
0.035232
0.051089
0.068621
0.056741
0.042295
0.062697
0.089555
0.028409
0.067848
0.104065
0.032026
0.032522
0.143643
0.050294
0.024086
0.094460
0.024522
