0.048571
0.043266
0.105572
0.149291
0.045458
0.203386
0.057112
0.046786
0.119361
0.042094
0.052164
0.100508
0.132478
0.139597
0.048190
0.168762
0.108124
0.051692
0.037242
0.072616
0.093971
0.099162
0.041422
0.052115
0.066025
0.052735
0.090441
0.043458
0.064640
0.039230
0.038731
0.040316
0.062883
0.046600
0.070580
0.050252
0.035988
0.098724
0.041227
0.042230
0.083332
0.053266
0.121360
0.097180
0.083213
0.058511
0.056062
0.065331
0.036454
0.109910
0.047272
0.131372
0.098608
0.145829
0.061847
0.039419
0.049029
0.060358
0.105231
0.170624
0.108802
0.066539
0.048916
0.057370
0.169395
0.050814
0.054598
0.172294
0.094488
0.037433
0.058863
0.057855
0.119277
0.134478
0.098707
0.047772
0.056699
0.048913
0.093661
0.096181
0.039698
0.064658
0.173304
0.055004
0.072087
0.057511
0.045804
0.043373
0.037725
0.061288
0.064229
0.118647
0.071319
0.032485
0.060358
0.059151
0.121092
0.051210
0.112166
0.173436
