0.085194
0.075002
0.056361
0.028598
0.048328
0.076242
0.047257
0.073299
0.091294
0.016172
0.035258
0.081534
0.041432
0.045430
0.044653
0.120772
0.043764
0.090352
0.066282
0.080158
0.065634
0.089596
0.067087
0.125697
0.122608
0.102895
0.043386
0.078217
0.056770
0.041869
0.018735
0.054464
0.028006
0.079948
0.066071
0.034225
0.036225
0.038679
0.045731
0.088367
0.028248
0.090725
0.030011
0.018596
0.056312
0.039842
0.164508
0.057205
0.080972
0.061639
0.077117
0.057377
0.084802
0.084912
0.049012
0.077867
0.017017
0.058540
0.102112
0.051863
0.047113
0.067601
0.125369
0.026982
0.053321
0.103005
0.040244
0.137944
0.039037
0.057010
0.157175
0.021405
0.068630
0.125238
0.090435
0.151361
0.031734
0.009314
0.266592
0.170830
0.040598
0.109163
0.158189
0.212079
0.057429
0.076069
0.100914
0.060556
0.035806
0.063943
0.141398
0.079053
0.095080
0.086559
0.086267
0.058254
0.058165
0.051564
0.060779
0.061923
