0.044870
0.045793
0.059541
0.059457
0.049346
0.046202
0.075781
0.042006
0.118376
0.060502
0.064394
0.064209
0.059249
0.054639
0.057273
0.090909
0.061310
0.053556
0.061496
0.096426
0.053771
0.070068
0.068071
0.043303
0.051165
0.066136
0.049110
0.060161
0.045950
0.045333
0.039816
0.060409
0.040689
0.066390
0.032104
0.072210
0.043225
0.056325
0.047390
0.076550
0.054142
0.061223
0.064524
0.065684
0.099065
0.079836
0.065555
0.035787
0.038003
0.085170
0.085560
0.118437
0.044021
0.061649
0.081938
0.051480
0.050549
0.069923
0.040819
0.129921
0.093715
0.073394
0.092164
0.113528
0.042077
0.054109
0.071296
0.082332
0.050263
0.113216
0.048511
0.061149
0.066685
0.041777
0.099135
0.063492
0.070051
0.065073
0.122356
0.050919
0.064209
0.046425
0.057038
0.102500
0.127430
0.036964
0.064432
0.075823
0.076831
0.043877
0.086958
0.050826
0.043218
0.061081
0.052959
0.082699
0.053934
0.059536
0.048620
0.048897
