0.023799
0.066805
0.204656
0.045884
0.094466
0.031729
0.163577
0.106024
0.038354
0.055217
0.158496
0.038263
0.140651
0.061646
0.132264
0.046368
0.051493
0.042422
0.053457
0.032417
0.129361
0.089372
0.048887
0.150635
0.044396
0.065227
0.043572
0.064215
0.039986
0.177920
0.041790
0.061572
0.134585
0.078906
0.033196
0.035235
0.094478
0.078102
0.026755
0.155964
0.063065
0.133729
0.062130
0.191528
0.176730
0.070890
0.088868
0.087138
0.045490
0.058973
0.059858
0.069729
0.062474
0.062511
0.071304
0.113214
0.073742
0.041955
0.033067
0.100426
0.083520
0.069460
0.050520
0.072081
0.045653
0.136539
0.151427
0.045177
0.030932
0.046595
0.095584
0.044392
0.064569
0.045957
0.083895
0.132578
0.213410
0.035168
0.046572
0.193108
0.106600
0.200670
0.132841
0.060637
0.038680
0.039340
0.067854
0.076349
0.048718
0.192558
0.042659
0.156404
0.030572
0.185746
0.055518
0.087365
0.099213
0.123039
0.165236
0.060893
