0.021797
0.021421
0.011200
0.004897
0.004360
0.023500
0.003695
0.010189
0.020571
0.010212
0.015398
0.023906
0.023910
0.027213
0.006971
0.007649
0.008055
0.005589
0.014372
0.027985
0.023355
0.004121
0.021213
0.030643
0.018244
0.005900
0.003790
0.007276
0.017929
0.006956
0.005904
0.003953
0.004895
0.007403
0.010066
0.020921
0.026437
0.005255
0.019352
0.005425
0.009941
0.021047
0.023252
0.004419
0.004828
0.005824
0.028318
0.021668
0.006389
0.003546
0.004305
0.006737
0.013782
0.007821
0.031622
0.020518
0.011373
0.020706
0.003836
0.015517
0.005271
0.007075
0.024722
0.004664
0.014632
0.021428
0.022146
0.026586
0.005094
0.006830
0.010752
0.004437
0.006933
0.005328
0.022856
0.009041
0.020304
0.010782
0.007137
0.021293
0.020829
0.007946
0.004444
0.006950
0.004855
0.004042
0.007326
0.007569
0.004787
0.020745
0.004153
0.005377
0.010499
0.017430
0.006080
0.020958
0.020679
0.003976
0.004168
0.026307
