0.012515
0.034472
0.016919
0.027203
0.047320
0.023600
0.019331
0.021384
0.014296
0.034375
0.014785
0.029289
0.039736
0.017971
0.035301
0.041306
0.042484
0.035411
0.025779
0.026147
0.013733
0.020023
0.040883
0.031186
0.024790
0.015455
0.020872
0.034041
0.024202
0.020804
0.034352
0.022489
0.041072
0.032570
0.028423
0.026279
0.031150
0.024131
0.036916
0.023255
0.040292
0.031935
0.011871
0.036977
0.034296
0.042883
0.042265
0.038114
0.019580
0.047493
0.034909
0.021627
0.018175
0.034463
0.030483
0.029789
0.019498
0.029467
0.031510
0.014996
0.024505
0.025689
0.022233
0.036455
0.024365
0.015049
0.027838
0.028894
0.017995
0.027152
0.033301
0.019640
0.033233
0.023419
0.038610
0.043845
0.006706
0.020225
0.036189
0.018029
0.030689
0.023494
0.038203
0.041375
0.031067
0.018133
0.010899
0.027714
0.016098
0.020951
0.023009
0.047782
0.020298
0.044181
0.029543
0.022208
0.038829
0.029839
0.014739
0.018792
