0.003333
0.003627
0.023741
0.003144
0.003363
0.002760
0.021440
0.007422
0.002256
0.005589
0.020454
0.020283
0.021716
0.002362
0.023327
0.002151
0.004184
0.002445
0.004689
0.002228
0.002683
0.023671
0.022523
0.003385
0.002294
0.003457
0.005925
0.004598
0.002948
0.003331
0.002288
0.020254
0.003246
0.004136
0.022626
0.003864
0.003853
0.020355
0.021966
0.022878
0.003777
0.022708
0.001568
0.022071
0.021982
0.005424
0.003254
0.022607
0.003850
0.001918
0.022190
0.004527
0.020194
0.002972
0.003368
0.005970
0.002707
0.021810
0.002148
0.002348
0.004108
0.024388
0.021758
0.021737
0.015866
0.020906
0.003276
0.019959
0.002425
0.003155
0.021758
0.003381
0.019608
0.001774
0.002792
0.022000
0.002222
0.023449
0.003595
0.002030
0.020749
0.003056
0.024303
0.023249
0.004196
0.021383
0.003060
0.001811
0.021742
0.022171
0.003032
0.003651
0.004174
0.021748
0.023825
0.024718
0.021546
0.003138
0.002054
0.003277
