0.024346
0.007881
0.036068
0.024892
0.025998
0.013481
0.044292
0.018620
0.024741
0.011247
0.014373
0.027131
0.030019
0.031796
0.026869
0.025790
0.029940
0.006466
0.025362
0.028695
0.040785
0.029200
0.046892
0.023374
0.009973
0.010706
0.008252
0.009868
0.028542
0.009851
0.029549
0.026277
0.026567
0.041920
0.016960
0.007501
0.009372
0.042223
0.018819
0.030696
0.012639
0.027665
0.041350
0.012011
0.030296
0.029558
0.005981
0.024446
0.027379
0.020062
0.027627
0.014856
0.043263
0.032852
0.015504
0.022170
0.006389
0.029376
0.037140
0.012215
0.011453
0.013245
0.027882
0.015073
0.008234
0.025363
0.027012
0.014221
0.016967
0.009908
0.028800
0.024907
0.027038
0.023870
0.013789
0.020509
0.025998
0.016179
0.035781
0.012602
0.029598
0.009584
0.017487
0.031462
0.008183
0.026492
0.023289
0.027570
0.029258
0.011374
0.012530
0.007802
0.009343
0.024364
0.045146
0.025388
0.011726
0.027320
0.023047
0.021692
