0.012629
0.012840
0.015027
0.025324
0.013342
0.012316
0.012380
0.012221
0.012067
0.012199
0.010632
0.012065
0.012111
0.013177
0.012060
0.026968
0.013439
0.013116
0.012767
0.012670
0.013879
0.012423
0.013339
0.014087
0.012577
0.012180
0.017886
0.014791
0.011756
0.013066
0.012450
0.012761
0.011684
0.022690
0.011965
0.011550
0.011629
0.011812
0.012745
0.013672
0.012226
0.012524
0.012389
0.011937
0.013036
0.016321
0.013764
0.011888
0.012130
0.012874
0.015813
0.012450
0.012953
0.013143
0.012319
0.013125
0.027622
0.016957
0.012271
0.013730
0.012073
0.012591
0.011706
0.012755
0.012358
0.014117
0.012905
0.012714
0.016428
0.012771
0.011884
0.013016
0.012577
0.012512
0.011872
0.013839
0.012338
0.012714
0.014633
0.012215
0.012702
0.011460
0.012393
0.012036
0.012359
0.013173
0.011332
0.044077
0.012950
0.012637
0.012467
0.010858
0.012382
0.012392
0.032214
0.015888
0.045870
0.012518
0.012991
0.025290
