0.030074
0.032664
0.040190
0.032048
0.029430
0.029749
0.027781
0.028348
0.030075
0.033485
0.038674
0.033045
0.033628
0.032329
0.030090
0.033335
0.033579
0.029160
0.028490
0.031139
0.031948
0.030531
0.033554
0.031394
0.032221
0.027849
0.031384
0.033216
0.033390
0.027684
0.028193
0.028700
0.032609
0.033355
0.028335
0.035367
0.031332
0.034775
0.032536
0.037346
0.043588
0.029102
0.033126
0.040382
0.046175
0.029929
0.034001
0.038333
0.032685
0.036268
0.031710
0.030988
0.032965
0.029974
0.029484
0.034821
0.027154
0.034302
0.032553
0.032206
0.029889
0.028909
0.033061
0.029289
0.038305
0.027714
0.029936
0.032743
0.031817
0.031254
0.031931
0.033768
0.032427
0.036603
0.032941
0.032201
0.033177
0.030777
0.033049
0.037193
0.033926
0.028737
0.031280
0.031890
0.033811
0.032747
0.030082
0.027431
0.033285
0.032915
0.034104
0.033167
0.033093
0.031974
0.038127
0.033387
0.033345
0.031157
0.034171
0.035433
