0.010249
0.009398
0.010427
0.009628
0.008991
0.009405
0.009649
0.009326
0.009662
0.006396
0.009159
0.008822
0.009615
0.009521
0.008972
0.009725
0.009029
0.009918
0.009027
0.009519
0.009682
0.009424
0.009748
0.009305
0.009306
0.009094
0.010022
0.009112
0.008677
0.008698
0.008810
0.008999
0.009105
0.010322
0.009690
0.010332
0.008969
0.009053
0.008907
0.009282
0.010001
0.009051
0.009457
0.009171
0.009138
0.009022
0.009689
0.009675
0.009391
0.008645
0.009512
0.009366
0.008707
0.009647
0.010112
0.009550
0.013280
0.008671
0.009253
0.009923
0.009999
0.009041
0.009407
0.009127
0.009209
0.009657
0.008717
0.010238
0.009110
0.008975
0.009304
0.009215
0.009035
0.009895
0.008293
0.009334
0.009173
0.010872
0.010189
0.009435
0.009042
0.010570
0.009709
0.010018
0.010047
0.010155
0.009773
0.008883
0.009538
0.010062
0.009823
0.008737
0.009258
0.009932
0.009101
0.009651
0.009062
0.009618
0.009929
0.009086
