0.042944
0.045234
0.050479
0.054786
0.055912
0.048879
0.042864
0.048296
0.045673
0.043258
0.063714
0.060819
0.049429
0.049713
0.066017
0.071639
0.059993
0.051506
0.045400
0.051713
0.050418
0.068062
0.051888
0.050967
0.048628
0.050055
0.043078
0.057978
0.063995
0.046777
0.054088
0.043655
0.056491
0.047336
0.049937
0.049388
0.049722
0.043788
0.047889
0.050084
0.049367
0.048474
0.043205
0.050359
0.048096
0.052084
0.056354
0.049302
0.047917
0.049396
0.061298
0.052354
0.050254
0.052651
0.049914
0.056954
0.041643
0.053582
0.042956
0.055233
0.056231
0.041271
0.050221
0.080811
0.048271
0.047360
0.050299
0.049658
0.051327
0.089705
0.060638
0.075786
0.050767
0.056924
0.056765
0.048212
0.051863
0.043729
0.089216
0.041908
0.045274
0.057508
0.048187
0.073973
0.050523
0.051045
0.063320
0.044327
0.054176
0.059052
0.061345
0.045326
0.050480
0.055065
0.039217
0.056731
0.051928
0.048209
0.060623
0.056842
