0.019247
0.021457
0.020811
0.046614
0.024774
0.023006
0.023248
0.023073
0.017784
0.020124
0.024961
0.021976
0.022452
0.020716
0.022691
0.020664
0.021541
0.020686
0.048720
0.026843
0.022671
0.023865
0.021954
0.022746
0.016620
0.020706
0.016614
0.021302
0.021172
0.023801
0.021284
0.017536
0.021830
0.022570
0.020690
0.022589
0.020261
0.024522
0.020672
0.022434
0.020221
0.021374
0.021284
0.023294
0.022472
0.020690
0.023262
0.028517
0.021353
0.021653
0.019411
0.024150
0.037992
0.022511
0.021198
0.021613
0.019713
0.024217
0.020682
0.022335
0.021863
0.020495
0.021635
0.020587
0.016523
0.025173
0.022504
0.020428
0.022238
0.016577
0.023036
0.021354
0.021791
0.020723
0.032379
0.023645
0.021610
0.020429
0.021153
0.021574
0.021492
0.021672
0.022524
0.020653
0.024390
0.037745
0.109790
0.024927
0.016494
0.021864
0.021537
0.022614
0.025543
0.022253
0.020916
0.023761
0.022780
0.021883
0.022944
0.021530
