0.001480
0.001455
0.001678
0.001100
0.001348
0.001580
0.001631
0.001651
0.001706
0.001615
0.001763
0.001716
0.001309
0.001725
0.001565
0.001891
0.001842
0.001510
0.001393
0.001494
0.001387
0.001483
0.001435
0.001838
0.001624
0.001714
0.001783
0.001606
0.001524
0.001465
0.001413
0.001328
0.001581
0.001637
0.001347
0.001779
0.001427
0.001361
0.001642
0.001816
0.001719
0.001457
0.001803
0.001380
0.001351
0.001565
0.001527
0.001594
0.001879
0.001882
0.001850
0.001640
0.001778
0.001658
0.001353
0.001543
0.001663
0.001402
0.001852
0.001598
0.001852
0.001324
0.001400
0.001698
0.001576
0.002111
0.001658
0.001278
0.001507
0.001414
0.001751
0.001383
0.001522
0.001765
0.001435
0.001518
0.001524
0.001255
0.001776
0.001667
0.001646
0.001701
0.001459
0.001593
0.001404
0.001638
0.001514
0.001668
0.001710
0.001638
0.001518
0.001427
0.001410
0.001658
0.001595
0.001615
0.001538
0.001644
0.001484
0.001533
