0.005675
0.005888
0.008112
0.012464
0.008745
0.013102
0.010649
0.013892
0.012737
0.009932
0.012086
0.006309
0.009804
0.013996
0.012562
0.007193
0.011789
0.011335
0.016102
0.012799
0.013676
0.009157
0.010443
0.003992
0.009745
0.010705
0.013934
0.011953
0.005082
0.009292
0.011666
0.013073
0.009766
0.011226
0.013273
0.010323
0.011550
0.014872
0.012219
0.013669
0.015539
0.011023
0.012487
0.005308
0.004877
0.013509
0.006422
0.011749
0.014746
0.011785
0.013228
0.010719
0.011031
0.013083
0.012825
0.009988
0.013871
0.009178
0.014009
0.012323
0.005450
0.014422
0.011304
0.012473
0.012195
0.012817
0.015105
0.013263
0.012076
0.013036
0.011859
0.012305
0.007604
0.015656
0.013064
0.013469
0.013303
0.005375
0.013220
0.013886
0.014446
0.011817
0.011042
0.009295
0.014417
0.010409
0.013891
0.014219
0.014864
0.013604
0.007594
0.014234
0.012142
0.011762
0.011060
0.005750
0.011006
0.013591
0.006503
0.009924
