0.003218
0.004123
0.003829
0.003743
0.003267
0.003405
0.003706
0.003255
0.003206
0.003331
0.003603
0.003346
0.003284
0.003269
0.003627
0.003623
0.003467
0.003448
0.003632
0.003393
0.003605
0.003489
0.003462
0.002999
0.003633
0.003415
0.003676
0.003491
0.003528
0.003410
0.003323
0.003828
0.003238
0.003669
0.003188
0.003533
0.003230
0.003342
0.003745
0.003530
0.003582
0.002873
0.003313
0.003454
0.003412
0.003879
0.003186
0.003305
0.003566
0.003581
0.003681
0.003696
0.003201
0.003526
0.003486
0.003226
0.003487
0.003798
0.003200
0.003714
0.003568
0.003648
0.004051
0.002988
0.003930
0.003730
0.003223
0.003671
0.003475
0.003067
0.003586
0.003525
0.003581
0.003576
0.003472
0.003565
0.003956
0.003509
0.003938
0.003459
0.003485
0.003315
0.003852
0.003560
0.003640
0.003512
0.003472
0.003231
0.003391
0.003598
0.003677
0.003390
0.003562
0.003575
0.003617
0.003477
0.003224
0.003228
0.003835
0.003723
