0.002790
0.002315
0.002664
0.002248
0.001982
0.002412
0.002409
0.001998
0.002043
0.002372
0.002158
0.002501
0.001934
0.002195
0.002292
0.002678
0.002909
0.002317
0.002390
0.002215
0.002567
0.002545
0.002208
0.002294
0.001925
0.002607
0.002005
0.002002
0.002168
0.002236
0.002368
0.001976
0.002235
0.002116
0.002195
0.002186
0.002295
0.002489
0.002526
0.002097
0.001969
0.002198
0.002258
0.002190
0.002369
0.002007
0.002396
0.002418
0.002310
0.002309
0.002121
0.002486
0.002285
0.001927
0.002237
0.002290
0.002301
0.001973
0.002556
0.002138
0.002346
0.002139
0.002234
0.002124
0.002281
0.002568
0.002295
0.002374
0.002184
0.002112
0.002237
0.002326
0.002170
0.002209
0.002114
0.002188
0.002270
0.001961
0.002361
0.002318
0.002474
0.002168
0.001945
0.002114
0.002094
0.002070
0.002189
0.002306
0.002523
0.002276
0.002255
0.002248
0.002340
0.002396
0.002192
0.002214
0.002126
0.002194
0.002417
0.002311
