0.005350
0.021455
0.005307
0.010198
0.018034
0.005174
0.005665
0.007557
0.008833
0.003916
0.016928
0.003607
0.005376
0.022401
0.002961
0.002473
0.004132
0.004053
0.016284
0.003440
0.005317
0.005296
0.022027
0.022651
0.004219
0.021434
0.019094
0.017927
0.019043
0.018494
0.008443
0.007307
0.022211
0.004730
0.007663
0.003725
0.018751
0.007434
0.003671
0.008209
0.006225
0.008609
0.006526
0.020296
0.022850
0.005970
0.003945
0.006766
0.004794
0.018865
0.009396
0.002505
0.003227
0.018443
0.007159
0.017950
0.004582
0.003241
0.020416
0.002943
0.006276
0.017523
0.017891
0.019802
0.021512
0.016116
0.018820
0.021241
0.016203
0.007633
0.017470
0.005755
0.017385
0.008170
0.008224
0.018959
0.004756
0.004639
0.005029
0.007680
0.007597
0.007692
0.019412
0.005104
0.003204
0.020174
0.004935
0.010081
0.021035
0.008781
0.002939
0.008384
0.008181
0.020091
0.018876
0.007975
0.008651
0.009667
0.021312
0.003993
