0.001994
0.003049
0.017759
0.016692
0.017352
0.002298
0.018711
0.002749
0.003268
0.017737
0.016036
0.019048
0.016614
0.018331
0.003411
0.002292
0.002353
0.019641
0.016360
0.017732
0.005570
0.003201
0.019214
0.018818
0.017279
0.003129
0.001923
0.016768
0.001293
0.002320
0.002472
0.016971
0.019369
0.004357
0.004711
0.004360
0.017689
0.002856
0.017653
0.003202
0.003003
0.003620
0.018288
0.004081
0.001577
0.003227
0.002156
0.003103
0.003957
0.003029
0.015249
0.001109
0.002578
0.016370
0.002647
0.016427
0.018469
0.002765
0.017916
0.017853
0.001851
0.002299
0.016978
0.003386
0.002755
0.017463
0.001983
0.017044
0.003571
0.017552
0.018241
0.003541
0.004438
0.018257
0.002214
0.004249
0.002468
0.018897
0.002380
0.003006
0.004339
0.002990
0.002301
0.003175
0.001997
0.001882
0.003575
0.017917
0.004997
0.001588
0.017835
0.003434
0.016995
0.016657
0.002519
0.002451
0.003403
0.002542
0.002370
0.017501
