0.052630
0.038832
0.040694
0.037364
0.048711
0.053435
0.047403
0.037784
0.063569
0.052679
0.043979
0.046208
0.042964
0.047358
0.042765
0.055829
0.041566
0.038914
0.048581
0.063401
0.055627
0.042525
0.059740
0.063667
0.039302
0.047634
0.056951
0.048895
0.054071
0.048433
0.038964
0.039497
0.059854
0.066670
0.038692
0.050419
0.041416
0.043260
0.044988
0.050640
0.060655
0.041232
0.047111
0.052616
0.054674
0.047239
0.040365
0.050590
0.038482
0.050245
0.053486
0.044757
0.043139
0.043479
0.045818
0.051172
0.043577
0.057833
0.043813
0.060958
0.053141
0.038784
0.050695
0.047482
0.048531
0.045212
0.043778
0.041751
0.050474
0.055710
0.047965
0.046163
0.051290
0.042729
0.050278
0.052681
0.049390
0.051386
0.048571
0.037885
0.050948
0.047019
0.044203
0.042637
0.051180
0.037960
0.054918
0.047922
0.049278
0.044326
0.053161
0.049399
0.037427
0.048494
0.041621
0.051637
0.052955
0.046747
0.034739
0.044379
