0.023325
0.007916
0.012677
0.015801
0.038318
0.034266
0.013200
0.012751
0.034080
0.023974
0.012260
0.024273
0.015235
0.008400
0.033852
0.021420
0.010227
0.015103
0.021489
0.022919
0.008754
0.020431
0.013949
0.036053
0.014573
0.009983
0.034878
0.026311
0.023436
0.019873
0.021391
0.008600
0.024136
0.033886
0.013292
0.017330
0.008464
0.034603
0.022860
0.024379
0.014847
0.009727
0.012233
0.032606
0.012838
0.011332
0.009961
0.025021
0.024743
0.018797
0.021822
0.021451
0.019096
0.020287
0.008331
0.022174
0.020870
0.022106
0.023960
0.023035
0.035021
0.009564
0.008878
0.022191
0.017804
0.009547
0.020771
0.012886
0.026264
0.032635
0.012898
0.012403
0.011002
0.017341
0.019557
0.011773
0.023302
0.013793
0.021500
0.024596
0.012701
0.031552
0.024166
0.016835
0.021242
0.020010
0.024768
0.033612
0.011203
0.021245
0.021347
0.021688
0.014832
0.033944
0.011365
0.023389
0.024896
0.025048
0.026066
0.012165
