0.079166
0.453871
0.649058
0.233660
0.217511
0.391975
0.073615
0.397447
0.105645
0.019480
0.184777
0.084641
0.291512
0.188953
0.085270
0.096951
0.544999
0.356118
0.042054
0.224707
0.545770
0.107001
0.115223
0.494783
0.060595
0.739073
0.140213
0.760456
0.317696
0.069632
0.160303
0.226721
0.182030
0.053945
0.670828
0.086301
0.075450
0.016068
0.067008
0.156538
0.244576
0.233251
0.300943
0.367284
0.073035
0.181914
0.350303
0.249766
0.219328
0.295864
0.561563
0.027511
0.083613
0.566281
0.107315
0.046272
0.198977
0.089635
0.608679
0.479924
0.031854
0.202308
0.031347
0.451757
0.277115
0.122753
0.734899
0.167273
0.096873
0.369015
0.522934
0.272567
0.216732
0.448144
0.363817
0.270432
0.176456
0.368582
0.049901
0.370567
0.700772
0.410597
0.558158
0.642428
0.475434
0.149251
0.310964
0.216286
0.162958
0.292453
0.196851
0.098602
0.042803
0.464977
0.365219
0.035580
0.084947
0.054720
0.021170
0.347523
