0.176649
0.431368
0.046784
0.084326
0.098616
0.072198
0.088219
0.039210
0.186447
0.054485
0.243927
0.246297
0.210007
0.252471
0.410080
0.068618
0.084401
0.050576
0.076987
0.170466
0.435419
0.098654
0.237391
0.346059
0.053791
0.486178
0.218776
0.436948
0.216411
0.476049
0.141237
0.050355
0.103540
0.067390
0.389692
0.118851
0.079902
0.491383
0.250076
0.090450
0.259611
0.089227
0.155494
0.046453
0.110444
0.178713
0.542337
0.174939
0.122133
0.272610
0.443786
0.484492
0.212903
0.360789
0.056853
0.503325
0.064142
0.121223
0.395786
0.221439
0.065584
0.125048
0.056113
0.485561
0.051371
0.355519
0.500690
0.295771
0.085874
0.115264
0.068402
0.220560
0.100583
0.042547
0.417673
0.094206
0.470157
0.409438
0.139927
0.068785
0.447118
0.353754
0.315476
0.391268
0.052584
0.097852
0.055980
0.202222
0.074205
0.253838
0.079130
0.074329
0.091497
0.415644
0.200992
0.056787
0.083732
0.362202
0.051675
0.078071
