0.069754
0.067575
0.265990
0.075259
0.170052
0.133621
0.106956
0.073335
0.096668
0.264353
0.087061
0.097881
0.077704
0.076229
0.083339
0.223000
0.082756
0.083832
0.054029
0.134527
0.122558
0.170522
0.072446
0.090577
0.065836
0.304938
0.064018
0.249616
0.113949
0.098479
0.075134
0.189638
0.081807
0.242444
0.148633
0.094421
0.257787
0.149013
0.143144
0.109990
0.134777
0.082186
0.073474
0.068204
0.072963
0.118864
0.140839
0.115692
0.086188
0.076182
0.045684
0.174294
0.073861
0.207046
0.140435
0.104399
0.088957
0.069019
0.116002
0.057984
0.259061
0.067904
0.093602
0.148713
0.152199
0.098432
0.143721
0.077673
0.057773
0.102141
0.151714
0.087700
0.144938
0.079695
0.127650
0.075853
0.106242
0.147996
0.133204
0.058994
0.133587
0.108677
0.124552
0.293688
0.278440
0.063097
0.204931
0.216766
0.092619
0.080784
0.106219
0.168417
0.191068
0.202001
0.057411
0.257613
0.210147
0.181796
0.315645
0.086604
