0.286460
0.098155
0.038750
0.147398
0.346998
0.063787
0.185868
0.062953
0.168970
0.364587
0.448776
0.087497
0.236487
0.275893
0.388313
0.454855
0.146153
0.204175
0.347865
0.051570
0.056916
0.568147
0.046749
0.087428
0.346630
0.023780
0.556909
0.562112
0.026259
0.028273
0.235912
0.083343
0.133450
0.037847
0.476556
0.383246
0.057654
0.596193
0.105902
0.093381
0.084650
0.294258
0.216400
0.381433
0.248296
0.073853
0.042929
0.145836
0.130386
0.036510
0.471481
0.283024
0.381226
0.036149
0.092393
0.493753
0.126443
0.091511
0.393058
0.297938
0.726959
0.181689
0.044650
0.050284
0.481166
0.125456
0.025857
0.084912
0.151747
0.126901
0.065414
0.135203
0.391874
0.095518
0.036297
0.392480
0.430002
0.068247
0.068328
0.212637
0.033695
0.528882
0.082424
0.039705
0.047376
0.090576
0.043344
0.269757
0.232982
0.170547
0.199651
0.323248
0.090069
0.085812
0.251998
0.367474
0.057545
0.053239
0.050709
0.099212
