0.013676
0.031414
0.015752
0.027367
0.039770
0.021828
0.017205
0.018279
0.014689
0.033413
0.014699
0.028807
0.037040
0.015525
0.033599
0.040657
0.040167
0.033932
0.025088
0.023264
0.013952
0.019902
0.037720
0.028855
0.022440
0.011537
0.016744
0.030199
0.022157
0.020757
0.029832
0.021627
0.038122
0.031809
0.028233
0.021719
0.029406
0.024479
0.037437
0.027696
0.040713
0.030250
0.018009
0.034241
0.034723
0.039065
0.040877
0.035714
0.020348
0.047827
0.031810
0.018926
0.016220
0.031412
0.029697
0.030545
0.017172
0.025862
0.027284
0.015426
0.021324
0.020940
0.025026
0.033751
0.020865
0.015313
0.027120
0.027985
0.015679
0.025721
0.033550
0.018893
0.029773
0.023222
0.033571
0.042826
0.006114
0.016034
0.034179
0.016092
0.026579
0.020618
0.036070
0.038860
0.028537
0.016696
0.010590
0.023920
0.019829
0.021833
0.021743
0.052057
0.019741
0.041303
0.026579
0.023006
0.033669
0.028685
0.016938
0.016224
