0.002740
0.004203
0.023575
0.002948
0.003769
0.003157
0.020726
0.016363
0.002224
0.005552
0.020126
0.020185
0.021615
0.011461
0.022780
0.001388
0.003539
0.005760
0.008690
0.008638
0.004056
0.023528
0.021281
0.003450
0.002312
0.003157
0.011019
0.007692
0.012893
0.011053
0.007770
0.020233
0.006771
0.003426
0.022628
0.003813
0.003815
0.020264
0.021231
0.022865
0.007120
0.021627
0.002395
0.021615
0.021961
0.005159
0.002253
0.021270
0.003382
0.007696
0.022186
0.008558
0.019788
0.003071
0.012214
0.016179
0.010055
0.023288
0.002386
0.006452
0.012357
0.023841
0.021559
0.022552
0.011580
0.020787
0.012081
0.020135
0.006547
0.016364
0.021769
0.008107
0.019619
0.002185
0.002338
0.021968
0.001986
0.023265
0.008523
0.008077
0.021263
0.006438
0.023854
0.023250
0.012765
0.021383
0.003747
0.001833
0.021502
0.021817
0.003044
0.004228
0.008171
0.020549
0.023753
0.024631
0.020920
0.009255
0.001822
0.017360
