0.032951
0.033587
0.040201
0.035113
0.027508
0.024151
0.035583
0.028943
0.024840
0.037273
0.031454
0.040172
0.034916
0.032247
0.022607
0.034897
0.029893
0.039816
0.041809
0.028360
0.041236
0.031634
0.049858
0.027568
0.029054
0.028625
0.051732
0.030336
0.027333
0.031148
0.038576
0.027502
0.034197
0.031572
0.023930
0.031066
0.032652
0.030770
0.026795
0.019363
0.028875
0.026919
0.039900
0.038999
0.035174
0.041470
0.032419
0.024990
0.037770
0.023871
0.029678
0.041611
0.023750
0.029716
0.030433
0.033101
0.035974
0.031971
0.032594
0.020933
0.031209
0.048132
0.023367
0.026894
0.029101
0.029465
0.029579
0.024501
0.029522
0.030607
0.042353
0.027990
0.023834
0.039230
0.022493
0.031538
0.018438
0.042539
0.027879
0.032548
0.023754
0.036082
0.029941
0.026617
0.040587
0.042495
0.022206
0.022748
0.035279
0.039742
0.036729
0.028630
0.025137
0.021381
0.038819
0.034360
0.037143
0.022837
0.022982
0.029639
