0.024726
0.007781
0.036227
0.023901
0.025435
0.011712
0.044013
0.018602
0.032455
0.010646
0.012279
0.026484
0.028506
0.033808
0.026160
0.025321
0.033434
0.006610
0.024396
0.028695
0.038058
0.027654
0.044348
0.021714
0.009119
0.010287
0.008400
0.010069
0.025376
0.009108
0.028132
0.025608
0.026412
0.038768
0.013700
0.006872
0.009668
0.039049
0.015530
0.031659
0.012746
0.027281
0.039604
0.011000
0.030110
0.026369
0.006946
0.025792
0.027379
0.023330
0.028866
0.013809
0.042049
0.038170
0.014093
0.034185
0.007565
0.030106
0.034853
0.010441
0.009723
0.011906
0.027726
0.013783
0.010701
0.022156
0.026636
0.013837
0.015460
0.010018
0.027941
0.024590
0.026726
0.020429
0.012327
0.018478
0.025066
0.017715
0.035039
0.010878
0.029598
0.007822
0.015444
0.031843
0.008823
0.026748
0.020961
0.030519
0.027954
0.009932
0.010457
0.007227
0.009036
0.022751
0.045077
0.022914
0.010349
0.026614
0.022861
0.019969
