0.011263
0.013986
0.011708
0.012925
0.011692
0.013210
0.011009
0.011766
0.012157
0.011756
0.011284
0.012932
0.013531
0.014717
0.011779
0.012710
0.014020
0.011720
0.012860
0.012394
0.011614
0.012049
0.014315
0.011557
0.012673
0.011032
0.012655
0.010876
0.011107
0.012612
0.012943
0.011885
0.012268
0.012392
0.011674
0.013304
0.013761
0.012899
0.011314
0.013480
0.013297
0.012592
0.013920
0.012467
0.012183
0.011146
0.013163
0.013889
0.012358
0.013327
0.012701
0.013000
0.012957
0.011277
0.012539
0.011650
0.011147
0.014135
0.012912
0.012341
0.012455
0.014580
0.010593
0.011894
0.012478
0.013052
0.013630
0.010884
0.012682
0.013258
0.013037
0.012884
0.011982
0.013616
0.010728
0.013149
0.013187
0.012440
0.012920
0.012267
0.011633
0.013620
0.013180
0.012318
0.011892
0.013013
0.012051
0.011032
0.012927
0.011631
0.012639
0.013136
0.012855
0.013869
0.013078
0.012207
0.012770
0.013687
0.012960
0.013744
