0.002202
0.001917
0.001975
0.001885
0.002193
0.002171
0.001890
0.002306
0.002292
0.001971
0.002553
0.002126
0.002444
0.002332
0.002111
0.002359
0.002527
0.002377
0.002443
0.002480
0.002048
0.002469
0.002211
0.002034
0.002302
0.002113
0.002217
0.002101
0.002316
0.002063
0.001849
0.002041
0.002022
0.002621
0.001979
0.002561
0.002156
0.002429
0.002060
0.001956
0.001952
0.002169
0.002146
0.001869
0.002416
0.002107
0.002509
0.002245
0.002136
0.002316
0.002078
0.002503
0.002145
0.002000
0.002000
0.002399
0.002001
0.002251
0.002373
0.002276
0.002056
0.002320
0.002315
0.002241
0.002459
0.002047
0.002043
0.002353
0.002770
0.002143
0.001973
0.002457
0.001915
0.002350
0.002009
0.001984
0.002362
0.002157
0.002341
0.002044
0.001959
0.002239
0.001993
0.001946
0.002169
0.002157
0.002166
0.002149
0.001767
0.002264
0.001879
0.001944
0.002004
0.002088
0.002075
0.002026
0.002226
0.002342
0.002291
0.001845
