0.007578
0.005239
0.015082
0.015345
0.006716
0.012563
0.006891
0.013596
0.017920
0.013394
0.004626
0.016599
0.016529
0.016779
0.014218
0.007381
0.030481
0.013480
0.007477
0.013419
0.021761
0.016088
0.006906
0.006276
0.014338
0.015113
0.014660
0.007733
0.015481
0.014167
0.015931
0.005210
0.007016
0.006796
0.006784
0.015925
0.004811
0.014281
0.007660
0.006839
0.013292
0.004563
0.013219
0.015995
0.006015
0.012520
0.017372
0.012457
0.005821
0.004859
0.015455
0.004903
0.012982
0.014741
0.015092
0.015046
0.012740
0.015006
0.015700
0.013235
0.014401
0.015418
0.016034
0.006845
0.013107
0.014362
0.015780
0.016034
0.016329
0.006482
0.006856
0.006833
0.007132
0.012445
0.017873
0.016708
0.016221
0.017438
0.017201
0.014094
0.005028
0.012871
0.014071
0.005676
0.016408
0.015449
0.007494
0.006822
0.013038
0.007000
0.013370
0.004728
0.013902
0.016019
0.018136
0.017509
0.005444
0.015113
0.015182
0.015996
