0.076069
0.027249
0.027892
0.035017
0.034129
0.034359
0.028397
0.035797
0.043252
0.040290
0.036068
0.030404
0.025772
0.022299
0.022957
0.024251
0.035465
0.029082
0.045927
0.023330
5.009167
0.032435
0.036232
0.028591
0.031922
0.676493
0.024320
0.031497
0.034364
0.088351
0.038945
0.036624
0.031141
0.027546
0.024102
0.027394
0.032860
0.031899
0.032040
0.042736
0.045220
0.030116
0.031807
0.029053
0.037053
0.028929
0.037067
0.025677
0.094350
0.039953
0.038859
0.034474
0.024686
0.023985
0.032076
0.025920
0.029776
0.026158
0.033573
0.032208
0.059295
0.023656
0.029919
0.031153
0.031154
0.030550
0.028748
0.015496
0.054512
0.042354
0.031598
0.030044
0.034865
0.036479
0.035381
0.039119
0.131996
0.033220
0.022471
0.027905
0.040467
0.034491
0.033809
0.032334
0.026665
0.033097
0.353653
0.041272
0.031479
0.032398
0.030289
0.032116
0.026029
0.033748
0.034892
0.032255
0.034884
0.031035
0.030376
0.350087
