0.013088
0.011781
0.011910
0.012244
0.016308
0.003670
0.013496
0.002798
0.003175
0.004130
0.012013
0.012143
0.012721
0.002912
0.044077
0.012397
0.003937
0.012401
0.003057
0.011853
0.013419
0.012898
0.138696
0.012288
0.003828
0.012047
0.002951
0.013052
0.002798
0.013255
0.002981
0.003184
0.003245
0.012910
0.012026
0.012587
0.003951
0.011245
0.013288
0.012890
0.018234
0.011186
0.012615
0.002931
0.015340
0.003379
0.002999
0.012897
0.013242
0.012660
0.003033
0.003097
0.011332
0.012316
0.003483
0.003807
0.012827
0.012294
0.011671
0.017438
0.036598
0.027915
0.051945
0.003093
0.038189
0.003107
0.003472
0.012487
0.013388
0.011353
0.013078
0.016020
0.016039
0.003274
1.270935
0.003426
0.064410
0.003084
0.011837
0.013045
0.019114
0.002636
0.012419
0.003139
0.003531
0.013302
0.027060
0.013146
0.012379
0.013414
0.003024
0.003182
0.003480
0.003354
0.003583
0.002650
0.014165
0.003524
0.003138
0.003327
