0.041190
0.034414
0.034839
0.029493
0.035387
0.038438
0.035134
0.036486
0.028203
0.037344
0.035411
0.040725
0.046822
0.028678
0.038689
0.030701
0.049857
0.037519
0.042240
0.034043
0.036961
0.030075
0.032453
0.036672
0.040040
0.031968
0.042658
0.042269
0.031602
0.034484
0.032177
0.031306
0.038565
0.034071
0.038056
0.040186
0.034980
0.036707
0.029128
0.032687
0.032317
0.039945
0.037391
0.036821
0.030393
0.032619
0.034067
0.034729
0.023599
0.031325
0.030740
0.037015
0.039688
0.037976
0.045189
0.034984
0.036775
0.032060
0.036264
0.032785
0.033500
0.038397
0.035760
0.040588
0.028359
0.032640
0.060309
0.032787
0.030976
0.035846
0.032495
0.034783
0.039767
0.032604
0.035276
0.036073
0.034838
0.033422
0.035980
0.036230
0.034946
0.027087
0.027075
0.042315
0.031869
0.034054
0.032575
0.032604
0.036166
0.037970
0.039870
0.029891
0.031367
0.032325
0.038435
0.037647
0.040794
0.035652
0.035035
0.040453
