0.030795
0.025046
0.017333
0.026837
0.021155
0.008944
0.019802
0.046501
0.146042
0.015607
0.740799
0.025520
0.139362
0.832020
0.017086
0.105346
0.032560
0.014181
0.015976
0.026678
0.012629
0.013017
0.396703
0.024356
0.029569
0.013735
0.026790
0.027602
0.016570
0.030744
0.014036
0.021727
0.076394
0.029206
0.018891
0.018727
0.027142
0.028388
0.016255
0.019264
0.024809
0.024358
0.024096
0.027320
0.010589
0.008697
0.028268
0.024382
0.023269
0.024763
0.022649
0.026465
0.013033
0.027855
0.028401
0.025664
0.029802
0.012817
0.011629
0.012481
0.029655
0.021868
0.111636
0.015861
0.012563
0.027020
0.026663
0.025841
0.023168
0.028063
0.027716
0.013409
0.025410
0.010177
0.128706
0.026004
0.045242
0.022542
0.013719
0.027474
0.027055
0.017600
0.360031
0.023704
0.013403
0.029164
0.053848
0.059255
0.044742
0.019589
0.010851
0.023332
0.018904
0.018068
0.026105
0.011338
0.031342
0.010805
0.018303
0.010802
