0.018341
0.021515
0.021435
0.017660
0.020031
0.016632
0.017449
0.018184
0.017109
0.022855
0.019548
0.019431
0.019041
0.022594
0.020503
0.016817
0.020327
0.015121
0.018795
0.019232
0.016902
0.017416
0.015538
0.015729
0.019987
0.017446
0.021156
0.016432
0.019381
0.018612
0.019691
0.023756
0.023642
0.018800
0.019640
0.019523
0.018911
0.018766
0.018605
0.017022
0.016276
0.017269
0.022801
0.018138
0.025606
0.020367
0.017611
0.018150
0.017553
0.022633
0.025273
0.017917
0.022367
0.016191
0.019332
0.023367
0.019353
0.017312
0.020951
0.019848
0.017716
0.017848
0.021540
0.019062
0.022980
0.019143
0.017519
0.019140
0.017952
0.021633
0.017659
0.017388
0.018186
0.020510
0.019325
0.016909
0.023531
0.019029
0.021022
0.020228
0.028567
0.019440
0.016981
0.017538
0.017296
0.017658
0.018782
0.023496
0.017669
0.022331
0.021236
0.016984
0.019558
0.019809
0.016667
0.019900
0.019874
0.019058
0.019630
0.022350
