0.040059
0.041317
0.032383
0.041826
0.030767
0.044936
0.047435
0.036750
0.040160
0.036338
0.040477
0.036075
0.044433
0.039165
0.040978
0.042840
0.043603
0.034255
0.047013
0.033966
0.039214
0.042202
0.040188
0.040833
0.038146
0.038539
0.040859
0.037179
0.046469
0.038360
0.037989
0.041545
0.037861
0.040086
0.037736
0.039774
0.042537
0.039922
0.038926
0.044405
0.045094
0.040044
0.037760
0.045253
0.034681
0.040348
0.038412
0.045445
0.043329
0.047683
0.044493
0.045290
0.044919
0.045505
0.047091
0.049107
0.036784
0.038729
0.040818
0.033464
0.033932
0.046881
0.042853
0.039975
0.039223
0.039838
0.045120
0.040831
0.045367
0.043340
0.044404
0.037353
0.040410
0.038164
0.032714
0.044387
0.041696
0.050910
0.042864
0.043102
0.043814
0.036627
0.039643
0.039621
0.039571
0.042939
0.037618
0.042713
0.037183
0.042084
0.045053
0.041404
0.045864
0.037781
0.036129
0.039164
0.035952
0.036005
0.040238
0.035961
