0.006537
0.006335
0.005260
0.006284
0.006478
0.006210
0.006199
0.005763
0.005026
0.005102
0.005428
0.006635
0.004975
0.005819
0.006264
0.005707
0.006693
0.006462
0.006091
0.005987
0.006197
0.006527
0.006049
0.005556
0.004079
0.006196
0.005721
0.006019
0.005520
0.005050
0.005885
0.005471
0.005178
0.006252
0.005896
0.004856
0.005408
0.006411
0.005093
0.006273
0.005881
0.005806
0.006371
0.006118
0.004639
0.006505
0.005669
0.005722
0.006468
0.005402
0.006414
0.006464
0.006648
0.005678
0.005030
0.006178
0.005289
0.004639
0.006494
0.005726
0.006947
0.006382
0.005834
0.005329
0.005232
0.006410
0.005878
0.005689
0.006190
0.005199
0.004522
0.006564
0.005152
0.006235
0.005080
0.004986
0.004783
0.004675
0.006503
0.004803
0.006237
0.004955
0.004010
0.005145
0.005712
0.005919
0.005549
0.004489
0.004145
0.005334
0.006984
0.006018
0.005647
0.006710
0.006124
0.006749
0.006512
0.006252
0.005780
0.006180
