0.059184
0.071152
0.061642
0.067026
0.063493
0.062466
0.071071
0.059367
0.072424
0.062120
0.075408
0.062332
0.071253
0.068523
0.059435
0.068230
0.056214
0.071146
0.063172
0.065307
0.074067
0.077311
0.076824
0.063421
0.077115
0.067131
0.066517
0.070204
0.067007
0.064153
0.070426
0.079696
0.065197
0.070941
0.063700
0.063414
0.064535
0.067279
0.068390
0.077652
0.069059
0.058495
0.064182
0.069582
0.081398
0.071420
0.062397
0.067363
0.066924
0.062989
0.074160
0.058082
0.075044
0.063793
0.061966
0.072854
0.065935
0.068204
0.060863
0.060535
0.059224
0.069067
0.062526
0.058226
0.072584
0.069692
0.073302
0.073784
0.065023
0.077752
0.074012
0.070203
0.073907
0.057145
0.076273
0.061382
0.073637
0.074902
0.067283
0.075838
0.077315
0.062703
0.065165
0.067272
0.065715
0.066166
0.064795
0.064490
0.070588
0.062982
0.061108
0.063948
0.065173
0.069558
0.058852
0.054689
0.065162
0.063800
0.070626
0.058486
