0.005428
0.006462
0.005869
0.009871
0.008073
0.005459
0.009806
0.025444
0.013319
0.004231
0.008965
0.002296
0.005086
0.011978
0.002822
0.024983
0.025933
0.011890
0.003140
0.002855
0.002387
0.005233
0.002774
0.008087
0.022208
0.001922
0.018353
0.009033
0.002157
0.003092
0.006884
0.022866
0.005730
0.006994
0.007036
0.002412
0.009053
0.002144
0.002711
0.004532
0.010503
0.003959
0.026506
0.004097
0.002603
0.003835
0.008228
0.002808
0.030352
0.004379
0.005398
0.007493
0.028632
0.030253
0.028104
0.003176
0.007539
0.008564
0.025545
0.012882
0.012100
0.028629
0.009663
0.008735
0.016536
0.025358
0.003520
0.028023
0.008833
0.008820
0.008057
0.003004
0.005259
0.002125
0.004790
0.028116
0.004342
0.024616
0.004668
0.004612
0.002633
0.009055
0.008437
0.003450
0.024593
0.002216
0.002727
0.001549
0.005375
0.003557
0.029413
0.002849
0.027605
0.008240
0.003320
0.006168
0.026095
0.025354
0.004190
0.007159
