0.025513
0.042633
0.017431
0.025710
0.040785
0.010981
0.024662
0.048813
0.030569
0.034841
0.056362
0.037839
0.025616
0.023629
0.035338
0.051317
0.027323
0.025742
0.033765
0.036892
0.010427
0.011016
0.019058
0.019725
0.015733
0.052093
0.022704
0.047736
0.045622
0.015154
0.015315
0.035576
0.020623
0.025324
0.027800
0.022883
0.045469
0.020124
0.017142
0.014534
0.013091
0.051653
0.009943
0.016444
0.031359
0.016813
0.039602
0.022920
0.050186
0.020079
0.032698
0.019076
0.011549
0.033863
0.025144
0.019544
0.018747
0.017945
0.030724
0.012238
0.025954
0.045546
0.023899
0.030424
0.021835
0.013981
0.012737
0.036560
0.007602
0.014073
0.038589
0.023014
0.031392
0.021181
0.013323
0.012493
0.045883
0.015620
0.023844
0.014443
0.045140
0.017355
0.016418
0.021836
0.019172
0.018459
0.036715
0.014085
0.022399
0.030557
0.019046
0.034533
0.029298
0.033791
0.029061
0.040951
0.041894
0.021766
0.037902
0.015954
