0.001258
0.003104
0.003503
0.006028
0.030798
0.001738
0.010585
0.019466
0.003239
0.011170
0.001225
0.002295
0.011766
0.011424
0.003747
0.009400
0.008648
0.001498
0.001785
0.003335
0.016359
0.007515
0.003454
0.003636
0.001325
0.005255
0.003731
0.009557
0.009769
0.002919
0.007253
0.029927
0.007542
0.009330
0.003055
0.010003
0.003583
0.032792
0.004067
0.030982
0.032665
0.004201
0.003046
0.004326
0.002323
0.003723
0.003101
0.008066
0.002527
0.001688
0.030281
0.030471
0.001602
0.030371
0.011997
0.003042
0.030709
0.003212
0.003589
0.032203
0.003275
0.002789
0.003517
0.010124
0.030534
0.001439
0.012882
0.002231
0.031274
0.008112
0.007478
0.002358
0.004079
0.031733
0.001538
0.012962
0.004122
0.003670
0.008437
0.002743
0.004459
0.005754
0.002970
0.011869
0.004308
0.009279
0.001679
0.001094
0.003322
0.014212
0.010473
0.010922
0.001695
0.032306
0.034032
0.004725
0.029502
0.006641
0.009955
0.022038
