0.005422
0.030306
0.036507
0.008540
0.009922
0.046121
0.034277
0.008396
0.015663
0.008886
0.004497
0.010739
0.027172
0.008916
0.007013
0.008638
0.006259
0.032041
0.008706
0.032480
0.012928
0.013658
0.010720
0.012711
0.010201
0.013132
0.008327
0.011879
0.031910
0.036071
0.004800
0.038072
0.033541
0.007305
0.062720
0.014460
0.005581
0.013138
0.028198
0.041941
0.037818
0.013351
0.027553
0.030226
0.007548
0.011326
0.032828
0.027763
0.009932
0.027538
0.011460
0.007489
0.023744
0.028974
0.033842
0.009453
0.033509
0.033674
0.026953
0.008590
0.013001
0.035300
0.035859
0.028526
0.012621
0.010094
0.007405
0.038610
0.011870
0.033834
0.036087
0.033684
0.010872
0.009565
0.010180
0.009015
0.012456
0.008125
0.033493
0.037279
0.033105
0.012897
0.034729
0.030390
0.008538
0.036093
0.057585
0.010107
0.011452
0.035228
0.005612
0.010064
0.017091
0.042725
0.039489
0.007327
0.012538
0.007716
0.031428
0.006912
