0.004301
0.003524
0.003674
0.003916
0.003374
0.004294
0.003646
0.003462
0.003569
0.004050
0.005020
0.003078
0.003772
0.004323
0.004421
0.004735
0.003966
0.004358
0.005246
0.003181
0.002691
0.003660
0.004919
0.004786
0.004081
0.004457
0.003586
0.005081
0.003346
0.004898
0.004565
0.004507
0.002898
0.003755
0.004425
0.004285
0.003516
0.004773
0.004466
0.004219
0.004448
0.004342
0.003431
0.004054
0.004059
0.003535
0.004386
0.003505
0.003696
0.005436
0.004605
0.003805
0.004838
0.004669
0.005199
0.002897
0.004878
0.004495
0.004288
0.003940
0.005256
0.003858
0.004445
0.004122
0.005141
0.004172
0.003996
0.002704
0.004943
0.003420
0.004496
0.003478
0.003657
0.004569
0.005386
0.004146
0.003761
0.003825
0.004153
0.004288
0.004470
0.003881
0.003663
0.003716
0.003710
0.003533
0.004206
0.004523
0.004289
0.004252
0.003872
0.004277
0.004826
0.005264
0.004406
0.004459
0.004359
0.003208
0.005487
0.004300
