0.001865
0.001808
0.001871
0.001998
0.001872
0.001900
0.001859
0.001839
0.001776
0.002135
0.002124
0.001585
0.002022
0.001972
0.002106
0.001958
0.001838
0.001806
0.001859
0.001976
0.001883
0.001973
0.001981
0.001848
0.002243
0.001830
0.002001
0.001882
0.001966
0.001970
0.001755
0.001891
0.001739
0.001994
0.001791
0.001775
0.001832
0.001922
0.001872
0.001767
0.001828
0.001810
0.001953
0.001806
0.001894
0.001842
0.001908
0.001688
0.001941
0.001779
0.002025
0.001936
0.001990
0.001824
0.001939
0.001741
0.001851
0.001840
0.001911
0.001811
0.001705
0.001980
0.001960
0.001893
0.001865
0.001874
0.001952
0.001777
0.002082
0.001867
0.001733
0.001878
0.001635
0.001748
0.001944
0.001813
0.001942
0.001757
0.002045
0.001972
0.001652
0.001805
0.001859
0.001974
0.001874
0.001699
0.001878
0.001678
0.001937
0.001730
0.001728
0.001830
0.001873
0.001779
0.001827
0.002136
0.001990
0.002018
0.001703
0.001874
