0.011745
0.024936
0.020113
0.012293
0.013916
0.011505
0.021146
0.011862
0.012081
0.014048
0.014247
0.012366
0.013536
0.011898
0.013763
0.013172
0.033679
0.012439
0.013409
0.013468
0.012114
0.014113
0.011727
0.011377
0.013091
0.012670
0.032769
0.011839
0.012330
0.012983
0.012278
0.013179
0.012457
0.011744
0.012302
0.011890
0.011708
0.011262
0.012264
0.016595
0.012484
0.012253
0.015096
0.013554
0.012277
0.011828
0.013151
0.012038
0.011495
0.013992
0.014453
0.013258
0.013086
0.013648
0.012402
0.012568
0.012828
0.012569
0.013555
0.011957
0.011698
0.011776
0.012039
0.012871
0.012772
0.011513
0.012174
0.011782
0.013312
0.012010
0.012295
0.011714
0.014201
0.011951
0.013869
0.059052
0.012959
0.011796
0.011835
0.031601
0.013626
0.011919
0.013643
0.012329
0.012371
0.012444
0.012397
0.011804
0.012492
0.017686
0.013484
0.012281
0.063733
0.048125
0.012913
0.011818
0.017195
0.011903
0.014061
0.012741
