0.031993
0.032025
0.045323
0.034929
0.032622
0.031370
0.038800
0.032293
0.031485
0.033873
0.033860
0.033201
0.035870
0.032371
0.040211
0.030095
0.033453
0.044589
0.034953
0.035508
0.113529
0.030005
0.035531
0.063803
0.044353
0.032106
0.045868
0.038014
0.030560
0.029261
0.031608
0.033356
0.032509
0.032878
0.033408
0.038153
0.028750
0.030026
0.036226
0.032787
0.036108
0.039871
0.034904
0.039853
0.046786
0.037735
0.029196
0.035639
0.035327
0.029203
0.032000
0.043692
0.033114
0.032032
0.036177
0.036646
0.041472
0.032236
0.037357
0.033808
0.043293
0.034932
0.029095
0.034343
0.030379
0.029176
0.062832
0.029714
0.031591
0.031106
0.032679
0.031457
0.026954
0.034072
0.031971
0.038206
0.030954
0.032402
0.033111
0.036784
0.028976
0.034293
0.035883
0.028701
0.033237
0.030822
0.033441
0.031598
0.030703
0.030900
0.041327
0.034320
0.034913
0.031256
0.035817
0.034739
0.032692
0.032044
0.032294
0.033517
