0.043858
0.010954
0.009652
0.009316
0.009641
0.008926
0.009675
0.009206
0.008967
0.009046
0.009026
0.010229
0.008979
0.009863
0.009498
0.009263
0.008822
0.009853
0.009927
0.016820
0.010032
0.008593
0.008701
0.025850
0.009044
0.008786
0.009056
0.009480
0.009858
0.008872
0.009632
0.009871
0.008946
0.009872
0.008778
0.025631
0.009018
0.008961
0.008707
0.009175
0.009384
0.009019
0.009318
0.010416
0.008922
0.009319
0.008916
0.009142
0.009202
0.010019
0.009018
0.009207
0.009911
0.008635
0.008475
0.008881
0.009115
0.008947
0.009152
0.009955
0.008891
0.008578
0.009817
0.051939
0.009108
0.009216
0.060046
0.009470
0.009326
0.008426
0.009566
0.008592
0.008709
0.009022
0.009153
0.021466
0.009985
0.009109
0.009423
0.010046
0.009259
0.009514
0.008968
0.008911
0.008981
0.009837
0.009372
0.008984
0.013394
0.009426
0.009782
0.010586
0.009812
0.008549
0.008965
0.009683
0.009462
0.009260
0.009432
0.009747
