0.048372
0.072649
0.063000
0.049549
0.067314
0.072825
0.068967
0.053607
0.045542
0.050152
0.052870
0.059557
0.058141
0.073051
0.045939
0.056297
0.047280
0.052237
0.057990
0.064400
0.063056
0.048716
0.046057
0.047372
0.049618
0.063223
0.050306
0.050936
0.050524
0.052732
0.052228
0.073903
0.058178
0.070741
0.147074
0.055062
0.076177
0.050311
0.081063
0.045285
0.048284
0.050425
0.049645
0.056355
0.056157
0.081527
0.062595
0.053678
0.047019
0.053531
0.049456
0.068843
0.062804
0.049756
0.054066
0.057352
0.045148
0.052823
0.079101
0.053051
0.113315
0.048931
0.049719
0.061823
0.051910
0.055487
0.055642
0.052310
0.048017
0.051806
0.052168
0.084891
0.050172
0.049489
0.075983
0.044550
0.049700
0.050018
0.050357
0.078562
0.163808
0.126571
0.063979
0.069976
0.049577
0.050640
0.049547
0.050636
0.061890
0.068785
0.048774
0.062472
0.055069
0.049086
0.048970
0.048911
0.090392
0.048672
0.050370
0.128911
