0.024552
0.020877
0.051391
0.021619
0.024033
0.136184
0.021009
0.026248
0.020257
0.023809
0.022727
0.021139
0.021925
0.031781
0.021097
0.020199
0.020389
0.020673
0.021813
0.027860
0.021627
0.025355
0.022107
0.039258
0.024960
0.019241
0.022271
0.028958
0.022934
0.021381
0.022178
0.064588
0.021305
0.020363
0.022784
0.030520
0.019889
0.021023
0.025940
0.020539
0.021995
0.027608
0.023486
0.021076
0.022974
0.021340
0.020937
0.021935
0.032908
0.021029
0.024441
0.022161
0.023958
0.020084
0.022142
0.025066
0.021235
0.022875
0.020806
0.021779
0.025338
0.021457
0.020619
0.027736
0.028131
0.019992
0.028566
0.024850
0.021156
0.048682
0.021056
0.027270
0.022829
0.023279
0.023142
0.020779
0.021235
0.028658
0.023000
0.023428
0.020972
0.028918
0.020557
0.025182
0.023817
0.022513
0.023500
0.020756
0.026050
0.026650
0.020759
0.023246
0.025707
0.023698
0.020723
0.020934
0.022327
0.021178
0.021771
0.021665
