0.013258
0.005448
0.012648
0.007261
0.006382
0.017162
0.010728
0.017825
0.018495
0.006461
0.014575
0.006211
0.006630
0.017176
0.014764
0.006830
0.020454
0.007857
0.004736
0.018580
0.016553
0.009168
0.014215
0.005508
0.009651
0.014919
0.012381
0.016558
0.009526
0.020632
0.016420
0.013531
0.014634
0.014429
0.014448
0.016351
0.010034
0.016827
0.005678
0.013107
0.006602
0.019633
0.013183
0.007907
0.004036
0.005589
0.012248
0.006108
0.015452
0.005577
0.013818
0.007986
0.017206
0.012384
0.016527
0.007654
0.014360
0.011098
0.018513
0.013997
0.016102
0.008311
0.007961
0.019321
0.015475
0.007276
0.014333
0.009574
0.012880
0.007716
0.013008
0.005201
0.015352
0.011867
0.014758
0.008371
0.004582
0.019892
0.020339
0.015911
0.011313
0.003653
0.011622
0.016061
0.005206
0.015498
0.016097
0.011903
0.014372
0.015010
0.003798
0.012062
0.015723
0.013403
0.010087
0.019038
0.007098
0.009183
0.004265
0.007777
