0.035945
0.029553
0.019826
0.018249
0.025127
0.033217
0.025261
0.025601
0.026133
0.031880
0.032875
0.036111
0.036286
0.030179
0.034270
0.023701
0.027412
0.027648
0.040603
0.022666
0.030195
0.043314
0.034709
0.029416
0.043327
0.022553
0.025552
0.033773
0.026765
0.025765
0.029140
0.026969
0.035235
0.032299
0.032643
0.034954
0.033867
0.030559
0.032072
0.033736
0.017290
0.029219
0.023861
0.025802
0.023474
0.022615
0.025402
0.037426
0.033598
0.024647
0.028614
0.037581
0.035345
0.028989
0.024245
0.025886
0.030198
0.019584
0.025740
0.031526
0.028475
0.041427
0.023679
0.027871
0.028330
0.031168
0.032164
0.027323
0.031990
0.040304
0.034160
0.024299
0.018670
0.025630
0.030584
0.023818
0.031945
0.033367
0.014638
0.037805
0.026263
0.030100
0.024332
0.030680
0.018833
0.034513
0.037882
0.029008
0.029712
0.025504
0.028210
0.027560
0.024755
0.022537
0.022358
0.024341
0.039022
0.021668
0.025430
0.023778
