0.014027
0.013924
0.003651
0.013560
0.003270
0.015618
0.015231
0.006382
0.013845
0.003724
0.013038
0.005254
0.014611
0.015772
0.015338
0.003514
0.004359
0.003344
0.013633
0.002742
0.003062
0.013566
0.003492
0.013569
0.013840
0.013855
0.010127
0.017806
0.013308
0.003342
0.003741
0.003144
0.015072
0.015535
0.015358
0.013924
0.014552
0.013419
0.013563
0.014234
0.003530
0.013482
0.014139
0.014265
0.002416
0.015230
0.003413
0.003712
0.014033
0.008945
0.025181
0.003561
0.002931
0.013603
0.011735
0.003794
0.003350
0.003636
0.003383
0.004537
0.004498
0.013973
0.003115
0.015358
0.012754
0.004407
0.061809
0.013501
0.002877
0.003272
0.013374
0.003655
0.003907
0.014078
0.013172
0.003740
0.016207
0.013379
0.003546
0.002348
0.003829
0.004786
0.003470
0.002960
0.014892
0.003556
0.008729
0.013985
0.003508
0.003557
0.013797
0.013795
0.006776
0.014011
0.014148
0.013443
0.003879
0.013422
0.014076
0.004117
