0.024713
0.030668
0.026905
0.010107
0.020551
0.024026
0.023140
0.019654
0.014022
0.018346
0.033305
0.019518
0.019865
0.013325
0.018922
0.016705
0.022418
0.017759
0.020106
0.018565
0.025685
0.028388
0.010899
0.020969
0.028953
0.014451
0.012191
0.018106
0.020162
0.033393
0.029645
0.025552
0.011805
0.023917
0.030071
0.019335
0.024312
0.028960
0.018898
0.021478
0.018368
0.020948
0.030344
0.020905
0.018802
0.019801
0.024985
0.009371
0.022724
0.007847
0.022141
0.012237
0.011041
0.019435
0.014983
0.019988
0.018401
0.028413
0.028550
0.017773
0.013118
0.016659
0.029845
0.013097
0.031398
0.028249
0.007704
0.018251
0.017943
0.020377
0.027572
0.020408
0.011430
0.022813
0.022612
0.025441
0.020894
0.020937
0.026442
0.015846
0.019683
0.011832
0.027453
0.017899
0.033417
0.019627
0.027753
0.019277
0.024565
0.017799
0.019781
0.019657
0.009471
0.028905
0.025770
0.018941
0.008218
0.019669
0.030688
0.008277
