0.015991
0.012660
0.012373
0.012721
0.012695
0.012094
0.011506
0.011880
0.013914
0.012230
0.014054
0.013603
0.014319
0.012768
0.013955
0.012461
0.015063
0.009266
0.010447
0.012749
0.011066
0.010111
0.013554
0.010894
0.012454
0.011818
0.012178
0.012452
0.012089
0.008804
0.009601
0.012117
0.012875
0.011745
0.010281
0.008720
0.012812
0.011483
0.011451
0.010779
0.011484
0.011756
0.013581
0.013015
0.014819
0.007722
0.010797
0.012830
0.014816
0.010532
0.011369
0.013508
0.011798
0.013947
0.012734
0.012253
0.012506
0.014560
0.012555
0.012653
0.012818
0.011146
0.016267
0.012287
0.010167
0.010334
0.012571
0.012439
0.010824
0.011963
0.010862
0.014136
0.015235
0.011483
0.009874
0.014377
0.014706
0.013446
0.010998
0.010403
0.013983
0.006954
0.013440
0.012760
0.016713
0.013022
0.016269
0.012676
0.014230
0.013323
0.011785
0.013407
0.011255
0.014460
0.012812
0.012805
0.013984
0.012328
0.011108
0.014031
