0.033557
0.032072
0.036501
0.035107
0.033849
0.035182
0.035093
0.034054
0.035188
0.034754
0.032611
0.033304
0.035459
0.031827
0.037064
0.032832
0.036389
0.032144
0.035141
0.036996
0.036830
0.034918
0.031497
0.034118
0.033575
0.033668
0.034783
0.034303
0.037339
0.037935
0.034541
0.035051
0.034362
0.030267
0.034881
0.034962
0.033852
0.034451
0.031790
0.033647
0.036036
0.034210
0.034675
0.034532
0.034775
0.032772
0.032043
0.034542
0.035906
0.031083
0.032477
0.033677
0.034093
0.033317
0.030966
0.033050
0.032169
0.036155
0.034608
0.035014
0.032637
0.033316
0.033750
0.033777
0.034833
0.033256
0.033037
0.033114
0.035269
0.036263
0.036970
0.033037
0.034635
0.035099
0.036116
0.033979
0.030144
0.034100
0.038679
0.033499
0.032610
0.034432
0.031929
0.033561
0.034238
0.029731
0.031929
0.034922
0.033363
0.035121
0.036063
0.033331
0.036783
0.034268
0.035232
0.033207
0.034285
0.036614
0.031976
0.035790
