0.005913
0.007564
0.005182
0.005176
0.003080
0.005462
0.006592
0.005374
0.003714
0.004021
0.005639
0.003863
0.004295
0.003260
0.006088
0.005759
0.005734
0.007369
0.007091
0.003613
0.001845
0.003333
0.005803
0.003987
0.004332
0.005960
0.006643
0.002881
0.005823
0.004416
0.002970
0.005199
0.002787
0.006282
0.004215
0.005915
0.006550
0.005469
0.005481
0.004551
0.004503
0.003897
0.003322
0.006720
0.003518
0.005699
0.007518
0.006869
0.004808
0.006158
0.003683
0.007018
0.005515
0.007492
0.003011
0.004789
0.006268
0.002782
0.005766
0.006210
0.004882
0.006083
0.006835
0.004545
0.002577
0.007243
0.005531
0.006820
0.004843
0.006419
0.002861
0.005165
0.005450
0.005248
0.002489
0.006067
0.005925
0.006461
0.004483
0.002513
0.006941
0.006349
0.006617
0.007416
0.004714
0.008354
0.004000
0.005185
0.006649
0.003041
0.004747
0.006853
0.005924
0.002691
0.006031
0.007029
0.006156
0.006335
0.005322
0.004226
