0.053401
0.049768
0.050341
0.052778
0.051757
0.050778
0.051517
0.048791
0.051979
0.050284
0.050299
0.049032
0.051126
0.049515
0.049384
0.047155
0.051120
0.050266
0.049102
0.054956
0.050302
0.052304
0.048712
0.049187
0.049245
0.046550
0.049845
0.051138
0.054059
0.050979
0.054509
0.051740
0.051670
0.050106
0.048681
0.048525
0.052441
0.048650
0.049007
0.046992
0.051795
0.049380
0.047651
0.051198
0.051764
0.048762
0.048700
0.047819
0.047439
0.049381
0.050160
0.053814
0.043041
0.050210
0.048664
0.052569
0.053493
0.051306
0.048995
0.050755
0.050079
0.051127
0.049680
0.050431
0.049127
0.046496
0.050828
0.051376
0.045523
0.050138
0.047014
0.051732
0.051544
0.048468
0.050021
0.051269
0.053961
0.052118
0.050806
0.053994
0.045710
0.050037
0.053714
0.053091
0.051591
0.049518
0.054837
0.049766
0.048945
0.052100
0.050792
0.050202
0.053031
0.051501
0.050673
0.054127
0.052478
0.051837
0.048326
0.056278
