0.019428
0.019018
0.019712
0.019532
0.018558
0.021293
0.019897
0.019792
0.020286
0.019265
0.019148
0.019824
0.021344
0.018559
0.020068
0.018621
0.019297
0.018328
0.017810
0.019495
0.019230
0.018956
0.019221
0.018857
0.018137
0.021212
0.018080
0.019345
0.019680
0.020724
0.019072
0.019668
0.019612
0.017698
0.019948
0.018148
0.020466
0.018323
0.019695
0.019461
0.019060
0.020015
0.019541
0.017035
0.020453
0.018461
0.020086
0.019259
0.020008
0.018367
0.019510
0.020166
0.017649
0.019497
0.017996
0.019111
0.019803
0.021070
0.018034
0.020859
0.017999
0.019465
0.019250
0.017950
0.020212
0.019569
0.018134
0.017621
0.021039
0.019804
0.021205
0.019508
0.018827
0.020009
0.018918
0.019925
0.020055
0.020076
0.021103
0.019327
0.019917
0.020138
0.019725
0.019583
0.018923
0.019342
0.018179
0.019069
0.018488
0.018898
0.019922
0.020623
0.018926
0.019558
0.017474
0.017961
0.019601
0.019882
0.019899
0.018003
