0.014444
0.013856
0.010191
0.011253
0.014118
0.011381
0.014934
0.007307
0.010229
0.013680
0.012162
0.013893
0.012485
0.012709
0.015085
0.012567
0.013461
0.008852
0.010657
0.010391
0.011841
0.010600
0.011737
0.013489
0.012416
0.013868
0.012044
0.011271
0.020365
0.012438
0.013194
0.013390
0.009294
0.014218
0.010269
0.006341
0.013473
0.013980
0.012731
0.008321
0.010587
0.013656
0.014195
0.009454
0.011391
0.013687
0.013299
0.010039
0.011066
0.012272
0.013378
0.011383
0.014215
0.009708
0.014011
0.011956
0.014664
0.015111
0.013810
0.011230
0.011969
0.013564
0.014231
0.015181
0.014840
0.012023
0.014622
0.012323
0.013970
0.005523
0.010117
0.014242
0.009731
0.010469
0.013370
0.014211
0.012548
0.011424
0.013070
0.010555
0.011417
0.005464
0.013191
0.013233
0.013690
0.009407
0.014009
0.013419
0.013415
0.012449
0.012488
0.011684
0.012371
0.012065
0.011568
0.013590
0.011076
0.010115
0.013475
0.015280
