0.031266
0.032684
0.030992
0.031803
0.032555
0.027944
0.030233
0.036453
0.034361
0.031586
0.035832
0.025007
0.033132
0.035884
0.033384
0.033355
0.027925
0.029744
0.039367
0.028904
0.029507
0.021396
0.035475
0.031153
0.026362
0.026446
0.029656
0.034389
0.030505
0.032257
0.033655
0.028278
0.026964
0.039620
0.027637
0.026392
0.028526
0.027655
0.029380
0.028983
0.031976
0.031119
0.035500
0.033047
0.030359
0.029715
0.034872
0.031093
0.032355
0.025228
0.032017
0.028010
0.027873
0.028865
0.030135
0.034663
0.028665
0.028472
0.027177
0.029320
0.033364
0.032697
0.033241
0.028799
0.030639
0.031043
0.028481
0.031936
0.030029
0.032371
0.031884
0.029943
0.029372
0.029615
0.030186
0.030342
0.048405
0.032529
0.031715
0.027757
0.028936
0.028530
0.029033
0.034024
0.029194
0.027778
0.031738
0.033833
0.029276
0.033560
0.030738
0.032064
0.028181
0.026914
0.028101
0.032537
0.028913
0.025743
0.025219
0.025802
