0.009907
0.007650
0.010097
0.011996
0.010978
0.010755
0.010950
0.010279
0.010882
0.010641
0.010513
0.018366
0.009616
0.009204
0.010525
0.010079
0.011006
0.009790
0.009630
0.009902
0.020207
0.020500
0.010382
0.010290
0.010498
0.010746
0.010365
0.009717
0.013646
0.010432
0.010873
0.013408
0.011069
0.010017
0.010046
0.010581
0.010046
0.010256
0.010293
0.010089
0.011219
0.009885
0.010925
0.009924
0.010495
0.004737
0.010664
0.010722
0.009986
0.009619
0.010510
0.010308
0.003744
0.010056
0.010274
0.010788
0.010070
0.010505
0.010843
0.009124
0.009818
0.010043
0.010550
0.010910
0.009699
0.009310
0.010460
0.009357
0.010247
0.019417
0.009858
0.010074
0.011164
0.009701
0.018166
0.010432
0.010012
0.010777
0.017666
0.034406
0.009494
0.004008
0.009977
0.010164
0.008784
0.010758
0.010435
0.009776
0.025153
0.009889
0.010936
0.009909
0.012205
0.010149
0.010896
0.005689
0.009743
0.008978
0.009785
0.004149
