0.049763
0.051718
0.034916
0.043609
0.038464
0.034299
0.037376
0.038296
0.051091
0.046821
0.046439
0.041410
0.040979
0.048969
0.049051
0.037744
0.043360
0.047852
0.045302
0.040032
0.039617
0.036533
0.041869
0.049393
0.034496
0.057405
0.048468
0.041114
0.041531
0.042714
0.047288
0.052032
0.036001
0.051730
0.041257
0.038475
0.036108
0.042724
0.044600
0.051633
0.045117
0.043080
0.036172
0.039868
0.033865
0.041169
0.046883
0.037510
0.050592
0.040053
0.032118
0.040211
0.039215
0.034747
0.056313
0.042306
0.046357
0.044737
0.037492
0.035972
0.033340
0.045008
0.030907
0.056610
0.042081
0.044438
0.039409
0.052689
0.043628
0.043010
0.040139
0.038341
0.041842
0.043137
0.037076
0.037925
0.044651
0.046154
0.038547
0.040322
0.039107
0.043936
0.038203
0.034028
0.042465
0.037467
0.043669
0.042950
0.048881
0.041426
0.044022
0.040878
0.036658
0.045070
0.035416
0.050696
0.035361
0.034732
0.033890
0.060700
