0.021375
0.014586
0.018486
0.022579
0.024344
0.021034
0.024632
0.018225
0.021031
0.022903
0.016890
0.029116
0.021709
0.015439
0.017058
0.023874
0.021406
0.023521
0.021530
0.026842
0.021798
0.024153
0.021531
0.024801
0.021456
0.018342
0.025097
0.049688
0.023334
0.023724
0.021940
0.026743
0.020128
0.023440
0.018278
0.026949
0.026785
0.017837
0.017244
0.020790
0.017165
0.024546
0.022741
0.018180
0.020412
0.021118
0.019878
0.017153
0.023454
0.023490
0.016793
0.022330
0.022831
0.021801
0.018300
0.022807
0.024209
0.022809
0.026253
0.022785
0.018596
0.023028
0.020203
0.022746
0.022214
0.023818
0.023693
0.021004
0.023715
0.016909
0.021603
0.024458
0.019203
0.017748
0.015624
0.021968
0.017989
0.023637
0.032015
0.022791
0.017266
0.022576
0.028170
0.013985
0.018752
0.023760
0.021498
0.022695
0.030763
0.023421
0.024438
0.019872
0.021470
0.024194
0.021938
0.030165
0.024054
0.021364
0.023654
0.022666
