0.006390
0.006647
0.007240
0.009695
0.008128
0.005179
0.008792
0.029772
0.013899
0.004119
0.008189
0.003705
0.005477
0.012345
0.004677
0.030806
0.028339
0.012169
0.004232
0.005118
0.002425
0.004441
0.003524
0.008054
0.023035
0.002115
0.018219
0.008380
0.003296
0.004734
0.007078
0.022112
0.005549
0.006728
0.007095
0.002604
0.009152
0.002879
0.003247
0.005816
0.009968
0.004399
0.024301
0.004861
0.003362
0.004658
0.008087
0.003648
0.036821
0.004100
0.006499
0.007386
0.023239
0.026327
0.029696
0.003118
0.007769
0.008009
0.029350
0.013156
0.011953
0.031958
0.009157
0.009049
0.016297
0.030100
0.003166
0.028715
0.007038
0.008676
0.008146
0.003257
0.005549
0.003213
0.005878
0.030623
0.005091
0.029854
0.005233
0.004667
0.002925
0.010425
0.008952
0.003160
0.023211
0.002578
0.002400
0.001918
0.006075
0.003476
0.026188
0.003267
0.029350
0.008941
0.003741
0.006946
0.028613
0.029435
0.004008
0.007225
