0.027058
0.050323
0.017708
0.025858
0.041297
0.013356
0.027224
0.051427
0.030480
0.038288
0.057194
0.040901
0.025333
0.023549
0.037512
0.048250
0.031839
0.026604
0.036834
0.042243
0.013876
0.013030
0.018531
0.020712
0.015973
0.052492
0.022545
0.052373
0.051588
0.015410
0.017467
0.035576
0.022028
0.028483
0.028252
0.025423
0.045471
0.021843
0.021585
0.015623
0.011717
0.056947
0.010158
0.018016
0.035080
0.016330
0.042527
0.021334
0.052965
0.024471
0.032129
0.019578
0.010405
0.034768
0.027080
0.017484
0.018824
0.020462
0.033785
0.011754
0.028223
0.047241
0.024431
0.028442
0.024312
0.015788
0.015222
0.040124
0.009280
0.016831
0.034657
0.025768
0.034352
0.020816
0.014573
0.014816
0.043024
0.018291
0.026154
0.015240
0.044912
0.017323
0.019126
0.024451
0.020846
0.020483
0.036715
0.018764
0.023178
0.031612
0.018552
0.041240
0.032889
0.034051
0.028053
0.046596
0.044242
0.021254
0.044407
0.020957
