0.001485
0.003257
0.002794
0.004437
0.030797
0.002081
0.003697
0.008180
0.003180
0.002790
0.001807
0.002602
0.004805
0.006172
0.002624
0.002828
0.003385
0.001750
0.001672
0.003443
0.004386
0.002836
0.003920
0.003139
0.002107
0.005095
0.003121
0.004359
0.003201
0.003451
0.001936
0.029927
0.002255
0.001853
0.003151
0.004701
0.003265
0.032793
0.003908
0.030982
0.032664
0.004845
0.003202
0.004062
0.001707
0.004556
0.002656
0.002511
0.002663
0.002481
0.029714
0.030566
0.001612
0.030406
0.004538
0.003073
0.030860
0.002102
0.002778
0.032377
0.004706
0.002887
0.003420
0.003703
0.030532
0.001522
0.003211
0.002376
0.031274
0.003137
0.002671
0.002401
0.003475
0.032087
0.001556
0.001788
0.004455
0.003017
0.002302
0.002703
0.004601
0.006381
0.003451
0.004478
0.001709
0.003927
0.002238
0.001960
0.002831
0.003249
0.005161
0.005151
0.001787
0.032409
0.034042
0.003041
0.029502
0.006781
0.004546
0.002768
