0.041180
0.061204
0.044263
0.055363
0.047624
0.042721
0.043107
0.066697
0.034956
0.057434
0.029719
0.072499
0.041505
0.068107
0.057051
0.047040
0.058743
0.043924
0.065629
0.054306
0.058621
0.070915
0.045163
0.049810
0.037064
0.083193
0.050152
0.049616
0.051482
0.056200
0.051922
0.030597
0.061152
0.044654
0.042968
0.055841
0.035411
0.039750
0.070434
0.049307
0.053660
0.047795
0.039989
0.051173
0.040909
0.058818
0.053120
0.052492
0.057719
0.058729
0.069927
0.038646
0.043029
0.047539
0.055747
0.053146
0.048252
0.050392
0.048813
0.062822
0.045111
0.058030
0.047608
0.036519
0.047714
0.044327
0.063586
0.045304
0.047484
0.048379
0.058673
0.061355
0.030654
0.035922
0.045234
0.040711
0.050698
0.062758
0.048901
0.047025
0.041957
0.047414
0.068025
0.043156
0.066505
0.057961
0.056203
0.047885
0.054039
0.033576
0.044561
0.047775
0.044242
0.047160
0.055601
0.047569
0.040766
0.074975
0.054757
0.060355
