0.005665
0.030306
0.036595
0.008706
0.012765
0.049240
0.034279
0.010218
0.017558
0.009539
0.004635
0.011786
0.027172
0.009597
0.006952
0.008594
0.005666
0.035539
0.009377
0.032488
0.014334
0.015546
0.011771
0.013390
0.009606
0.014297
0.009154
0.013068
0.028194
0.036712
0.005357
0.034844
0.033542
0.007540
0.068579
0.014259
0.005524
0.015819
0.026787
0.036207
0.037818
0.014033
0.029704
0.030927
0.007958
0.012128
0.031250
0.027763
0.011985
0.027545
0.012777
0.009054
0.026851
0.031764
0.033842
0.011187
0.031760
0.031181
0.028043
0.010520
0.014643
0.034922
0.035622
0.028565
0.015508
0.010482
0.007076
0.038611
0.013334
0.033839
0.033075
0.031544
0.010348
0.010187
0.009897
0.007566
0.014605
0.008006
0.031118
0.034345
0.033114
0.014394
0.034732
0.029913
0.011996
0.035587
0.059829
0.011457
0.011465
0.032605
0.004731
0.010247
0.017416
0.042725
0.039495
0.007790
0.014629
0.006626
0.031752
0.007121
