0.005487
0.006746
0.005778
0.009855
0.008053
0.005647
0.010388
0.026150
0.013627
0.004188
0.009011
0.002381
0.005017
0.011562
0.002799
0.025793
0.026569
0.012346
0.003084
0.002838
0.002548
0.005458
0.002795
0.008456
0.022667
0.001872
0.017519
0.008895
0.002180
0.002949
0.007315
0.023915
0.006267
0.007415
0.007293
0.002528
0.009111
0.002163
0.002836
0.004447
0.010331
0.003964
0.026152
0.004148
0.002576
0.003811
0.007938
0.002796
0.028156
0.004627
0.005793
0.007452
0.030029
0.031411
0.029001
0.003080
0.007371
0.008564
0.026334
0.012370
0.011855
0.029448
0.009681
0.008638
0.016729
0.026167
0.003652
0.028667
0.009325
0.009241
0.008027
0.003097
0.005537
0.002245
0.004594
0.028901
0.004393
0.025435
0.004672
0.004698
0.002706
0.009170
0.008872
0.003677
0.025468
0.002382
0.003036
0.001624
0.005347
0.003428
0.030151
0.002829
0.028496
0.008139
0.003384
0.006025
0.026784
0.026234
0.004287
0.007340
