0.024217
0.042347
0.017555
0.025173
0.042354
0.011598
0.022981
0.048740
0.029493
0.035860
0.058411
0.036008
0.025429
0.022358
0.035121
0.063835
0.025084
0.026283
0.031672
0.034986
0.009815
0.008842
0.019223
0.020731
0.014120
0.050877
0.021077
0.044797
0.044237
0.013984
0.012970
0.029337
0.019817
0.023133
0.026225
0.025927
0.033784
0.019257
0.016776
0.014479
0.014916
0.051841
0.010548
0.015660
0.030853
0.017226
0.036350
0.025852
0.047154
0.017572
0.035474
0.018333
0.010084
0.033676
0.023751
0.020960
0.018402
0.017071
0.030454
0.012519
0.023575
0.045142
0.023386
0.031253
0.019555
0.013783
0.011350
0.035356
0.007339
0.013956
0.035008
0.021026
0.031540
0.021124
0.012878
0.011415
0.051044
0.014935
0.023035
0.014313
0.037784
0.017825
0.016052
0.019861
0.017708
0.018224
0.034405
0.013324
0.020839
0.028715
0.018685
0.033001
0.029228
0.034043
0.027230
0.042177
0.043317
0.021909
0.036683
0.014794
