0.001448
0.003097
0.003492
0.006026
0.030798
0.001727
0.010531
0.017699
0.003738
0.010953
0.001221
0.002374
0.011591
0.011256
0.003720
0.009209
0.008536
0.001871
0.001771
0.003330
0.015957
0.008658
0.003446
0.004075
0.001343
0.005228
0.003603
0.009409
0.009518
0.002896
0.007066
0.029927
0.008872
0.009096
0.003057
0.009859
0.003597
0.032794
0.004037
0.030982
0.032665
0.004212
0.003046
0.004329
0.002543
0.003722
0.003097
0.007859
0.002526
0.001676
0.030152
0.029798
0.001615
0.030408
0.011831
0.003044
0.030861
0.003170
0.003570
0.032008
0.003269
0.002778
0.003494
0.009921
0.030534
0.001424
0.012865
0.001984
0.031274
0.007914
0.008331
0.002352
0.004036
0.030833
0.001993
0.012470
0.004105
0.003602
0.008254
0.002833
0.004450
0.005760
0.002959
0.011661
0.007053
0.009111
0.001647
0.001079
0.003559
0.013682
0.010330
0.010792
0.001688
0.032433
0.033738
0.004631
0.029502
0.006656
0.009771
0.020042
