0.025271
0.034449
0.021650
0.029728
0.034872
0.023159
0.042773
0.037439
0.026867
0.031233
0.019753
0.044120
0.028681
0.042034
0.035059
0.030893
0.033087
0.030567
0.033929
0.038623
0.026112
0.050557
0.029808
0.027476
0.028780
0.055081
0.024367
0.028427
0.026822
0.029987
0.031920
0.028656
0.046513
0.028266
0.032288
0.041900
0.019470
0.019415
0.039563
0.024975
0.030975
0.032035
0.024620
0.045925
0.027114
0.026682
0.029048
0.025906
0.024813
0.037175
0.045296
0.021136
0.022404
0.032830
0.038896
0.037840
0.027872
0.036267
0.041322
0.033874
0.017822
0.044001
0.029050
0.022191
0.028240
0.023564
0.038453
0.040211
0.025916
0.028342
0.045547
0.036790
0.019103
0.020629
0.033366
0.021955
0.033251
0.043131
0.033703
0.030793
0.030243
0.023566
0.041668
0.022345
0.036797
0.031582
0.032842
0.024616
0.027785
0.021633
0.033984
0.025083
0.021451
0.026445
0.035172
0.030789
0.029376
0.048726
0.032156
0.031485
