0.005793
0.030306
0.037329
0.008672
0.009346
0.044765
0.034279
0.008216
0.015012
0.010166
0.004754
0.009911
0.027172
0.008428
0.006999
0.009070
0.006886
0.030790
0.009076
0.032488
0.012687
0.012117
0.010532
0.013022
0.011628
0.013390
0.009126
0.011337
0.034280
0.036976
0.004589
0.038612
0.033542
0.007037
0.061103
0.015844
0.006334
0.011814
0.030209
0.053787
0.037818
0.013195
0.026517
0.028114
0.007068
0.010688
0.036397
0.027763
0.008664
0.025975
0.012224
0.006940
0.022664
0.028224
0.033926
0.009583
0.036752
0.038677
0.026187
0.007817
0.012251
0.036699
0.036261
0.028565
0.011352
0.009831
0.007077
0.038611
0.011633
0.033839
0.040359
0.040603
0.011575
0.009768
0.009631
0.009068
0.011057
0.007626
0.037215
0.040300
0.026716
0.012594
0.032079
0.032442
0.006544
0.035270
0.055977
0.009693
0.011540
0.040047
0.005864
0.011095
0.019274
0.042725
0.039495
0.006990
0.012368
0.009691
0.028313
0.007220
