0.012652
0.012813
0.013418
0.012572
0.008579
0.013142
0.010674
0.013740
0.012766
0.013351
0.012255
0.012055
0.009812
0.014057
0.012547
0.011232
0.011904
0.011354
0.015830
0.012762
0.013667
0.009100
0.010441
0.011537
0.009679
0.010709
0.013881
0.011849
0.012665
0.009319
0.011661
0.013064
0.009873
0.011206
0.013195
0.010283
0.011678
0.014788
0.012267
0.013702
0.015432
0.011025
0.013267
0.011782
0.011504
0.013433
0.011287
0.011790
0.014772
0.011786
0.013260
0.010746
0.011086
0.013007
0.012927
0.009989
0.013953
0.009225
0.013830
0.012370
0.012217
0.014350
0.012777
0.012456
0.012318
0.012725
0.014903
0.013234
0.012173
0.013237
0.011964
0.012374
0.012911
0.015394
0.013096
0.013468
0.013265
0.012435
0.013140
0.013915
0.014325
0.012012
0.011085
0.009263
0.014477
0.010410
0.013874
0.014188
0.015039
0.013576
0.013159
0.014090
0.012207
0.011829
0.011047
0.012324
0.011112
0.013556
0.010556
0.009886
