0.034429
0.035381
0.034239
0.035026
0.036487
0.036954
0.032235
0.033659
0.034079
0.033480
0.030985
0.034655
0.035601
0.034768
0.035416
0.033665
0.035986
0.034144
0.033536
0.034015
0.035720
0.034722
0.035181
0.035414
0.035395
0.035216
0.035058
0.036458
0.033971
0.036102
0.036460
0.033235
0.033781
0.033820
0.034942
0.035597
0.034324
0.035218
0.033860
0.033608
0.036993
0.033791
0.034904
0.032877
0.032504
0.035812
0.033719
0.033184
0.032928
0.035749
0.033911
0.034429
0.032607
0.033677
0.035838
0.033317
0.035987
0.036346
0.032276
0.035143
0.034831
0.034360
0.035776
0.036229
0.038826
0.034160
0.035570
0.036578
0.034124
0.036046
0.035475
0.034601
0.034961
0.033061
0.032321
0.035922
0.033911
0.035957
0.035350
0.034330
0.035941
0.035682
0.036065
0.035216
0.034279
0.035973
0.032779
0.035277
0.034388
0.034299
0.037777
0.034279
0.035916
0.036586
0.035064
0.035717
0.034137
0.034581
0.032649
0.033504
