0.004708
0.004635
0.007362
0.005042
0.003537
0.006481
0.006236
0.004694
0.003803
0.004582
0.003539
0.005573
0.002639
0.005089
0.005416
0.005308
0.005987
0.005442
0.003870
0.002590
0.004705
0.007487
0.004343
0.005340
0.005770
0.002773
0.004653
0.007966
0.006002
0.005124
0.005204
0.007206
0.003534
0.007173
0.007182
0.005027
0.006800
0.006783
0.003887
0.005435
0.005973
0.006098
0.004944
0.004287
0.004507
0.004874
0.004875
0.007453
0.003722
0.004084
0.007166
0.005821
0.005885
0.005756
0.008241
0.004248
0.008180
0.005011
0.005423
0.004820
0.005841
0.005150
0.006261
0.004725
0.004143
0.006560
0.006161
0.005919
0.005479
0.003101
0.007438
0.004764
0.002352
0.004455
0.003733
0.004029
0.006226
0.005382
0.005788
0.005224
0.005308
0.006092
0.004677
0.004606
0.006714
0.005782
0.003141
0.006229
0.006184
0.005022
0.005754
0.003332
0.005794
0.003771
0.005160
0.004925
0.003877
0.004839
0.005981
0.006346
