0.051299
0.050014
0.053307
0.052809
0.052079
0.051191
0.052557
0.053205
0.055352
0.053754
0.052955
0.052559
0.055291
0.056002
0.049680
0.052826
0.055004
0.055568
0.051833
0.048962
0.051292
0.051141
0.049799
0.051339
0.052433
0.052791
0.052513
0.047848
0.051213
0.050302
0.051100
0.051030
0.052055
0.051409
0.052991
0.052696
0.054406
0.053605
0.052692
0.055029
0.052825
0.050589
0.054304
0.052021
0.050079
0.050448
0.053696
0.051355
0.052659
0.051326
0.050145
0.050445
0.050442
0.053696
0.051716
0.052406
0.053123
0.051980
0.052837
0.052136
0.051956
0.053347
0.053335
0.051593
0.052393
0.051617
0.052099
0.049850
0.052887
0.054156
0.051051
0.049265
0.050657
0.051974
0.050305
0.055622
0.053075
0.053970
0.052543
0.051405
0.056657
0.050455
0.051188
0.052773
0.055225
0.049665
0.052330
0.053498
0.055222
0.052132
0.055328
0.054893
0.051883
0.051351
0.050949
0.052702
0.057739
0.053585
0.049390
0.051131
