0.020739
0.019771
0.020692
0.018534
0.018984
0.019608
0.017844
0.018874
0.018905
0.020548
0.019207
0.019147
0.019431
0.019011
0.019986
0.018453
0.019793
0.020761
0.019476
0.020882
0.019565
0.018600
0.019454
0.019617
0.019038
0.021177
0.019182
0.019928
0.019430
0.019435
0.019392
0.019774
0.018874
0.018489
0.020330
0.020774
0.019375
0.021112
0.019330
0.018236
0.020798
0.020986
0.019274
0.018544
0.018880
0.019148
0.019250
0.019647
0.018848
0.018755
0.020161
0.018266
0.019384
0.019469
0.018308
0.019569
0.020538
0.020095
0.018315
0.019497
0.020613
0.020037
0.020148
0.020471
0.020512
0.019299
0.017968
0.019863
0.018938
0.019349
0.019318
0.018972
0.020189
0.020468
0.019011
0.020820
0.018420
0.019706
0.019170
0.021049
0.019872
0.018741
0.018049
0.019035
0.019483
0.020266
0.020216
0.019373
0.018822
0.019693
0.018479
0.020196
0.020201
0.019279
0.020276
0.018450
0.019668
0.020083
0.019043
0.018892
