0.011262
0.013986
0.011699
0.012767
0.011690
0.012933
0.007028
0.011766
0.012084
0.005972
0.011281
0.012932
0.013500
0.014717
0.005968
0.008175
0.014019
0.011713
0.012855
0.012399
0.011613
0.011145
0.014311
0.007137
0.005276
0.011027
0.012653
0.010876
0.004700
0.012607
0.012943
0.011883
0.007948
0.012386
0.011673
0.010146
0.013757
0.012899
0.008717
0.013475
0.013274
0.012587
0.013914
0.012459
0.011355
0.010145
0.013160
0.013579
0.012358
0.013150
0.012381
0.007876
0.012953
0.006119
0.012539
0.011649
0.011147
0.009883
0.012907
0.008507
0.012453
0.014577
0.010592
0.010151
0.012476
0.008747
0.013626
0.005226
0.012683
0.008268
0.013036
0.011404
0.011977
0.013615
0.008660
0.013141
0.012911
0.007796
0.012919
0.009343
0.011632
0.009737
0.013175
0.007532
0.008713
0.013004
0.012048
0.011032
0.012915
0.011619
0.012209
0.013131
0.012855
0.013771
0.009831
0.012197
0.012764
0.013686
0.012949
0.013744
