0.003831
0.003869
0.003652
0.004268
0.004046
0.003491
0.004097
0.003528
0.003594
0.003823
0.003611
0.003562
0.002440
0.003589
0.003342
0.003052
0.003353
0.003321
0.003455
0.003463
0.003654
0.003671
0.004070
0.004054
0.003144
0.003763
0.003711
0.003664
0.003186
0.003957
0.003833
0.003408
0.003734
0.003346
0.003596
0.003174
0.003484
0.003539
0.003747
0.003953
0.003859
0.004297
0.004165
0.004061
0.003328
0.004116
0.003211
0.003604
0.003574
0.003332
0.003478
0.003194
0.003713
0.003781
0.003709
0.003461
0.003566
0.003326
0.003787
0.003702
0.004011
0.003524
0.003356
0.003748
0.003609
0.004013
0.003875
0.003725
0.003796
0.003880
0.003791
0.003609
0.003258
0.003628
0.003860
0.003518
0.004320
0.003898
0.003512
0.004005
0.003863
0.003718
0.003332
0.004350
0.003866
0.003955
0.003645
0.003602
0.003717
0.003516
0.003909
0.003693
0.003930
0.003650
0.003811
0.003676
0.003642
0.003480
0.003537
0.003887
