0.055642
0.049785
0.032964
0.033486
0.031990
0.045252
0.034835
0.035735
0.033128
0.043362
0.053030
0.053936
0.043168
0.046156
0.037568
0.034536
0.034256
0.037456
0.059197
0.034461
0.045166
0.047523
0.045790
0.029809
0.055786
0.035979
0.036463
0.054422
0.032183
0.033680
0.056476
0.043645
0.059577
0.041669
0.040332
0.042223
0.051195
0.037743
0.042250
0.041082
0.029337
0.033001
0.033618
0.034704
0.026484
0.039812
0.031949
0.051175
0.038653
0.033913
0.043221
0.058273
0.038799
0.046683
0.034522
0.036394
0.041857
0.027444
0.035871
0.038166
0.039327
0.053000
0.025816
0.041201
0.041118
0.038831
0.043401
0.037198
0.047436
0.051097
0.047607
0.033856
0.026882
0.039633
0.040232
0.046641
0.046533
0.045569
0.016016
0.048496
0.056017
0.049897
0.031958
0.040880
0.027338
0.046810
0.046726
0.030488
0.042006
0.039011
0.040347
0.045141
0.039202
0.040171
0.037480
0.035503
0.043145
0.031620
0.038316
0.036197
