0.014950
0.014948
0.003861
0.014665
0.002510
0.016953
0.016653
0.003841
0.015542
0.003548
0.013802
0.003129
0.015635
0.016470
0.016653
0.004366
0.004425
0.002683
0.014852
0.003041
0.003660
0.014533
0.004155
0.014445
0.014776
0.014754
0.003158
0.002904
0.014255
0.002864
0.002920
0.003148
0.016002
0.015909
0.016466
0.014445
0.014595
0.003598
0.015898
0.013880
0.003827
0.014878
0.014341
0.015162
0.002780
0.015482
0.003219
0.003256
0.014722
0.002673
0.003871
0.003982
0.003121
0.015217
0.004535
0.004400
0.001426
0.003005
0.001405
0.003808
0.004586
0.014643
0.002880
0.016740
0.013920
0.003876
0.004300
0.014835
0.003610
0.003698
0.014570
0.004564
0.002901
0.015544
0.012841
0.004000
0.016684
0.014868
0.002107
0.002290
0.003730
0.004355
0.003908
0.003433
0.015581
0.004103
0.004101
0.015373
0.003715
0.003434
0.014289
0.014875
0.002560
0.015304
0.015145
0.014511
0.004292
0.014370
0.015017
0.002811
