0.036489
0.047921
0.053443
0.054971
0.062168
0.058012
0.072370
0.055528
0.066125
0.060919
0.064880
0.039298
0.057577
0.058110
0.058298
0.062075
0.056923
0.048950
0.046378
0.066956
0.052448
0.046588
0.064888
0.060555
0.068082
0.044827
0.060670
0.052695
0.056919
0.070287
0.059094
0.059170
0.075104
0.066254
0.047650
0.050052
0.068047
0.062833
0.049084
0.065224
0.046569
0.082648
0.065623
0.048774
0.062514
0.069421
0.066905
0.072074
0.061958
0.048059
0.059958
0.060236
0.086348
0.050517
0.056957
0.064049
0.060134
0.049204
0.067012
0.058743
0.047461
0.065163
0.065468
0.075058
0.058941
0.070249
0.043541
0.056126
0.072468
0.050433
0.065696
0.056239
0.067395
0.061538
0.061022
0.062093
0.068783
0.073725
0.060374
0.056236
0.065368
0.065963
0.068952
0.052096
0.049830
0.065724
0.053519
0.049939
0.056349
0.061154
0.067178
0.052276
0.045235
0.051192
0.062774
0.054871
0.066200
0.044026
0.065061
0.053065
