0.033077
0.031617
0.030876
0.018976
0.028067
0.028198
0.029440
0.026000
0.021856
0.025994
0.035165
0.020476
0.025953
0.023542
0.018388
0.021044
0.026184
0.023023
0.021348
0.026673
0.031218
0.036169
0.012302
0.027806
0.037486
0.018189
0.020430
0.026655
0.026655
0.036336
0.033652
0.035033
0.022578
0.020846
0.036287
0.023826
0.027903
0.034743
0.029877
0.028271
0.024493
0.022497
0.039889
0.034387
0.034156
0.021264
0.029022
0.019906
0.024671
0.012393
0.021623
0.020421
0.019113
0.023944
0.018233
0.027695
0.028714
0.034107
0.033449
0.020740
0.013761
0.022176
0.034203
0.018428
0.039175
0.029674
0.012660
0.023613
0.026654
0.032455
0.031285
0.021359
0.027736
0.032671
0.027241
0.036296
0.030895
0.024778
0.026079
0.026847
0.025555
0.017289
0.034295
0.018880
0.036722
0.027364
0.034893
0.023616
0.032128
0.018825
0.026528
0.027670
0.012785
0.035428
0.033594
0.021809
0.012924
0.025454
0.035114
0.012034
