0.191926
0.124358
0.080326
0.739028
0.344307
0.077424
0.403353
0.375700
0.059797
0.453926
0.379558
0.319139
0.086090
0.037858
0.023556
0.065323
0.410880
0.452606
0.491189
0.479080
0.219231
0.379672
0.403890
0.587960
0.729565
0.538856
0.245613
0.346040
0.040114
0.122164
0.068790
0.128129
0.058939
0.081654
0.070637
0.276136
0.084310
0.285306
0.168344
0.500075
0.744579
0.088278
0.187439
0.171545
0.477781
0.608625
0.027630
0.025986
0.424810
0.021725
0.009388
0.009046
0.393075
0.022716
0.531002
0.670845
0.481997
0.289832
0.279019
0.165951
0.125167
0.451318
0.033715
0.088487
0.221359
0.617124
0.035074
0.617998
0.112649
0.053234
0.495767
0.411685
0.042147
0.554507
0.497066
0.674509
0.602865
0.045270
0.351583
0.038072
0.036136
0.134060
0.524138
0.724474
0.405043
0.256120
0.028506
0.344480
0.284157
0.176444
0.040219
0.570699
0.643381
0.755750
0.488080
0.622216
0.156685
0.470305
0.108569
0.204248
