0.069813
0.205233
0.317608
0.045602
0.054994
0.392066
0.090504
0.058916
0.433044
0.370175
0.042621
0.167829
0.438504
0.040885
0.058858
0.046141
0.165185
0.293304
0.081704
0.155748
0.223188
0.061804
0.071024
0.128139
0.513324
0.206354
0.287698
0.102124
0.163734
0.493028
0.257346
0.088311
0.042554
0.071507
0.283405
0.062292
0.368730
0.278916
0.118638
0.121441
0.336339
0.036631
0.106190
0.097975
0.262656
0.046565
0.376959
0.045905
0.090990
0.040674
0.095891
0.064743
0.055250
0.038748
0.067169
0.437463
0.074548
0.177285
0.039822
0.046963
0.413052
0.061456
0.063934
0.070653
0.423182
0.507494
0.046822
0.148505
0.207565
0.398779
0.321205
0.263290
0.072119
0.051369
0.194671
0.054380
0.069770
0.046757
0.066504
0.040853
0.046442
0.083764
0.479941
0.489315
0.541828
0.042427
0.609464
0.100930
0.102856
0.423777
0.198197
0.472145
0.048853
0.173500
0.253008
0.090184
0.086147
0.053066
0.267863
0.176229
