0.159801
0.224110
0.466325
0.152670
0.137482
0.453729
0.509490
0.218245
0.507405
0.686999
0.048306
0.033577
0.361029
0.072943
0.023624
0.538767
0.269788
0.103453
0.373283
0.189204
0.338994
0.115958
0.124888
0.095743
0.826849
0.210896
0.223267
0.292363
0.055038
0.555419
0.484524
0.405199
0.068247
0.135959
0.208533
0.047482
0.375215
0.441498
0.229033
0.030952
0.050180
0.098653
0.199416
0.087196
0.492944
0.037912
0.047761
0.027453
0.057384
0.516585
0.070445
0.809383
0.424154
0.437057
0.218673
0.602987
0.573753
0.607795
0.167372
0.064979
0.492971
0.623629
0.153321
0.401353
0.199583
0.324318
0.577476
0.400054
0.413161
0.544963
0.449027
0.313193
0.067519
0.064105
0.020217
0.034020
0.034322
0.039183
0.122432
0.033535
0.589248
0.299608
0.082404
0.431776
0.139869
0.095427
0.838217
0.415801
0.084514
0.162264
0.091430
0.115766
0.017122
0.025495
0.558507
0.571818
0.462586
0.109390
0.260673
0.151734
