0.198278
0.088325
0.138800
0.137322
0.054980
0.081113
0.079302
0.077266
0.138416
0.079083
0.081055
0.084321
0.079560
0.130301
0.186117
0.238666
0.110194
0.115456
0.059322
0.065207
0.089440
0.251443
0.146988
0.175450
0.270201
0.236997
0.090092
0.168616
0.064623
0.097127
0.248558
0.062956
0.087485
0.172226
0.104253
0.123768
0.130627
0.114343
0.073722
0.120131
0.312320
0.280285
0.074392
0.052402
0.060251
0.167813
0.095498
0.109658
0.098198
0.318616
0.195412
0.356431
0.151857
0.075295
0.078910
0.187969
0.070738
0.070586
0.138819
0.085324
0.289249
0.064861
0.183911
0.067694
0.074506
0.091264
0.269698
0.071211
0.064734
0.111673
0.157775
0.170465
0.211626
0.158424
0.046095
0.095128
0.119240
0.127993
0.060145
0.208023
0.144362
0.056711
0.092546
0.067980
0.110111
0.060506
0.352119
0.063085
0.071317
0.058184
0.231885
0.111307
0.344521
0.130773
0.090311
0.226980
0.121107
0.088073
0.171109
0.099236
