0.066563
0.048031
0.186644
0.040539
0.255826
0.401682
0.065938
0.356483
0.324971
0.283785
0.283037
0.129715
0.659137
0.032334
0.044768
0.234092
0.135906
0.351509
0.078528
0.261450
0.222488
0.065707
0.027772
0.230586
0.047060
0.028668
0.034033
0.030269
0.065772
0.036996
0.057277
0.144512
0.043082
0.087710
0.402831
0.552043
0.408645
0.092518
0.098134
0.101715
0.046824
0.040888
0.276838
0.213823
0.356442
0.067131
0.453240
0.371593
0.104846
0.031484
0.030331
0.038914
0.051511
0.032169
0.198172
0.056788
0.040249
0.236869
0.025108
0.283694
0.077388
0.577284
0.082960
0.088606
0.490210
0.034078
0.115583
0.515605
0.234061
0.045455
0.261116
0.375494
0.054622
0.020830
0.380702
0.050051
0.047434
0.036141
0.259012
0.038271
0.602004
0.320221
0.596982
0.187466
0.092224
0.293556
0.035278
0.451326
0.537881
0.205798
0.351011
0.230485
0.036971
0.387829
0.515549
0.027891
0.150088
0.052820
0.065744
0.045313
