0.004439
0.022607
0.021246
0.029542
0.028747
0.006540
0.011887
0.007780
0.031901
0.028621
0.021792
0.006997
0.028377
0.015976
0.020354
0.019874
0.021685
0.004401
0.015917
0.004092
0.015206
0.024388
0.016837
0.026880
0.006422
0.024045
0.024660
0.021483
0.023147
0.021831
0.018162
0.011296
0.023466
0.011136
0.015736
0.019080
0.022019
0.011341
0.021683
0.022355
0.011844
0.007468
0.006375
0.021364
0.026815
0.004813
0.005486
0.012464
0.012227
0.017418
0.021756
0.006925
0.005242
0.020594
0.006138
0.017059
0.003788
0.013240
0.024450
0.011727
0.013471
0.020937
0.020245
0.013209
0.023088
0.020302
0.020832
0.018476
0.018575
0.028651
0.012968
0.012840
0.011320
0.017452
0.007037
0.020415
0.004139
0.025993
0.027735
0.015579
0.011106
0.007789
0.020775
0.013922
0.022043
0.015191
0.004787
0.034700
0.021647
0.046834
0.005907
0.005498
0.013010
0.022109
0.013442
0.008615
0.023781
0.016507
0.015301
0.011884
