0.024279
0.025162
0.035031
0.037092
0.028657
0.027926
0.032937
0.045069
0.033689
0.041428
0.039559
0.022527
0.037075
0.028337
0.031529
0.035684
0.033591
0.033458
0.035967
0.037932
0.028333
0.027636
0.031028
0.027551
0.040605
0.042329
0.040008
0.048195
0.028891
0.031241
0.031135
0.028210
0.043130
0.022309
0.030186
0.034099
0.036445
0.033912
0.043369
0.032063
0.022160
0.033239
0.024449
0.033739
0.032625
0.043523
0.034960
0.050699
0.044768
0.015018
0.029027
0.033697
0.032789
0.026962
0.028806
0.039459
0.029873
0.039799
0.023612
0.029804
0.032098
0.027247
0.033870
0.017438
0.032948
0.045875
0.038914
0.030704
0.028254
0.029843
0.047675
0.025189
0.033714
0.032218
0.034516
0.026820
0.035686
0.047921
0.027647
0.035079
0.049774
0.028833
0.028567
0.036243
0.030976
0.029067
0.027278
0.026970
0.033825
0.022360
0.030894
0.031063
0.048757
0.022022
0.035809
0.035215
0.041444
0.035442
0.017165
0.034531
