0.014556
0.004525
0.013797
0.013594
0.020067
0.013307
0.014713
0.004173
0.013861
0.017396
0.015176
0.019248
0.019633
0.013502
0.013648
0.003993
0.006298
0.021394
0.012938
0.014215
0.006581
0.005120
0.015170
0.019703
0.020159
0.004232
0.013398
0.013324
0.002818
0.005966
0.004084
0.014067
0.014934
0.005432
0.014177
0.005610
0.012813
0.013795
0.015042
0.013581
0.004584
0.006649
0.015290
0.004133
0.004394
0.004883
0.004335
0.014284
0.020461
0.003500
0.012719
0.002613
0.004248
0.012719
0.004807
0.013578
0.021442
0.004427
0.014002
0.013720
0.005839
0.003421
0.014455
0.013151
0.005046
0.014417
0.004440
0.013340
0.005819
0.014543
0.014581
0.013582
0.005013
0.019780
0.005257
0.004594
0.005793
0.013626
0.004699
0.016048
0.003805
0.004439
0.003887
0.006355
0.014701
0.001985
0.014807
0.016556
0.014937
0.004178
0.018723
0.005198
0.013788
0.013895
0.005118
0.012871
0.013809
0.005422
0.003348
0.021050
