0.042604
0.045492
0.045051
0.033717
0.051171
0.043254
0.039743
0.035182
0.035426
0.040088
0.048088
0.036430
0.040219
0.039408
0.048599
0.051035
0.042367
0.037832
0.037167
0.044719
0.044076
0.059310
0.038561
0.036865
0.050127
0.044874
0.043341
0.051429
0.046550
0.054523
0.050283
0.044561
0.059772
0.039187
0.046446
0.060648
0.031333
0.048754
0.051099
0.062530
0.037569
0.054705
0.045564
0.044607
0.064270
0.052768
0.041663
0.039503
0.070458
0.041749
0.053099
0.042861
0.034903
0.042413
0.031624
0.042339
0.029847
0.070402
0.046286
0.067048
0.040169
0.062991
0.046294
0.051319
0.039934
0.053669
0.038008
0.042395
0.054783
0.029234
0.033831
0.051328
0.046690
0.041923
0.053543
0.051784
0.036621
0.047179
0.033306
0.046389
0.040783
0.046539
0.039448
0.037668
0.045426
0.045386
0.037733
0.042468
0.038046
0.046910
0.045529
0.044489
0.055343
0.042060
0.052381
0.040962
0.051278
0.040575
0.042290
0.049185
