0.035079
0.038467
0.011703
0.058444
0.041332
0.042175
0.027769
0.036248
0.038131
0.018009
0.027549
0.040340
0.026256
0.018076
0.028627
0.036912
0.028926
0.020034
0.025824
0.037638
0.028754
0.021915
0.039025
0.040076
0.032986
0.009988
0.031874
0.054887
0.025593
0.038694
0.042908
0.038639
0.037334
0.029145
0.023541
0.026899
0.038340
0.031426
0.034489
0.016341
0.040131
0.037736
0.039015
0.031144
0.034524
0.057316
0.015688
0.032541
0.025653
0.034614
0.028969
0.025759
0.027021
0.025576
0.040151
0.041877
0.033839
0.015441
0.038077
0.029136
0.044170
0.027050
0.020125
0.024371
0.024857
0.029135
0.028066
0.032214
0.035854
0.042811
0.011372
0.033108
0.023647
0.020761
0.033954
0.038932
0.040109
0.027403
0.022145
0.029766
0.013337
0.030916
0.033040
0.036289
0.031725
0.027920
0.023450
0.037803
0.049063
0.037428
0.033872
0.029057
0.030894
0.029905
0.028534
0.030149
0.024859
0.042322
0.036980
0.031353
