0.014208
0.013769
0.006197
0.011254
0.014166
0.012420
0.011311
0.005234
0.012365
0.012671
0.011756
0.014138
0.013444
0.012613
0.014579
0.013439
0.013919
0.007035
0.008240
0.012405
0.012977
0.012577
0.012820
0.013015
0.011940
0.014386
0.013401
0.011280
0.007052
0.013272
0.011726
0.013175
0.005604
0.013908
0.007111
0.006645
0.012343
0.014433
0.012873
0.006076
0.011008
0.013602
0.007724
0.007091
0.006547
0.013981
0.013948
0.012156
0.013159
0.013604
0.013450
0.011907
0.014477
0.011265
0.014126
0.011739
0.014363
0.011787
0.014147
0.013939
0.012686
0.011939
0.006874
0.013928
0.006985
0.012982
0.014203
0.011564
0.012843
0.006810
0.007303
0.014168
0.012552
0.012469
0.013455
0.013103
0.012745
0.012702
0.013068
0.006921
0.013408
0.007108
0.013174
0.011327
0.013775
0.006708
0.014121
0.013594
0.013434
0.011734
0.013007
0.012688
0.011913
0.012788
0.006175
0.013748
0.006977
0.012602
0.013214
0.007962
