0.036139
0.048185
0.033239
0.032242
0.033961
0.030391
0.030117
0.029041
0.033925
0.038070
0.048481
0.030765
0.033992
0.037585
0.036299
0.030827
0.026967
0.033329
0.035833
0.032993
0.033268
0.021270
0.036014
0.032450
0.036051
0.028721
0.032212
0.048101
0.035925
0.033611
0.032502
0.028911
0.032408
0.031253
0.026057
0.032477
0.036651
0.032895
0.029989
0.029393
0.035934
0.033650
0.032275
0.031879
0.030388
0.040945
0.034345
0.033891
0.035704
0.027953
0.033201
0.029031
0.032542
0.034012
0.031700
0.036211
0.029498
0.032071
0.031926
0.028768
0.037002
0.035903
0.035306
0.034487
0.043301
0.029401
0.033914
0.034368
0.031749
0.044588
0.055453
0.035104
0.032609
0.029879
0.034873
0.038615
0.030777
0.039541
0.037707
0.031930
0.029313
0.036232
0.033201
0.032504
0.033237
0.035029
0.035904
0.041435
0.034301
0.033110
0.038046
0.033654
0.028590
0.029722
0.030120
0.045245
0.030782
0.028227
0.025674
0.033425
