0.011684
0.004161
0.010480
0.004061
0.011383
0.012726
0.010903
0.010518
0.011072
0.010739
0.010827
0.004011
0.010323
0.009867
0.011332
0.010191
0.011100
0.010346
0.010046
0.010237
0.004638
0.003512
0.009656
0.010384
0.011537
0.010108
0.010356
0.010515
0.004262
0.012327
0.010497
0.004196
0.011019
0.010457
0.010167
0.010841
0.010783
0.011065
0.010417
0.010088
0.011230
0.010144
0.010205
0.010645
0.012366
0.003850
0.011720
0.010696
0.010488
0.012105
0.010852
0.010525
0.005842
0.010107
0.010508
0.011074
0.010693
0.010158
0.010753
0.009633
0.009937
0.010423
0.010746
0.010863
0.015967
0.010719
0.010689
0.010126
0.010193
0.004141
0.009813
0.009929
0.011841
0.010122
0.003607
0.010570
0.010014
0.010763
0.003654
0.003842
0.013419
0.003493
0.011906
0.010381
0.005258
0.010297
0.010431
0.011488
0.004120
0.010731
0.011267
0.009987
0.003998
0.010764
0.010968
0.003757
0.010321
0.009342
0.012618
0.003980
