0.040317
0.040455
0.034829
0.042969
0.048220
0.033374
0.036684
0.049049
0.051739
0.043453
0.046966
0.042477
0.039091
0.048325
0.043932
0.037980
0.039459
0.049003
0.054362
0.039097
0.036267
0.053224
0.039994
0.047490
0.047743
0.053976
0.037952
0.040409
0.042537
0.038670
0.037513
0.041379
0.036041
0.052055
0.052086
0.039308
0.036575
0.042138
0.040761
0.052076
0.047304
0.053013
0.051778
0.039912
0.033958
0.040636
0.047486
0.037494
0.041688
0.044869
0.033147
0.040434
0.039132
0.031271
0.057516
0.042581
0.038430
0.041797
0.037938
0.035705
0.045686
0.050904
0.028941
0.052893
0.040874
0.044047
0.051124
0.053244
0.051036
0.042238
0.038269
0.038698
0.041419
0.051321
0.034576
0.039068
0.042760
0.045287
0.037811
0.038842
0.039215
0.040305
0.038806
0.034850
0.042583
0.047126
0.043992
0.049470
0.046975
0.039644
0.041807
0.039711
0.038454
0.050161
0.034824
0.050654
0.035602
0.044985
0.031980
0.057935
