0.022941
0.024357
0.018193
0.020795
0.017297
0.022417
0.025206
0.016687
0.020999
0.023156
0.029140
0.026100
0.022758
0.022544
0.033046
0.023041
0.025464
0.024102
0.021248
0.027946
0.017285
0.022910
0.016905
0.025775
0.021511
0.018532
0.024177
0.012939
0.017164
0.017567
0.017300
0.021440
0.022037
0.024471
0.021998
0.027118
0.022145
0.018424
0.025728
0.021717
0.019220
0.025250
0.022976
0.022795
0.022251
0.028726
0.017604
0.020388
0.017056
0.023224
0.032622
0.023612
0.024100
0.017106
0.020886
0.024298
0.024249
0.023735
0.017706
0.025733
0.021675
0.024095
0.023916
0.021990
0.021908
0.024154
0.023941
0.021604
0.022363
0.019124
0.022484
0.026547
0.019290
0.026550
0.016813
0.022397
0.017589
0.024445
0.016602
0.022057
0.026236
0.022685
0.016630
0.013073
0.023265
0.024098
0.018041
0.022791
0.021675
0.022765
0.023614
0.021418
0.020828
0.025360
0.022250
0.020312
0.024614
0.020306
0.024571
0.022589
