0.814340
0.732806
0.224980
0.231687
0.094853
0.169966
0.028392
0.162354
0.199447
0.298484
0.165826
0.396917
0.056539
0.046670
0.267224
0.087229
0.116769
0.683426
0.203925
0.212468
0.004714
0.325749
0.113347
0.025913
0.610602
0.317568
0.644198
0.659562
0.169450
0.030378
0.520618
0.027328
0.555698
0.512591
0.410688
0.150392
0.218677
0.494474
0.254658
0.133996
0.157753
0.584611
0.303645
0.024410
0.091621
0.077706
0.545354
0.743409
0.185448
0.257548
0.506820
0.036259
0.593621
0.012636
0.097963
0.054511
0.045839
0.617373
0.345238
0.155129
0.023621
0.660602
0.712162
0.104496
0.802851
0.784193
0.073710
0.235804
0.060750
0.116787
0.233073
0.349251
0.261333
0.725822
0.150460
0.077813
0.041052
0.025364
0.712116
0.194501
0.049732
0.402247
0.441361
0.764487
0.016482
0.834686
0.740321
0.011186
0.173165
0.047952
0.363019
0.073419
0.202081
0.111419
0.034108
0.030423
0.630819
0.409123
0.156841
0.343623
