0.598166
0.062223
0.181389
0.451218
0.070949
0.046861
0.470960
0.234912
0.146667
0.215937
0.206774
0.150730
0.060676
0.038664
0.083273
0.303692
0.083054
0.415859
0.131084
0.123116
0.048553
0.166359
0.461557
0.065047
0.394896
0.180582
0.161828
0.301205
0.197200
0.291643
0.188836
0.552644
0.062678
0.068545
0.206050
0.166468
0.399725
0.309840
0.244029
0.081684
0.153597
0.056050
0.201477
0.057887
0.317135
0.198272
0.207849
0.367335
0.370682
0.304025
0.074076
0.094937
0.052410
0.085929
0.254563
0.421809
0.074296
0.054754
0.054609
0.185648
0.049701
0.451174
0.056434
0.271015
0.063016
0.367479
0.299304
0.064532
0.070626
0.090145
0.346099
0.052239
0.062489
0.349689
0.369461
0.134032
0.029467
0.456093
0.281363
0.176745
0.043856
0.307293
0.071214
0.209742
0.067437
0.580789
0.204873
0.603319
0.147916
0.434574
0.079490
0.428391
0.178398
0.297862
0.079462
0.292501
0.081915
0.054541
0.100403
0.243899
