0.698770
0.773998
0.127734
0.047493
0.420365
0.088758
0.084910
0.587885
0.396644
0.304519
0.065920
0.206758
0.431976
0.634783
0.164521
0.615871
0.067157
0.091309
0.196075
0.708687
0.881710
0.227078
0.071277
0.109356
0.552758
0.042924
0.664043
0.077089
0.398835
0.692701
0.214717
0.743308
0.114993
0.065495
0.624457
0.418324
0.104620
0.176607
0.082653
0.489207
0.275775
0.769449
0.191737
0.043844
0.126061
0.265013
0.182536
0.044940
0.163772
0.331316
0.093160
0.756774
0.575052
0.839927
0.051832
0.358282
0.060575
0.046667
0.359278
0.369068
0.037951
0.597556
0.072831
0.372143
0.871209
0.406512
0.259314
0.087275
0.429837
0.395472
0.412039
0.605366
0.060593
0.025928
0.381624
0.228978
0.845318
0.733509
0.251824
0.228283
0.658789
0.243738
0.122539
0.685445
0.781549
0.052276
0.188545
0.028249
0.189020
0.067004
0.171801
0.656407
0.203116
0.555221
0.393441
0.625643
0.561949
0.485499
0.503814
0.044060
