0.116195
0.166429
0.084201
0.180319
0.128796
0.110733
0.233954
0.147858
0.147548
0.098088
0.097847
0.089661
0.086889
0.281045
0.049850
0.132929
0.298795
0.072650
0.076761
0.363855
0.208753
0.107294
0.244245
0.333738
0.067367
0.087837
0.165768
0.086724
0.063611
0.332442
0.097492
0.328059
0.132350
0.290080
0.142207
0.074414
0.099031
0.095328
0.090537
0.119247
0.113208
0.078821
0.065845
0.274297
0.227060
0.078844
0.056757
0.135591
0.234807
0.061376
0.178713
0.097195
0.176308
0.345626
0.171531
0.157804
0.082735
0.201316
0.204312
0.092945
0.263031
0.170202
0.248032
0.098815
0.405802
0.244292
0.060980
0.231193
0.103039
0.109888
0.143922
0.092418
0.097857
0.147422
0.138476
0.103602
0.276941
0.152077
0.092176
0.064115
0.109771
0.094964
0.215695
0.115388
0.260527
0.322103
0.091830
0.409350
0.090072
0.098858
0.096090
0.129247
0.222847
0.196059
0.256684
0.109736
0.143597
0.195081
0.130276
0.321532
