0.635033
0.051992
0.477261
0.041629
0.244515
0.040061
0.059092
0.040030
0.126965
0.259692
0.062192
0.108934
0.055432
0.041405
0.087985
0.352449
0.146950
0.015052
0.229427
0.044994
0.073445
0.179729
0.536173
0.506685
0.038846
0.375237
0.657656
0.558400
0.216057
0.074925
0.093028
0.418816
0.509677
0.061384
0.038286
0.150652
0.147196
0.199576
0.104513
0.085126
0.157795
0.049415
0.114496
0.032688
0.220568
0.056412
0.634202
0.051562
0.279405
0.330330
0.057591
0.054281
0.395253
0.062659
0.264250
0.094958
0.025560
0.052362
0.252351
0.228823
0.545887
0.510445
0.238386
0.087497
0.023084
0.051717
0.068535
0.483207
0.035303
0.297074
0.189127
0.498354
0.142759
0.712741
0.499053
0.223851
0.041305
0.256841
0.094202
0.185539
0.049404
0.136901
0.039548
0.043013
0.016389
0.667943
0.540210
0.043908
0.247142
0.460850
0.100348
0.062172
0.499620
0.420025
0.070084
0.045890
0.089122
0.080615
0.109829
0.103327
