0.008144
0.005335
0.015843
0.014565
0.006812
0.012191
0.006933
0.014097
0.016061
0.012908
0.005213
0.016528
0.015757
0.016144
0.015182
0.008189
0.017167
0.013523
0.008075
0.014215
0.016950
0.016333
0.007897
0.006620
0.014501
0.014402
0.015402
0.007789
0.015370
0.015628
0.016364
0.004530
0.007471
0.007479
0.006708
0.016624
0.005091
0.015022
0.008364
0.007288
0.012742
0.005096
0.013423
0.015811
0.006920
0.013665
0.016715
0.012399
0.006171
0.005191
0.015867
0.005149
0.013677
0.014378
0.015694
0.016749
0.012974
0.015171
0.017324
0.014241
0.014554
0.015822
0.015578
0.007441
0.013545
0.014672
0.016101
0.015779
0.015697
0.006634
0.007266
0.007085
0.007605
0.012820
0.017018
0.016151
0.016009
0.017963
0.016565
0.015226
0.004760
0.012558
0.014351
0.005682
0.015960
0.015742
0.007551
0.007801
0.014383
0.007972
0.014789
0.004911
0.014057
0.015682
0.016648
0.016782
0.005919
0.016483
0.013928
0.014949
