0.036005
0.031219
0.032917
0.044348
0.042865
0.042689
0.036408
0.045240
0.047267
0.047824
0.041093
0.029346
0.030574
0.037786
0.028113
0.026807
0.042109
0.037529
0.054034
0.030975
0.036716
0.037721
0.046318
0.042794
0.037875
0.038853
0.030286
0.040301
0.041360
0.038895
0.047682
0.047827
0.033565
0.034471
0.032919
0.041260
0.039863
0.039260
0.043275
0.053859
0.049249
0.033274
0.025321
0.029334
0.044516
0.042033
0.046327
0.033136
0.044727
0.050771
0.042253
0.042835
0.029105
0.029298
0.038152
0.034257
0.035041
0.032419
0.040529
0.045065
0.044586
0.027783
0.037969
0.037911
0.045869
0.039042
0.031122
0.024644
0.035813
0.041306
0.039992
0.032773
0.034736
0.045069
0.044345
0.047849
0.032770
0.030749
0.026382
0.031931
0.049319
0.041907
0.043766
0.041797
0.029174
0.039066
0.041638
0.051450
0.040291
0.041054
0.038955
0.040637
0.032627
0.046609
0.044126
0.040551
0.043335
0.033934
0.025738
0.034890
