0.013025
0.012705
0.011911
0.013465
0.013689
0.003764
0.012870
0.002296
0.003343
0.004420
0.012523
0.012280
0.012365
0.003003
0.012485
0.011716
0.004257
0.012630
0.002539
0.011827
0.013938
0.012267
0.013539
0.011653
0.003991
0.012450
0.002573
0.013267
0.002339
0.013147
0.002292
0.002977
0.003305
0.012071
0.012275
0.012927
0.004198
0.011496
0.013451
0.013315
0.013022
0.011341
0.012387
0.002202
0.014034
0.003403
0.002714
0.013235
0.013395
0.013092
0.003118
0.002444
0.011375
0.012660
0.003543
0.004002
0.012256
0.012494
0.011982
0.012262
0.012937
0.013141
0.011936
0.003087
0.012693
0.003165
0.003374
0.012803
0.012627
0.012102
0.013093
0.012177
0.012645
0.003239
0.012253
0.003288
0.012236
0.002759
0.012480
0.012883
0.013667
0.002598
0.012646
0.003076
0.003725
0.013060
0.012616
0.012453
0.012553
0.012683
0.002795
0.002164
0.003438
0.002790
0.003753
0.001453
0.013254
0.003706
0.002773
0.003688
