0.057061
0.050560
0.050128
0.046704
0.053538
0.051736
0.049479
0.051928
0.043439
0.040768
0.050781
0.054021
0.055845
0.051727
0.051408
0.051973
0.055233
0.048777
0.053440
0.053367
0.051000
0.044721
0.049045
0.047024
0.055081
0.049911
0.053206
0.054331
0.044970
0.048084
0.047468
0.044325
0.044715
0.047769
0.045107
0.049360
0.050723
0.051810
0.050293
0.051008
0.047022
0.045397
0.049449
0.050644
0.049434
0.043890
0.048369
0.045819
0.042644
0.045307
0.049540
0.052512
0.052907
0.048765
0.054554
0.049824
0.049478
0.044774
0.053557
0.042813
0.052071
0.053902
0.050357
0.055350
0.043050
0.049641
0.054994
0.049043
0.047682
0.050128
0.052637
0.049884
0.054481
0.049466
0.041777
0.048733
0.049655
0.044349
0.051974
0.056923
0.054108
0.050285
0.043018
0.050272
0.043025
0.052249
0.048355
0.046948
0.055093
0.051957
0.044487
0.044770
0.051318
0.046102
0.052857
0.042788
0.053229
0.054879
0.051891
0.048808
