0.029316
0.025181
0.018037
0.025661
0.020199
0.008825
0.020553
0.015634
0.019308
0.016913
0.019113
0.026276
0.021252
0.017462
0.018143
0.028484
0.019096
0.011337
0.016511
0.018105
0.013130
0.013627
0.019279
0.025688
0.029143
0.014237
0.027737
0.028071
0.017114
0.028325
0.013938
0.022288
0.017968
0.029237
0.019419
0.018639
0.026585
0.019454
0.014926
0.020565
0.024583
0.025426
0.024716
0.027952
0.011280
0.009065
0.029174
0.024876
0.024849
0.024783
0.023315
0.025962
0.011886
0.026928
0.026763
0.026450
0.028203
0.012639
0.012513
0.012881
0.028182
0.022582
0.028214
0.013394
0.007539
0.026972
0.026545
0.026818
0.023266
0.026404
0.027461
0.014131
0.026503
0.009421
0.019975
0.025710
0.020558
0.022934
0.013967
0.027492
0.026437
0.017981
0.018609
0.027077
0.013703
0.028638
0.019485
0.015240
0.028223
0.020137
0.007719
0.024707
0.019476
0.018254
0.026659
0.011564
0.021078
0.011479
0.018796
0.010651
