0.012466
0.012709
0.012407
0.012959
0.012414
0.012102
0.013184
0.012578
0.012378
0.012448
0.012544
0.012685
0.012128
0.012731
0.012609
0.012546
0.012203
0.012945
0.012535
0.012443
0.013032
0.012320
0.012710
0.012828
0.012471
0.012068
0.012474
0.012533
0.012248
0.012480
0.012569
0.011616
0.013284
0.012494
0.013388
0.012716
0.012366
0.012547
0.012374
0.012523
0.012164
0.012423
0.013148
0.012447
0.012269
0.013235
0.012187
0.012632
0.012819
0.012963
0.012617
0.011929
0.012970
0.012648
0.011869
0.012327
0.012664
0.013513
0.012714
0.012365
0.012929
0.012366
0.012398
0.012330
0.012412
0.012690
0.012292
0.012475
0.010867
0.011633
0.012565
0.013163
0.012672
0.012434
0.012807
0.012890
0.012276
0.011670
0.012557
0.012869
0.011917
0.011914
0.012637
0.012543
0.012604
0.012443
0.012709
0.012708
0.012348
0.012344
0.013314
0.011804
0.013467
0.012335
0.012294
0.012659
0.011901
0.012662
0.012366
0.012303
