0.003733
0.004829
0.004188
0.003378
0.004191
0.006785
0.004194
0.003482
0.004165
0.003865
0.003720
0.004231
0.003449
0.003305
0.003472
0.003520
0.003927
0.003673
0.003705
0.005728
0.004163
0.003624
0.010749
0.003420
0.010793
0.004496
0.003480
0.004018
0.004551
0.008971
0.003766
0.004073
0.003514
0.002985
0.004270
0.004024
0.004632
0.004014
0.004025
0.004188
0.003161
0.003664
0.004887
0.004708
0.003937
0.003893
0.004574
0.003772
0.004745
0.003444
0.003964
0.003397
0.003883
0.003486
0.003729
0.003039
0.004071
0.004059
0.004308
0.003125
0.003764
0.003779
0.003604
0.003216
0.004058
0.004294
0.003116
0.004842
0.003929
0.004470
0.003814
0.003096
0.003301
0.003675
0.004941
0.003523
0.003217
0.004003
0.004114
0.003936
0.004105
0.003504
0.003727
0.003272
0.003544
0.004032
0.003673
0.003780
0.004237
0.005027
0.004313
0.005416
0.004198
0.004823
0.003913
0.004134
0.004404
0.004842
0.003480
0.002856
