0.034613
0.025307
0.013823
0.005361
0.023835
0.030409
0.036753
0.010271
0.021710
0.012992
0.014954
0.029719
0.040553
0.064519
0.010165
0.007460
0.009541
0.010631
0.014478
0.062676
0.042054
0.012400
0.040585
0.044426
0.026473
0.025833
0.007504
0.008471
0.022618
0.007033
0.043119
0.013536
0.007097
0.012956
0.009967
0.034543
0.041469
0.026704
0.016683
0.005912
0.014275
0.050943
0.042342
0.013547
0.024867
0.014981
0.048189
0.022858
0.008928
0.004527
0.021487
0.006432
0.013327
0.007663
0.043517
0.015423
0.010792
0.022835
0.007051
0.013398
0.006275
0.010737
0.053577
0.018679
0.022311
0.022958
0.020305
0.035902
0.018973
0.036141
0.013140
0.005300
0.007942
0.010410
0.031570
0.021645
0.022515
0.014495
0.019947
0.047207
0.040117
0.016593
0.006202
0.008729
0.006271
0.011043
0.012607
0.011834
0.007000
0.029699
0.010777
0.006853
0.070476
0.029342
0.038656
0.019293
0.017270
0.009584
0.040817
0.076437
