0.058519
0.051593
0.061942
0.051475
0.035874
0.032329
0.042250
0.055601
0.046545
0.045664
0.043266
0.064545
0.038034
0.039059
0.063621
0.053233
0.055998
0.051779
0.073589
0.056360
0.055144
0.040399
0.045189
0.042878
0.034490
0.029996
0.120691
0.049943
0.085539
0.075604
0.053842
0.044148
0.081809
0.069248
0.062609
0.049337
0.050358
0.044850
0.041987
0.085440
0.050719
0.052020
0.126869
0.060862
0.053576
0.049447
0.055213
0.058318
0.130320
0.083087
0.059515
0.072225
0.030382
0.083518
0.066686
0.055235
0.033271
0.038905
0.065484
0.116242
0.049458
0.073413
0.046827
0.054224
0.053927
0.033861
0.065879
0.050827
0.034680
0.043419
0.054449
0.049591
0.050312
0.037706
0.079299
0.057664
0.051460
0.100006
0.058033
0.055320
0.075428
0.043108
0.049362
0.072843
0.064301
0.033960
0.041286
0.039019
0.052691
0.045325
0.050841
0.056485
0.045820
0.044043
0.042733
0.031238
0.057287
0.048111
0.052592
0.117575
