0.012300
0.009279
0.147448
0.004089
0.006480
0.005191
0.247302
0.046236
0.005158
0.006086
0.104100
0.086326
0.074262
0.022866
0.061351
0.016123
0.152964
0.024581
0.025245
0.167609
0.011021
0.068823
0.067499
0.003798
0.006306
0.081453
0.016592
0.052183
0.032143
0.152556
0.038213
0.224970
0.015283
0.007092
0.117985
0.207098
0.011570
0.169401
0.034169
0.065684
0.078299
0.084149
0.181347
0.210139
0.107525
0.007570
0.174336
0.082871
0.007014
0.019222
0.081346
0.158580
0.100377
0.023945
0.040908
0.030495
0.032691
0.120759
0.010923
0.046463
0.029417
0.060672
0.093538
0.090161
0.033661
0.090971
0.026380
0.131584
0.027668
0.050452
0.090347
0.024213
0.217827
0.009476
0.290849
0.044869
0.298294
0.150467
0.220958
0.057903
0.177912
0.144794
0.084407
0.060819
0.039748
0.211002
0.055727
0.013611
0.070317
0.069394
0.009254
0.214986
0.016464
0.114060
0.081702
0.054192
0.082985
0.249048
0.097404
0.042406
