0.036302
0.037883
0.047239
0.032506
0.030016
0.029490
0.042776
0.033690
0.028388
0.041927
0.027946
0.043453
0.046510
0.055869
0.040858
0.038815
0.035180
0.036975
0.037352
0.033528
0.038050
0.053675
0.057302
0.029486
0.028234
0.036789
0.044062
0.028138
0.036475
0.043849
0.042003
0.036732
0.040196
0.039388
0.033292
0.050639
0.044421
0.036421
0.035479
0.034636
0.035880
0.031989
0.056615
0.048972
0.044399
0.052001
0.042044
0.028807
0.042234
0.031850
0.032635
0.047960
0.030763
0.070018
0.067832
0.036387
0.041960
0.045477
0.036303
0.029587
0.043372
0.053278
0.042612
0.033011
0.056919
0.036967
0.041665
0.035776
0.036888
0.040167
0.047100
0.043475
0.024985
0.033945
0.024908
0.029629
0.041839
0.051108
0.033554
0.044248
0.021685
0.040316
0.042054
0.031795
0.039736
0.050140
0.035559
0.093757
0.048550
0.045602
0.041264
0.040719
0.037399
0.027864
0.042091
0.044005
0.036008
0.023754
0.044628
0.036748
