0.104873
0.063724
0.084049
0.010105
0.022958
0.069197
0.563195
0.117793
0.196262
0.399131
0.415627
0.818243
0.020982
0.053947
0.588606
0.319141
0.204583
0.520291
0.074208
0.065111
0.034368
0.107567
0.260067
0.225054
0.106404
0.065782
0.017758
0.407744
0.026652
0.741290
0.814612
0.342194
0.777901
0.140573
0.564164
0.303200
0.377174
0.627741
0.089271
0.134553
0.186705
0.665542
0.619392
0.849120
0.106021
0.090912
0.102167
0.021725
0.719694
0.047459
0.008697
0.018679
0.332526
0.336982
0.584840
0.044355
0.074214
0.057675
0.050883
0.349739
0.043218
0.113130
0.522335
0.607565
0.264778
0.050829
0.015725
0.687387
0.153802
0.045804
0.046274
0.684990
0.663256
0.063946
0.346193
0.061347
0.343503
0.411627
0.377108
0.057478
0.048307
0.023522
0.037552
0.352409
0.302560
0.227400
0.069270
0.850823
0.624804
0.036901
0.576313
0.028287
0.614232
0.513370
0.503057
0.015350
0.022406
0.163229
0.144556
0.022506
