0.354739
0.086131
0.050264
0.037586
0.064478
0.615544
0.407511
0.171851
0.066398
0.139419
0.129246
0.030178
0.278063
0.164795
0.052444
0.523004
0.110676
0.182970
0.332140
0.044996
0.499124
0.064219
0.258164
0.181631
0.064656
0.377242
0.232470
0.215120
0.497052
0.046869
0.502985
0.378230
0.064591
0.044195
0.053304
0.264830
0.047617
0.052604
0.091687
0.295445
0.149715
0.373663
0.179161
0.639759
0.444054
0.261904
0.198735
0.046914
0.069243
0.163797
0.610955
0.580473
0.222144
0.136194
0.089067
0.046451
0.164182
0.085163
0.071818
0.144183
0.328095
0.316535
0.380671
0.555507
0.624392
0.049962
0.056800
0.512321
0.093636
0.049360
0.057417
0.057507
0.547457
0.554733
0.065080
0.073889
0.300857
0.064887
0.328642
0.212024
0.370515
0.267374
0.388910
0.068486
0.217013
0.050030
0.083534
0.474518
0.388566
0.490466
0.325453
0.205211
0.117871
0.370963
0.367926
0.529629
0.370812
0.063321
0.521585
0.298366
