0.113750
0.217749
0.425273
0.034420
0.079048
0.175957
0.047323
0.357875
0.082124
0.093679
0.234794
0.035175
0.051469
0.050334
0.474518
0.094974
0.276680
0.414924
0.103499
0.571251
0.700555
0.144321
0.317078
0.278648
0.156079
0.185903
0.594952
0.531815
0.760210
0.023683
0.030366
0.340315
0.753100
0.262651
0.475543
0.589921
0.392656
0.063206
0.215164
0.288152
0.246154
0.747141
0.050545
0.872537
0.701949
0.363688
0.259560
0.022949
0.085863
0.175802
0.031122
0.717687
0.465991
0.125984
0.021666
0.367776
0.224360
0.639207
0.335050
0.167784
0.570284
0.721536
0.079142
0.082832
0.078205
0.678778
0.021526
0.544096
0.349701
0.491126
0.641478
0.115871
0.734778
0.852128
0.744041
0.058766
0.263332
0.151729
0.270725
0.188928
0.070160
0.052694
0.605533
0.175980
0.405757
0.066556
0.152019
0.071275
0.059552
0.056553
0.579195
0.382357
0.369327
0.086640
0.194517
0.620718
0.441909
0.609539
0.768547
0.803536
