0.236809
0.156989
0.133310
0.118586
0.077531
0.061599
0.104895
0.099354
0.096477
0.128940
0.053847
0.132033
0.077410
0.067305
0.122827
0.149708
0.085984
0.125926
0.084323
0.217915
0.142494
0.053026
0.081634
0.092264
0.062597
0.064526
0.160819
0.201714
0.265916
0.284437
0.302166
0.115422
0.191565
0.171697
0.234167
0.181052
0.057042
0.055732
0.061556
0.120349
0.096032
0.060212
0.116190
0.307056
0.248217
0.135308
0.246985
0.174136
0.143576
0.061284
0.198819
0.316098
0.070234
0.083947
0.067555
0.074526
0.102017
0.078443
0.106471
0.088850
0.191595
0.053945
0.105628
0.142690
0.217411
0.201919
0.137520
0.227594
0.118295
0.184606
0.205479
0.109119
0.100821
0.128121
0.060137
0.253980
0.158474
0.105552
0.088962
0.105210
0.259504
0.315431
0.071146
0.221993
0.069664
0.186855
0.153590
0.074223
0.155600
0.231976
0.202134
0.214057
0.055816
0.075765
0.083782
0.250398
0.245861
0.264917
0.066453
0.079469
