0.311980
0.063844
0.314489
0.619361
0.264763
0.075026
0.483345
0.092301
0.248320
0.279121
0.043310
0.381664
0.060664
0.069774
0.257829
0.091030
0.217176
0.368740
0.392364
0.047849
0.025544
0.043234
0.487948
0.140220
0.327384
0.058988
0.572543
0.099087
0.044535
0.035292
0.028068
0.526673
0.669286
0.352453
0.109661
0.550962
0.076328
0.047232
0.348611
0.205164
0.113319
0.628070
0.153240
0.703315
0.185994
0.022672
0.451611
0.060956
0.046983
0.131700
0.034507
0.035898
0.115815
0.169653
0.507764
0.385931
0.147693
0.158778
0.121762
0.146445
0.447052
0.465770
0.081950
0.560973
0.042006
0.697453
0.542688
0.521914
0.110755
0.056447
0.023525
0.053788
0.025206
0.046881
0.564910
0.337271
0.344161
0.426427
0.450107
0.113801
0.072630
0.044789
0.042207
0.036244
0.380001
0.074786
0.271067
0.317369
0.512673
0.030851
0.041074
0.090894
0.521066
0.403200
0.518562
0.033895
0.354925
0.032844
0.570029
0.171933
