0.007495
0.009579
0.008715
0.010367
0.008240
0.002266
0.009043
0.008150
0.005799
0.005778
0.008690
0.005408
0.002294
0.011440
0.003130
0.002391
0.002539
0.003273
0.010010
0.003167
0.004678
0.004292
0.005614
0.007172
0.004599
0.004664
0.004724
0.002803
0.007067
0.006989
0.002266
0.009103
0.005498
0.002116
0.005646
0.002514
0.004860
0.005673
0.010729
0.006602
0.007261
0.003222
0.008653
0.001626
0.001625
0.008781
0.015922
0.008656
0.003135
0.010541
0.009114
0.004654
0.006813
0.003001
0.004985
0.009125
0.006208
0.001626
0.003624
0.006023
0.007562
0.002290
0.003574
0.011987
0.007008
0.002453
0.003645
0.007969
0.009950
0.003602
0.013142
0.001632
0.002493
0.005518
0.013679
0.008058
0.001245
0.006703
0.003141
0.001154
0.004122
0.001212
0.005558
0.007154
0.002530
0.002250
0.004202
0.011202
0.001567
0.004207
0.003420
0.007444
0.010007
0.012649
0.003081
0.006865
0.011331
0.008429
0.004307
0.005297
