0.001692
0.001454
0.001485
0.001230
0.001639
0.001666
0.001601
0.001462
0.001495
0.001825
0.001394
0.001381
0.001356
0.001523
0.001556
0.001478
0.001483
0.001598
0.001648
0.001627
0.001928
0.001761
0.001465
0.001658
0.001553
0.002100
0.001771
0.001481
0.001625
0.001508
0.001718
0.002305
0.001862
0.001669
0.001537
0.001808
0.001484
0.002013
0.001436
0.001569
0.001513
0.001435
0.001358
0.001283
0.001599
0.001781
0.001694
0.001852
0.001456
0.001852
0.001553
0.001561
0.001537
0.001564
0.001573
0.001786
0.001519
0.001564
0.001409
0.001621
0.001442
0.001692
0.001585
0.001340
0.001357
0.001281
0.001368
0.001536
0.001833
0.001624
0.001784
0.001565
0.002149
0.001680
0.001615
0.001609
0.001777
0.001630
0.001333
0.001787
0.001431
0.001509
0.001574
0.001329
0.001799
0.001332
0.001668
0.001303
0.001908
0.002337
0.001650
0.001268
0.001760
0.001473
0.001405
0.001506
0.001623
0.001289
0.001349
0.001819
