0.018476
0.045425
0.023622
0.070784
0.032251
0.040108
0.020629
0.082067
0.056653
0.032919
0.053151
0.026677
0.015255
0.083823
0.028977
0.017418
0.071862
0.008827
0.029870
0.039670
0.036072
0.028682
0.032347
0.014517
0.009885
0.036457
0.024168
0.230205
0.010352
0.162877
0.032690
0.033053
0.045847
0.053124
0.030151
0.030128
0.015262
0.060613
0.009225
0.022370
0.060198
0.095547
0.079207
0.008774
0.025322
0.008481
0.035383
0.008209
0.022333
0.030745
0.049239
0.060582
0.041896
0.016519
0.223527
0.012825
0.067674
0.010602
0.024359
0.056907
0.040479
0.010075
0.010650
0.128584
0.021236
0.055048
0.023043
0.021414
0.077451
0.021785
0.024904
0.011487
0.027128
0.024438
0.043314
0.011715
0.024703
0.026427
0.045647
0.023514
0.037283
0.008853
0.046569
0.048630
0.006688
0.073307
0.037988
0.038307
0.027555
0.096555
0.005846
0.016962
0.025172
0.047481
0.015725
0.104595
0.028429
0.011050
0.010181
0.025286
