0.058238
0.071805
0.041632
0.049192
0.129358
0.063393
0.049229
0.041339
0.052205
0.047242
0.077097
0.057903
0.048138
0.091439
0.083752
0.064811
0.046632
0.050730
0.062142
0.039113
0.065011
0.062312
0.051160
0.081957
0.055558
0.064788
0.077163
0.064478
0.050398
0.065714
0.086618
0.067768
0.075714
0.060560
0.064924
0.051559
0.058651
0.096113
0.189946
0.066872
0.082557
0.046548
0.064188
0.071894
0.066717
0.051019
0.063851
0.078149
0.063546
0.048998
0.058284
0.085375
0.055718
0.047792
0.049198
0.058132
0.044869
0.061139
0.063460
0.060094
0.045399
0.059826
0.136782
0.074816
0.243273
0.044479
0.093028
0.050443
0.049272
0.053059
0.067650
0.072303
0.047179
0.045824
0.045212
0.101166
0.053777
0.061553
0.137464
0.107940
0.084234
0.058940
0.063177
0.093133
0.057600
0.084589
0.073303
0.044397
0.040913
0.051886
0.107981
0.055280
0.069434
0.067725
0.045866
0.065162
0.080001
0.094436
0.137474
0.056741
