0.070320
0.101880
0.109125
0.110449
0.030171
0.100952
0.083371
0.023936
0.073526
0.071756
0.169973
0.020129
0.064468
0.153806
0.187901
0.027625
0.051770
0.031381
0.126065
0.141160
0.109788
0.099550
0.306089
0.230740
0.238400
0.077466
0.281791
0.035731
0.080519
0.027995
0.207857
0.083119
0.118507
0.106224
0.053875
0.086731
0.086383
0.037528
0.482431
0.079835
0.051093
0.321353
0.116920
0.089976
0.030046
0.107814
0.034206
0.236851
0.093131
0.025077
0.055229
0.332611
0.299459
0.182091
0.024662
0.006311
0.021763
0.142242
0.052007
0.037678
0.044288
0.112945
0.050102
0.071019
0.473279
0.038711
0.028035
0.121641
0.049194
0.023111
0.112144
0.054616
0.023815
0.107907
0.213222
0.053481
0.129490
0.161917
0.041482
0.173597
0.017734
0.026025
0.026798
0.070743
0.113420
0.034202
0.267316
0.124988
0.034666
0.082891
0.184310
0.126725
0.030943
0.111565
0.097121
0.144067
0.048302
0.108573
0.223086
0.082717
