0.063004
0.039852
0.062799
0.044772
0.046228
0.042518
0.043027
0.044163
0.048960
0.038884
0.045795
0.041969
0.038044
0.033245
0.039576
0.049057
0.044983
0.041500
0.042026
0.049237
0.037430
0.049921
0.039284
0.061443
0.048624
0.049996
0.049449
0.052723
0.035935
0.065763
0.057585
0.050553
0.049428
0.039317
0.060374
0.042632
0.065666
0.038227
0.044575
0.049473
0.050647
0.036375
0.041773
0.037394
0.044642
0.028557
0.045900
0.032995
0.054019
0.029390
0.043908
0.039522
0.042460
0.037368
0.047872
0.057238
0.053186
0.034445
0.069161
0.047076
0.048723
0.046338
0.034552
0.040982
0.032860
0.041899
0.050749
0.042252
0.062728
0.044367
0.044378
0.059111
0.054418
0.046254
0.084550
0.034950
0.054681
0.049923
0.055882
0.036093
0.066016
0.044148
0.045553
0.063718
0.068599
0.041009
0.061910
0.047921
0.050340
0.046488
0.030176
0.032426
0.033159
0.056692
0.064357
0.066638
0.041384
0.046968
0.026141
0.054410
