0.035525
0.107022
0.076280
0.030608
0.031536
0.028968
0.045037
0.041334
0.040496
0.033213
0.058889
0.041717
0.041108
0.028178
0.085264
0.055102
0.031100
0.029364
0.033399
0.046109
0.124151
0.135454
0.146993
0.059383
0.354255
0.034565
0.096190
0.058947
0.037716
0.114272
0.200223
0.071176
0.094437
0.030125
0.098534
0.071142
0.053048
0.062735
0.162053
0.045591
0.035197
0.082411
0.065201
0.038124
0.046913
0.059166
0.081014
0.154228
0.036568
0.069183
0.037383
0.153330
0.111316
0.037197
0.029594
0.031161
0.043119
0.148296
0.083867
0.032601
0.121472
0.042881
0.091021
0.023866
0.200344
0.059418
0.063513
0.061448
0.070220
0.032902
0.055382
0.035323
0.030425
0.032299
0.059173
0.083079
0.031701
0.054348
0.070968
0.056838
0.054186
0.060067
0.073524
0.033396
0.073095
0.062052
0.332084
0.051367
0.045089
0.034054
0.033127
0.047948
0.027357
0.067212
0.031266
0.049992
0.049237
0.042831
0.046938
0.075566
