0.012072
0.019001
0.037098
0.083502
0.029934
0.122203
0.011992
0.094600
0.244563
0.048323
0.065490
0.055951
0.154921
0.058108
0.058500
0.058149
0.102358
0.033083
0.013678
0.057611
0.173256
0.184655
0.035784
0.011509
0.033675
0.033255
0.049674
0.025908
0.016381
0.047065
0.204238
0.012217
0.010404
0.029415
0.013866
0.017487
0.010877
0.062952
0.065326
0.064337
0.074423
0.021179
0.044245
0.090878
0.022902
0.084009
0.126426
0.061695
0.035030
0.014105
0.047281
0.011376
0.031992
0.028199
0.099544
0.230642
0.043699
0.035610
0.171191
0.043994
0.029778
0.095324
0.090908
0.015536
0.040623
0.040710
0.094284
0.091596
0.075616
0.018618
0.028216
0.020255
0.014085
0.051832
0.207700
0.081976
0.109113
0.075509
0.330296
0.041341
0.007831
0.042920
0.017269
0.051287
0.189115
0.024720
0.070017
0.010255
0.080735
0.012579
0.050383
0.024658
0.042172
0.068955
0.087589
0.092506
0.032199
0.041609
0.034007
0.045278
