0.081833
0.097864
0.051786
0.053661
0.054230
0.050557
0.055588
0.054988
0.064633
0.049193
0.051126
0.089082
0.059674
0.060250
0.127026
0.059501
0.197034
0.064301
0.098838
0.076974
0.040035
0.051597
0.050613
0.273364
0.050960
0.053038
0.040656
0.046861
0.094438
0.060310
0.090045
0.100837
0.057029
0.050849
0.181944
0.065700
0.070397
0.057382
0.079696
0.060883
0.045497
0.060178
0.069377
0.081532
0.069793
0.066506
0.103709
0.043071
0.040226
0.065329
0.094218
0.069005
0.095389
0.088399
0.068421
0.059513
0.119573
0.055304
0.134109
0.058217
0.104786
0.071241
0.057975
0.067481
0.042118
0.057280
0.048042
0.087966
0.051502
0.041493
0.137158
0.082274
0.039254
0.063515
0.060420
0.101809
0.081798
0.065051
0.073804
0.047693
0.095958
0.065524
0.201594
0.061469
0.075643
0.160862
0.047697
0.063008
0.045875
0.042888
0.052358
0.093112
0.097212
0.045731
0.070052
0.052020
0.047256
0.055241
0.129179
0.045614
