0.065073
0.094667
0.161819
0.172239
0.086305
0.037053
0.166941
0.037192
0.032233
0.026220
0.123946
0.065397
0.143857
0.018894
0.171715
0.109737
0.039208
0.289439
0.232529
0.059434
0.050638
0.094134
0.077387
0.268095
0.063482
0.125641
0.328692
0.335151
0.091749
0.080820
0.045713
0.314676
0.181529
0.047932
0.278825
0.169938
0.029547
0.187241
0.081108
0.065018
0.173615
0.158642
0.103483
0.101677
0.115266
0.059104
0.056286
0.096176
0.069652
0.287676
0.066530
0.131209
0.365364
0.087042
0.085622
0.035233
0.117551
0.151065
0.175083
0.092580
0.148277
0.135171
0.114524
0.301787
0.089019
0.210209
0.032805
0.224947
0.167893
0.072944
0.098468
0.253197
0.089403
0.131927
0.078294
0.026390
0.167840
0.040953
0.073391
0.123249
0.087475
0.230589
0.150125
0.193517
0.041069
0.106341
0.068737
0.119961
0.130490
0.078349
0.159511
0.029698
0.027814
0.234541
0.023941
0.092504
0.096471
0.048096
0.039530
0.029884
