0.049564
0.052135
0.068850
0.045078
0.049196
0.074453
0.050911
0.056537
0.072991
0.076502
0.048587
0.052410
0.070409
0.055819
0.040911
0.107816
0.066215
0.068012
0.050231
0.111880
0.048001
0.096306
0.054947
0.086163
0.049438
0.083233
0.047991
0.054293
0.050176
0.046080
0.040317
0.051492
0.067290
0.045778
0.079292
0.050918
0.047289
0.041595
0.034941
0.044165
0.052791
0.070047
0.055037
0.047414
0.038345
0.044724
0.046264
0.063820
0.039332
0.063588
0.053760
0.048786
0.076082
0.058184
0.072072
0.067125
0.066869
0.045663
0.065007
0.039859
0.050128
0.094049
0.040082
0.091166
0.038749
0.049638
0.074656
0.041395
0.035094
0.057818
0.041692
0.042596
0.047707
0.092702
0.064812
0.042556
0.081731
0.047813
0.048646
0.042730
0.043091
0.044307
0.057268
0.060309
0.061559
0.041440
0.122947
0.041405
0.068083
0.057760
0.053766
0.036582
0.058704
0.052201
0.042803
0.042841
0.051945
0.062256
0.036673
0.067229
