0.103147
0.150026
0.048273
0.150025
0.026836
0.084892
0.031073
0.044032
0.030025
0.039007
0.049452
0.112088
0.048782
0.048028
0.040195
0.058181
0.069580
0.059880
0.124584
0.114722
0.056954
0.074231
0.056943
0.124594
0.045212
0.144987
0.319256
0.272819
0.064062
0.124912
0.102245
0.217909
0.105435
0.096044
0.039576
0.039769
0.063326
0.096387
0.040573
0.025527
0.058093
0.071059
0.076755
0.053437
0.061467
0.081248
0.088594
0.091127
0.129609
0.343448
0.061130
0.144723
0.049048
0.083057
0.095825
0.046895
0.056199
0.043355
0.103358
0.066059
0.120772
0.028914
0.063173
0.062863
0.079504
0.176229
0.052492
0.138576
0.148465
0.075907
0.099628
0.029306
0.080165
0.047218
0.071045
0.054633
0.060544
0.149080
0.138463
0.073984
0.063993
0.067768
0.072090
0.223091
0.021970
0.110951
0.060004
0.050237
0.142940
0.029959
0.150019
0.083226
0.032443
0.091028
0.084754
0.091795
0.076804
0.077575
0.049782
0.095535
