0.012870
0.012847
0.014991
0.028271
0.013674
0.011044
0.012380
0.012484
0.012422
0.012249
0.011235
0.012050
0.011923
0.013750
0.010998
0.018786
0.013006
0.013220
0.012934
0.012572
0.011958
0.012897
0.013850
0.014066
0.012672
0.012293
0.013433
0.012408
0.011118
0.013066
0.012450
0.013031
0.011696
0.020210
0.011952
0.012026
0.012261
0.012181
0.011729
0.011269
0.012255
0.012466
0.013553
0.011932
0.013452
0.010240
0.015401
0.012592
0.013397
0.010652
0.015309
0.012322
0.012749
0.013459
0.012319
0.011185
0.025464
0.014221
0.012265
0.013385
0.012073
0.011592
0.013378
0.010906
0.012358
0.014109
0.013637
0.012618
0.011873
0.011486
0.012382
0.013144
0.012579
0.012518
0.011578
0.010309
0.012333
0.012775
0.014642
0.012412
0.012811
0.011388
0.012447
0.011875
0.013095
0.012961
0.011361
0.044662
0.012860
0.011846
0.012291
0.011345
0.012400
0.012392
0.028225
0.018918
0.047816
0.012518
0.013021
0.025670
