0.028524
0.032664
0.038987
0.033828
0.041011
0.029598
0.031150
0.042163
0.032569
0.034583
0.034272
0.037210
0.035092
0.031119
0.033264
0.034242
0.044124
0.031428
0.028454
0.031510
0.031995
0.030463
0.041617
0.031394
0.031790
0.036468
0.031382
0.033778
0.046967
0.027752
0.030886
0.029447
0.030992
0.029759
0.030385
0.033423
0.031458
0.035088
0.031615
0.030770
0.037508
0.031654
0.031424
0.040377
0.049887
0.027336
0.035690
0.038352
0.032685
0.036141
0.031927
0.031375
0.034809
0.032997
0.030625
0.039114
0.027733
0.041148
0.032930
0.032870
0.029886
0.030704
0.030368
0.037278
0.036588
0.032621
0.030706
0.036937
0.034149
0.027684
0.032496
0.031206
0.031954
0.036761
0.033889
0.031193
0.033045
0.039991
0.031169
0.037298
0.032813
0.034736
0.029623
0.032188
0.034135
0.032655
0.029125
0.030846
0.031472
0.034485
0.035032
0.033278
0.032677
0.031952
0.037002
0.032774
0.032487
0.035761
0.034666
0.035433
