0.010251
0.009398
0.010428
0.009628
0.009289
0.009405
0.009662
0.009294
0.010301
0.005890
0.009159
0.009058
0.009615
0.009507
0.010503
0.009724
0.009037
0.009664
0.009069
0.009561
0.009728
0.009396
0.009598
0.009133
0.009428
0.009095
0.010018
0.009322
0.009085
0.009093
0.009793
0.009223
0.009428
0.010461
0.009627
0.010323
0.008969
0.009053
0.009286
0.009237
0.010001
0.011914
0.009457
0.009145
0.009290
0.009015
0.009652
0.009655
0.009391
0.008878
0.009430
0.009367
0.008944
0.009526
0.010278
0.009747
0.013280
0.009172
0.009220
0.009926
0.010126
0.008550
0.009559
0.009127
0.008719
0.009582
0.008975
0.009556
0.009084
0.009076
0.009302
0.009215
0.009011
0.009903
0.008606
0.009367
0.009217
0.005074
0.010206
0.009306
0.008999
0.010983
0.009661
0.009979
0.010094
0.010141
0.009750
0.009590
0.009538
0.010034
0.009746
0.009559
0.009314
0.009872
0.009044
0.009555
0.009045
0.009620
0.009869
0.009523
