0.036674
0.047413
0.057134
0.052573
0.044736
0.045247
0.039441
0.048296
0.043461
0.038651
0.054738
0.051727
0.037596
0.042772
0.056209
0.069804
0.052204
0.043593
0.043570
0.051309
0.050094
0.056023
0.044887
0.043909
0.038762
0.049866
0.050491
0.055229
0.057215
0.038503
0.049099
0.043331
0.038771
0.049284
0.035852
0.063064
0.046883
0.041907
0.044530
0.049721
0.046963
0.049065
0.047901
0.048204
0.048659
0.046080
0.056335
0.040573
0.040501
0.039647
0.054231
0.052354
0.044654
0.048676
0.055380
0.053903
0.036099
0.061844
0.038754
0.050919
0.049617
0.041367
0.048390
0.089293
0.037577
0.042854
0.049364
0.053642
0.042207
0.093794
0.048489
0.048557
0.047128
0.056583
0.050657
0.049880
0.046005
0.046366
0.053705
0.036940
0.040667
0.056984
0.053417
0.035942
0.049395
0.041260
0.041997
0.052502
0.048595
0.058333
0.058614
0.047112
0.048989
0.041902
0.042687
0.057682
0.044610
0.045210
0.053381
0.055020
