0.017751
0.021531
0.021973
0.049023
0.028383
0.020163
0.023681
0.022302
0.017788
0.019865
0.025101
0.020747
0.022468
0.020604
0.022903
0.020978
0.023014
0.020362
0.053037
0.020577
0.022399
0.023762
0.021238
0.022925
0.017073
0.020683
0.016791
0.021258
0.020367
0.023293
0.021416
0.021017
0.021831
0.022571
0.019289
0.020133
0.020177
0.024470
0.019202
0.022319
0.052001
0.023969
0.020347
0.024653
0.022828
0.021792
0.021067
0.026522
0.022017
0.055089
0.029884
0.024144
0.058173
0.022787
0.021009
0.021586
0.019690
0.039348
0.017684
0.022456
0.023161
0.022085
0.020490
0.020872
0.017120
0.024809
0.022082
0.020656
0.023840
0.041475
0.023779
0.021317
0.025918
0.022287
0.030911
0.022943
0.021382
0.020513
0.021153
0.021867
0.020986
0.021767
0.022584
0.019879
0.025582
0.036937
0.054859
0.024896
0.017467
0.021892
0.021315
0.022586
0.021103
0.022424
0.020639
0.027382
0.022742
0.020842
0.023203
0.024529
