0.042752
0.507196
0.027677
0.158929
0.434780
0.117881
0.212116
0.028807
0.144176
0.503147
0.288952
0.285292
0.600866
0.072251
0.196828
0.321082
0.055372
0.326224
0.047517
0.550861
0.035879
0.586502
0.079748
0.631199
0.024493
0.148491
0.186786
0.081494
0.187784
0.198131
0.034538
0.121163
0.282696
0.124933
0.088864
0.347938
0.140212
0.505660
0.264026
0.031465
0.078676
0.052759
0.737577
0.043047
0.093777
0.325311
0.265392
0.105311
0.041521
0.161015
0.250042
0.235930
0.696194
0.134663
0.603346
0.174152
0.628470
0.215383
0.111847
0.410697
0.374119
0.321734
0.177022
0.408817
0.096198
0.246702
0.451928
0.279015
0.274119
0.050508
0.079793
0.261315
0.168746
0.670653
0.273343
0.267878
0.111203
0.643822
0.167127
0.519736
0.050142
0.520851
0.224309
0.312127
0.495869
0.184075
0.399932
0.318172
0.464844
0.139460
0.428136
0.072152
0.356540
0.230994
0.145795
0.176128
0.049416
0.086932
0.247423
0.205917
