0.650027
0.481934
0.425489
0.173890
0.199416
0.159350
0.383967
0.667826
0.349898
0.491920
0.028708
0.136868
0.140551
0.732184
0.045866
0.117397
0.736614
0.227060
0.086737
0.649459
0.598524
0.140894
0.588069
0.327679
0.681721
0.261319
0.212233
0.570548
0.403361
0.398208
0.731159
0.338773
0.204266
0.049553
0.432161
0.055429
0.620333
0.139011
0.336939
0.731313
0.430843
0.091899
0.039626
0.666665
0.090678
0.127694
0.144411
0.714785
0.033580
0.104572
0.277405
0.296612
0.649292
0.599002
0.570546
0.646532
0.047851
0.225722
0.395073
0.575114
0.327700
0.067509
0.312227
0.139390
0.582135
0.371364
0.413167
0.076037
0.339076
0.571546
0.085868
0.286873
0.361230
0.298898
0.113978
0.158000
0.587947
0.552933
0.087961
0.581820
0.620283
0.260088
0.222673
0.118225
0.450779
0.185705
0.391165
0.205852
0.085455
0.429069
0.468928
0.116552
0.542497
0.306967
0.124658
0.254657
0.213653
0.113703
0.466935
0.090120
