0.155351
0.188874
0.161311
0.118575
0.049581
0.115417
0.139854
0.243410
0.174866
0.245977
0.269676
0.071129
0.089630
0.289227
0.090808
0.095043
0.212531
0.149403
0.149419
0.190825
0.139883
0.149664
0.196216
0.059716
0.167219
0.079659
0.081424
0.082792
0.172333
0.074321
0.278015
0.067836
0.199781
0.072842
0.076176
0.128571
0.120827
0.084755
0.084681
0.079548
0.092328
0.128916
0.073510
0.143704
0.151121
0.165504
0.176646
0.298096
0.067150
0.107373
0.059772
0.083400
0.103250
0.176509
0.106098
0.118875
0.144965
0.108117
0.301161
0.068707
0.116103
0.095633
0.162299
0.086038
0.078152
0.237617
0.221777
0.105023
0.105893
0.140904
0.164756
0.080263
0.227238
0.084484
0.126892
0.089368
0.195047
0.141613
0.143845
0.093815
0.207934
0.094218
0.121210
0.062987
0.069553
0.102785
0.087526
0.236809
0.078370
0.126697
0.077660
0.156519
0.095625
0.162974
0.082185
0.142032
0.080615
0.184752
0.144002
0.085241
