0.039241
0.069842
0.155289
0.300805
0.209143
0.225008
0.213310
0.050363
0.429406
0.055850
0.061581
0.251316
0.123840
0.058866
0.246071
0.365140
0.042999
0.101674
0.036120
0.269310
0.031511
0.206352
0.059150
0.432249
0.567769
0.051131
0.085851
0.177902
0.141587
0.184880
0.048689
0.123243
0.618688
0.155440
0.079886
0.099841
0.181923
0.364838
0.138723
0.578866
0.360002
0.041410
0.037986
0.065551
0.060443
0.192179
0.083762
0.052683
0.536251
0.065083
0.195842
0.238643
0.498183
0.063877
0.530803
0.227835
0.040290
0.105410
0.043376
0.144865
0.457013
0.043807
0.074712
0.046151
0.130477
0.213526
0.069717
0.060971
0.318433
0.109344
0.095233
0.207471
0.345734
0.067928
0.497971
0.071996
0.192277
0.438234
0.421447
0.035294
0.118862
0.048195
0.070185
0.054251
0.026070
0.201883
0.385541
0.089543
0.111814
0.060438
0.033632
0.158224
0.323698
0.058571
0.221283
0.100184
0.307583
0.409294
0.408423
0.069354
