0.012524
0.011961
0.011839
0.013526
0.011008
0.012592
0.012315
0.012190
0.009518
0.012357
0.013824
0.011152
0.010642
0.013613
0.012893
0.013706
0.011332
0.012978
0.014595
0.011961
0.010557
0.011892
0.012079
0.013538
0.013031
0.014461
0.011662
0.012302
0.011392
0.013932
0.012692
0.013544
0.011277
0.011829
0.013178
0.013576
0.012227
0.013456
0.012717
0.013155
0.012280
0.011760
0.011977
0.012951
0.011014
0.011921
0.012162
0.011834
0.012132
0.014451
0.012380
0.011795
0.013670
0.013254
0.014549
0.010578
0.012119
0.013163
0.013059
0.011816
0.013313
0.012771
0.012672
0.012012
0.013179
0.013011
0.011466
0.009379
0.012323
0.010914
0.013867
0.011902
0.010390
0.012499
0.013904
0.012508
0.011566
0.011145
0.011180
0.012939
0.012775
0.012029
0.012279
0.013217
0.010492
0.011774
0.012611
0.011862
0.011751
0.012971
0.010741
0.012477
0.012640
0.013832
0.012710
0.012884
0.014160
0.011263
0.014845
0.012999
