0.001816
0.001820
0.001903
0.002052
0.001886
0.001885
0.001829
0.001828
0.001748
0.002145
0.002113
0.001549
0.002057
0.001958
0.002057
0.001973
0.001813
0.001811
0.001856
0.001970
0.001859
0.002017
0.001967
0.001834
0.002153
0.001816
0.001950
0.001871
0.001955
0.001963
0.001712
0.001906
0.001668
0.001943
0.001790
0.001791
0.001823
0.001942
0.001892
0.001722
0.001820
0.001782
0.001925
0.001832
0.001812
0.001826
0.001895
0.001680
0.001975
0.001792
0.002050
0.001935
0.001980
0.001804
0.001950
0.001746
0.001827
0.001899
0.001862
0.001782
0.001719
0.001951
0.001924
0.001901
0.001888
0.001855
0.001898
0.001745
0.002064
0.001904
0.001723
0.001857
0.001607
0.001709
0.001954
0.001819
0.001944
0.001767
0.002019
0.001923
0.001646
0.001812
0.001833
0.001995
0.001862
0.001674
0.001895
0.001684
0.001937
0.001770
0.001763
0.001802
0.001910
0.001791
0.001814
0.002073
0.001999
0.001977
0.001658
0.001864
