0.013740
0.015382
0.026554
0.017125
0.012973
0.016798
0.014560
0.018067
0.016225
0.013727
0.013803
0.015846
0.018309
0.017747
0.018978
0.018946
0.016396
0.016838
0.017696
0.016375
0.017898
0.019738
0.018216
0.019111
0.020433
0.018396
0.012817
0.019190
0.025262
0.019267
0.016077
0.015569
0.015937
0.016949
0.015721
0.014062
0.017968
0.014274
0.015983
0.015084
0.017333
0.019050
0.014648
0.018169
0.018060
0.016941
0.017983
0.016370
0.019304
0.019611
0.018677
0.019281
0.022519
0.019745
0.019026
0.017022
0.017867
0.020173
0.017553
0.017772
0.020471
0.017001
0.018998
0.014970
0.016085
0.016067
0.016696
0.014552
0.017860
0.016667
0.018423
0.017045
0.018179
0.017458
0.013988
0.018602
0.014805
0.013304
0.020871
0.014532
0.016316
0.012368
0.016073
0.018840
0.014298
0.017693
0.017600
0.018632
0.019818
0.020810
0.013228
0.016409
0.017562
0.018752
0.015406
0.013235
0.015776
0.016392
0.018288
0.014509
