0.040750
0.036939
0.039508
0.045304
0.035295
0.041393
0.039603
0.039558
0.034869
0.036861
0.042811
0.033415
0.049109
0.037052
0.041857
0.040539
0.040221
0.037886
0.035416
0.037473
0.034927
0.038829
0.041819
0.038462
0.046948
0.035239
0.038804
0.041821
0.040833
0.044556
0.038311
0.036645
0.034152
0.045416
0.036252
0.045208
0.034745
0.031494
0.037069
0.035706
0.042836
0.037973
0.038013
0.031838
0.043115
0.042357
0.031699
0.034178
0.044412
0.037982
0.037814
0.039313
0.037829
0.035530
0.043114
0.035292
0.032154
0.033442
0.036741
0.036604
0.042062
0.035862
0.032856
0.044892
0.044068
0.038183
0.045690
0.043032
0.046204
0.038565
0.047148
0.048827
0.047547
0.033635
0.039089
0.037185
0.027891
0.046122
0.037141
0.044549
0.041769
0.039980
0.046426
0.038906
0.039010
0.038990
0.046851
0.036621
0.040286
0.035736
0.041113
0.044079
0.038322
0.033676
0.041246
0.037295
0.040631
0.037026
0.038477
0.045269
