0.053907
0.055277
0.052938
0.062434
0.059811
0.072153
0.056784
0.063990
0.058862
0.070358
0.054199
0.063094
0.065119
0.066418
0.051338
0.063779
0.060369
0.062819
0.073087
0.047921
0.061573
0.059283
0.074975
0.056570
0.074654
0.062028
0.064270
0.064312
0.067512
0.058325
0.074987
0.060297
0.056814
0.061446
0.060128
0.060474
0.054956
0.061425
0.058240
0.067226
0.060275
0.081987
0.065899
0.067383
0.072127
0.071810
0.064489
0.063970
0.057752
0.057341
0.078133
0.071033
0.075919
0.069007
0.066768
0.057611
0.064518
0.070025
0.064624
0.065835
0.049497
0.060620
0.056855
0.076103
0.059450
0.069571
0.061218
0.057433
0.064630
0.050355
0.062560
0.073474
0.074325
0.067190
0.058966
0.057919
0.060348
0.062642
0.066553
0.052063
0.063785
0.058291
0.074307
0.061511
0.063273
0.074493
0.070837
0.066311
0.054454
0.061428
0.061912
0.069955
0.063727
0.055232
0.068633
0.062878
0.051842
0.062175
0.069487
0.061190
