0.024614
0.027320
0.027675
0.027390
0.024174
0.025592
0.023563
0.021752
0.025393
0.024711
0.025512
0.027949
0.024494
0.025949
0.025473
0.029073
0.026837
0.024901
0.026821
0.025337
0.022617
0.027247
0.026715
0.030629
0.024527
0.028883
0.023320
0.029522
0.026818
0.024685
0.026916
0.024622
0.024990
0.027294
0.022697
0.026923
0.026836
0.027505
0.027676
0.026344
0.024840
0.030158
0.022922
0.022800
0.025651
0.029787
0.025795
0.028040
0.026122
0.032582
0.026342
0.027658
0.025034
0.024774
0.028755
0.022663
0.025063
0.024292
0.024926
0.025421
0.023812
0.021003
0.024197
0.027090
0.024969
0.028650
0.027346
0.027166
0.027616
0.032769
0.027446
0.025848
0.025924
0.027509
0.030387
0.027566
0.025211
0.025565
0.024696
0.029294
0.025227
0.024259
0.027800
0.024140
0.027503
0.027770
0.027456
0.024950
0.028869
0.026945
0.027699
0.026625
0.025712
0.027399
0.027106
0.029824
0.027525
0.026563
0.027030
0.028552
