0.078945
0.441052
0.485090
0.782860
0.080753
0.215357
0.495958
0.072870
0.708328
0.021720
0.786554
0.085352
0.589077
0.064485
0.016337
0.019562
0.097580
0.879233
0.289760
0.055171
0.278997
0.861764
0.119909
0.614352
0.305235
0.113945
0.077676
0.019253
0.135706
0.196194
0.009632
0.136886
0.599453
0.138170
0.030313
0.008992
0.190522
0.083134
0.052911
0.100863
0.116966
0.842611
0.027135
0.042795
0.306124
0.083523
0.184000
0.098573
0.061159
0.259481
0.178562
0.350536
0.458848
0.565513
0.310080
0.250595
0.222713
0.146086
0.346702
0.209173
0.010696
0.456842
0.080004
0.013263
0.117556
0.385879
0.368963
0.293190
0.130244
0.032538
0.668837
0.060037
0.054493
0.183948
0.012043
0.522785
0.130190
0.171149
0.029880
0.189376
0.382202
0.551047
0.025063
0.133414
0.029887
0.121272
0.623268
0.746316
0.565499
0.106622
0.169212
0.101157
0.189170
0.343670
0.293119
0.322718
0.262510
0.064357
0.608397
0.034142
