0.070340
0.224553
0.316323
0.442677
0.277848
0.130714
0.041250
0.153181
0.064693
0.060682
0.056639
0.351459
0.041085
0.048382
0.406584
0.613970
0.394454
0.071155
0.065636
0.037024
0.062722
0.053640
0.073968
0.260894
0.230650
0.080181
0.051958
0.036491
0.184236
0.190413
0.067987
0.329693
0.449743
0.038606
0.223640
0.073747
0.221622
0.291400
0.053329
0.151936
0.058612
0.611013
0.044660
0.052003
0.311296
0.062301
0.049558
0.064034
0.321236
0.129216
0.057506
0.127099
0.063473
0.437509
0.114924
0.065162
0.074793
0.050067
0.130786
0.082146
0.074530
0.085872
0.057522
0.408635
0.104656
0.065392
0.280058
0.176002
0.101873
0.059702
0.110978
0.073241
0.046190
0.053109
0.050139
0.577607
0.079564
0.124553
0.029922
0.100984
0.203366
0.221162
0.049135
0.134726
0.031855
0.071547
0.050486
0.518090
0.145490
0.057744
0.137508
0.038477
0.090773
0.060273
0.447935
0.295866
0.173576
0.039117
0.614557
0.045742
