0.096468
0.141695
0.174683
0.099949
0.111821
0.123211
0.166627
0.098174
0.321417
0.276466
0.114032
0.169772
0.163227
0.106634
0.123840
0.268022
0.070129
0.195598
0.121317
0.137907
0.067766
0.300486
0.074064
0.112405
0.076199
0.159473
0.064732
0.147972
0.050766
0.077374
0.141881
0.070177
0.055931
0.068707
0.049517
0.144905
0.082573
0.075622
0.192993
0.088439
0.135017
0.327120
0.244411
0.066956
0.071072
0.114678
0.068540
0.112209
0.165748
0.084595
0.141246
0.076902
0.103448
0.108885
0.070367
0.074853
0.172600
0.101391
0.083473
0.136288
0.132986
0.159174
0.061328
0.225279
0.091246
0.093856
0.077283
0.070543
0.058819
0.324345
0.204808
0.155846
0.178054
0.099415
0.059679
0.174802
0.073567
0.077103
0.132361
0.099303
0.095999
0.067323
0.183716
0.104824
0.228375
0.082250
0.329398
0.139376
0.176848
0.151630
0.052650
0.123701
0.120695
0.087484
0.166004
0.063006
0.092552
0.338805
0.132173
0.375614
