0.379817
0.124832
0.100272
0.127715
0.390698
0.216594
0.060500
0.076175
0.030953
0.540647
0.094842
0.039533
0.438962
0.025607
0.033342
0.585531
0.149661
0.718452
0.081285
0.509268
0.027487
0.696247
0.086129
0.479267
0.420704
0.393600
0.064519
0.195316
0.325480
0.225914
0.702626
0.271800
0.553943
0.045399
0.169814
0.578304
0.233280
0.041792
0.059445
0.322339
0.102013
0.472936
0.040509
0.033239
0.169173
0.284663
0.117743
0.078602
0.080110
0.090526
0.141275
0.243908
0.231561
0.513416
0.112266
0.160962
0.062903
0.410445
0.261922
0.117024
0.109717
0.252669
0.276584
0.045332
0.132443
0.040859
0.084465
0.203186
0.284124
0.050384
0.078829
0.222790
0.073664
0.056503
0.529095
0.530482
0.465618
0.314205
0.587978
0.134292
0.096124
0.091011
0.027179
0.092159
0.327916
0.082885
0.500936
0.608240
0.064716
0.058745
0.130119
0.090603
0.030025
0.100856
0.057532
0.222187
0.197670
0.020450
0.336022
0.674786
