0.005885
0.002656
0.002656
0.006662
0.003246
0.006524
0.032391
0.012925
0.002640
0.003510
0.023435
0.002263
0.002529
0.002743
0.004479
0.024987
0.002618
0.005444
0.061258
0.001504
0.001727
0.007874
0.026221
0.004820
0.001974
0.004080
0.014253
0.006153
0.002671
0.002902
0.001944
0.004278
0.015381
0.001706
0.005857
0.014506
0.001535
0.005911
0.002541
0.013876
0.009860
0.003681
0.043452
0.002374
0.003243
0.003977
0.004387
0.003547
0.002148
0.021257
0.012968
0.010508
0.002814
0.004098
0.010544
0.001651
0.002536
0.038571
0.003419
0.002480
0.011761
0.013821
0.002347
0.001525
0.003510
0.000864
0.003371
0.004674
0.017185
0.014417
0.003393
0.001886
0.034437
0.003648
0.005184
0.003527
0.003962
0.001320
0.005007
0.002898
0.035415
0.003545
0.003793
0.001990
0.035021
0.003441
0.002835
0.002612
0.002963
0.003337
0.005344
0.030662
0.003991
0.013855
0.004953
0.022097
0.050113
0.002444
0.013738
0.003161
