0.010399
0.035863
0.019096
0.013918
0.057734
0.011988
0.033083
0.010759
0.016407
0.051856
0.019086
0.037603
0.026984
0.014974
0.015248
0.008530
0.009943
0.007943
0.024340
0.042259
0.028411
0.013260
0.026299
0.015050
0.033413
0.056514
0.058131
0.018218
0.048553
0.013063
0.038298
0.011127
0.007265
0.012256
0.048650
0.038388
0.027629
0.038053
0.013965
0.033794
0.058040
0.029505
0.027195
0.017545
0.010309
0.043690
0.012708
0.040443
0.060366
0.015884
0.030972
0.010642
0.017274
0.027680
0.008162
0.017512
0.012466
0.063879
0.044112
0.030452
0.023657
0.033575
0.009119
0.010768
0.020679
0.053301
0.033570
0.006062
0.011075
0.048860
0.010107
0.024953
0.038283
0.028447
0.025520
0.021795
0.018251
0.020854
0.010864
0.008630
0.011019
0.022617
0.024383
0.030528
0.014219
0.053571
0.027609
0.015236
0.047487
0.047939
0.020515
0.012261
0.050863
0.028715
0.038748
0.016227
0.082190
0.051321
0.016847
0.010080
