0.004825
0.004893
0.059091
0.000960
0.014002
0.001740
0.002107
0.001433
0.001525
0.002272
0.004095
0.001555
0.007213
0.013500
0.003423
0.002903
0.003187
0.012904
0.002567
0.065864
0.005431
0.001221
0.004951
0.001575
0.001016
0.003103
0.077561
0.004374
0.000546
0.044382
0.110855
0.001691
0.000340
0.015265
0.052372
0.003228
0.012782
0.004474
0.017166
0.003042
0.002749
0.006211
0.001348
0.003797
0.000452
0.004828
0.002951
0.013295
0.015647
0.002067
0.003198
0.002289
0.003162
0.001076
0.001011
0.002063
0.003613
0.002061
0.001272
0.001745
0.001689
0.014471
0.002448
0.004193
0.062827
0.013737
0.003295
0.002937
0.003180
0.022659
0.002542
0.004289
0.003712
0.001804
0.015481
0.016216
0.004811
0.002519
0.003373
0.001554
0.002968
0.005575
0.001787
0.058303
0.002024
0.002552
0.000751
0.001178
0.021587
0.017952
0.003322
0.014646
0.066195
0.002875
0.000896
0.002586
0.001862
0.076770
0.037584
0.006518
