0.023331
0.044277
0.032792
0.016626
0.014831
0.027189
0.028904
0.037856
0.013168
0.031094
0.032567
0.023427
0.037773
0.015343
0.030962
0.017470
0.032834
0.012563
0.028580
0.034101
0.019123
0.032221
0.031481
0.024236
0.010144
0.031477
0.046163
0.057965
0.020060
0.041971
0.026102
0.028258
0.028981
0.023036
0.021497
0.019843
0.017679
0.032787
0.020336
0.023787
0.011163
0.015575
0.026903
0.047486
0.018352
0.017224
0.030220
0.028235
0.028145
0.034121
0.031517
0.034628
0.026163
0.017159
0.023890
0.015462
0.055448
0.035329
0.063255
0.028568
0.048193
0.020823
0.011102
0.050925
0.025923
0.019575
0.035193
0.032470
0.040093
0.042442
0.036146
0.022975
0.037975
0.037476
0.025663
0.022890
0.025985
0.025426
0.029111
0.019339
0.019536
0.047474
0.016503
0.018392
0.030221
0.008873
0.009616
0.044459
0.022626
0.028027
0.022322
0.023932
0.020835
0.011629
0.050486
0.034080
0.008704
0.028429
0.017707
0.027962
