0.025705
0.001716
0.032773
0.057718
0.037784
0.014619
0.007764
0.016171
0.015586
0.010268
0.057800
0.013100
0.011937
0.014470
0.006092
0.004171
0.032557
0.033519
0.013395
0.033957
0.027448
0.033998
0.004180
0.037938
0.012304
0.015543
0.020590
0.007266
0.012991
0.024552
0.019145
0.014924
0.014202
0.032389
0.036724
0.017169
0.079215
0.017290
0.013780
0.022718
0.011978
0.003633
0.019532
0.004947
0.058307
0.053708
0.012090
0.008816
0.010847
0.004022
0.006925
0.006613
0.029505
0.004653
0.006743
0.048880
0.027874
0.020854
0.017942
0.002889
0.037901
0.013950
0.006628
0.004070
0.016327
0.031912
0.019223
0.033268
0.003656
0.014301
0.015205
0.032443
0.014264
0.008904
0.009796
0.006062
0.012866
0.022033
0.068961
0.021964
0.039373
0.006210
0.008869
0.024211
0.068051
0.008502
0.017808
0.033075
0.008385
0.005763
0.031513
0.007358
0.075089
0.062737
0.014527
0.016473
0.005334
0.069974
0.116678
0.004846
