0.012520
0.011958
0.011835
0.013521
0.011004
0.012592
0.006339
0.005831
0.009510
0.012352
0.013824
0.011144
0.005720
0.013608
0.007806
0.008301
0.010454
0.012978
0.014323
0.011959
0.010553
0.007879
0.012066
0.006483
0.013029
0.014416
0.011660
0.012301
0.004526
0.013931
0.012529
0.013538
0.004418
0.011829
0.013176
0.013575
0.012223
0.013450
0.012707
0.013147
0.012261
0.011516
0.011972
0.012950
0.006736
0.006565
0.012161
0.007612
0.012130
0.008195
0.012376
0.011767
0.013667
0.013248
0.014547
0.005892
0.011610
0.013160
0.013050
0.011650
0.008452
0.009494
0.005693
0.007465
0.013179
0.013007
0.011462
0.003703
0.012317
0.010914
0.013862
0.004965
0.010387
0.012494
0.013900
0.008055
0.011559
0.011134
0.011170
0.005835
0.012764
0.005116
0.012278
0.013217
0.005259
0.011766
0.010620
0.011860
0.011748
0.012966
0.010739
0.012472
0.010460
0.013821
0.012706
0.012884
0.014159
0.011249
0.014840
0.012992
