0.003484
0.003918
0.003876
0.004063
0.003563
0.003563
0.003626
0.003578
0.003652
0.004188
0.003591
0.003011
0.003570
0.003763
0.003503
0.003898
0.003613
0.003870
0.003465
0.004045
0.003501
0.003596
0.003776
0.003513
0.003367
0.003467
0.003324
0.003619
0.003870
0.003937
0.003320
0.003944
0.002755
0.003609
0.003247
0.003476
0.003177
0.003593
0.004269
0.003335
0.003673
0.003533
0.003677
0.003494
0.003069
0.003562
0.003529
0.003574
0.003695
0.003212
0.003370
0.003659
0.003807
0.003226
0.003876
0.003738
0.003511
0.004001
0.003169
0.003521
0.003779
0.003619
0.003332
0.003542
0.003819
0.003843
0.003362
0.003508
0.004110
0.003738
0.003741
0.003256
0.003669
0.003422
0.003565
0.003341
0.003779
0.003992
0.003474
0.003457
0.003595
0.003785
0.003760
0.003568
0.003469
0.003358
0.003468
0.003730
0.003714
0.003332
0.003315
0.003404
0.003507
0.004090
0.003819
0.003422
0.003483
0.003551
0.003258
0.003598
