0.004049
0.029189
0.005892
0.009686
0.021244
0.004669
0.004520
0.007239
0.010772
0.006123
0.016776
0.002595
0.007140
0.043839
0.009229
0.007540
0.012132
0.004201
0.019718
0.004914
0.004520
0.011609
0.022024
0.029878
0.004973
0.035335
0.023320
0.024798
0.014647
0.016088
0.007261
0.005870
0.048786
0.004497
0.006416
0.008841
0.020992
0.004625
0.007286
0.008905
0.006242
0.005535
0.004725
0.017954
0.025437
0.004771
0.003161
0.005012
0.005015
0.025746
0.009084
0.004799
0.005971
0.017988
0.005510
0.020108
0.004389
0.005650
0.031249
0.003834
0.003829
0.015352
0.021964
0.026054
0.021211
0.016970
0.017067
0.025475
0.023500
0.008449
0.012122
0.004342
0.024215
0.009245
0.005614
0.016765
0.004095
0.008756
0.007533
0.006677
0.007128
0.004510
0.013673
0.005615
0.014367
0.023520
0.003262
0.010302
0.020905
0.018271
0.004870
0.005662
0.006539
0.025960
0.013919
0.005631
0.014319
0.007229
0.028607
0.003974
