0.031913
0.034135
0.043816
0.022100
0.029601
0.027199
0.038319
0.033107
0.029315
0.036186
0.025423
0.025439
0.035796
0.027633
0.038165
0.019215
0.028723
0.034351
0.022309
0.037270
0.043021
0.027213
0.021168
0.038223
0.039101
0.032526
0.029228
0.024952
0.024272
0.020395
0.024339
0.039665
0.028581
0.029539
0.022370
0.029270
0.030005
0.035227
0.050995
0.038854
0.034465
0.026525
0.025090
0.051372
0.034669
0.040397
0.043737
0.031818
0.029395
0.022891
0.029795
0.027480
0.029401
0.033192
0.037136
0.027928
0.034038
0.025015
0.027865
0.026324
0.030456
0.028074
0.029098
0.020114
0.041151
0.041122
0.015076
0.044980
0.043699
0.020320
0.061239
0.026718
0.031108
0.033769
0.047207
0.031629
0.038417
0.043363
0.030590
0.033811
0.031314
0.037819
0.024749
0.031834
0.040971
0.028257
0.021061
0.020646
0.030762
0.025057
0.033835
0.038538
0.038918
0.028260
0.041942
0.024398
0.020703
0.040859
0.031035
0.046452
