0.010874
0.006603
0.042733
0.066605
0.029167
0.023672
0.021035
0.006800
0.007089
0.033636
0.052722
0.025283
0.034400
0.023600
0.014495
0.006940
0.011540
0.031392
0.027841
0.029993
0.005047
0.003169
0.034760
0.030109
0.057159
0.014194
0.002652
0.048403
0.006481
0.009741
0.008010
0.040729
0.026115
0.013582
0.003713
0.004293
0.032876
0.010769
0.035156
0.006252
0.010973
0.007875
0.023804
0.003525
0.003244
0.003375
0.009210
0.007257
0.007489
0.003775
0.053750
0.028732
0.010271
0.040855
0.004368
0.049246
0.040373
0.003789
0.036393
0.038938
0.002750
0.003175
0.034601
0.003111
0.028796
0.038821
0.007241
0.042983
0.012216
0.038947
0.028671
0.011341
0.010547
0.027053
0.005730
0.013524
0.008472
0.031045
0.006069
0.008215
0.006579
0.012865
0.015797
0.010569
0.017628
0.002224
0.003001
0.044461
0.007460
0.002236
0.048168
0.011858
0.047979
0.033208
0.002883
0.002373
0.006617
0.003691
0.002138
0.049561
