0.028427
0.022078
0.028810
0.028011
0.032322
0.029460
0.021814
0.027340
0.042538
0.025289
0.038841
0.029826
0.026732
0.026787
0.031392
0.032718
0.043204
0.025241
0.027692
0.044225
0.034169
0.042984
0.033458
0.032865
0.035044
0.037158
0.037580
0.032689
0.029557
0.028898
0.024594
0.031412
0.030791
0.045948
0.030460
0.037561
0.032723
0.027473
0.029849
0.037134
0.034291
0.037468
0.028753
0.033729
0.038223
0.032295
0.032585
0.027596
0.034249
0.023816
0.026888
0.026999
0.021528
0.030735
0.027182
0.038222
0.018785
0.042905
0.046233
0.052969
0.030189
0.052997
0.033682
0.034272
0.029929
0.030957
0.029866
0.034261
0.051040
0.036759
0.036157
0.028178
0.039800
0.039794
0.028395
0.032461
0.030006
0.046934
0.030695
0.044873
0.036335
0.029503
0.028988
0.030255
0.034508
0.034059
0.034059
0.025697
0.025537
0.029601
0.037834
0.033026
0.030977
0.025951
0.035046
0.034903
0.034676
0.030499
0.026192
0.034635
