0.025922
0.011915
0.014592
0.014717
0.038790
0.065812
0.015298
0.016143
0.049036
0.019792
0.017861
0.025350
0.020494
0.015606
0.056044
0.023901
0.016372
0.016951
0.021895
0.025050
0.007563
0.016485
0.015354
0.045134
0.019365
0.015133
0.045177
0.028253
0.019344
0.023079
0.022695
0.018902
0.025789
0.049734
0.016236
0.021305
0.019355
0.039024
0.022386
0.021343
0.014446
0.015813
0.020504
0.038471
0.015207
0.016535
0.010208
0.024388
0.027392
0.016608
0.026893
0.031550
0.025637
0.021160
0.026369
0.027752
0.027191
0.019163
0.026270
0.023886
0.034363
0.014005
0.016368
0.023214
0.027247
0.015866
0.029911
0.014274
0.027889
0.064697
0.018798
0.015099
0.012366
0.016178
0.018566
0.014260
0.026364
0.020671
0.023000
0.026130
0.010193
0.055447
0.023992
0.026458
0.029743
0.020572
0.026981
0.059056
0.013641
0.023110
0.023541
0.018746
0.017074
0.041491
0.008744
0.025794
0.024922
0.024508
0.028422
0.014878
