0.014767
0.016009
0.014762
0.014661
0.012558
0.016485
0.012939
0.015967
0.015558
0.016598
0.014435
0.014038
0.012627
0.015740
0.014448
0.013899
0.015457
0.014383
0.019106
0.014563
0.016778
0.013146
0.013485
0.014466
0.012163
0.012146
0.016291
0.015401
0.015374
0.011533
0.014534
0.016136
0.012915
0.013810
0.017731
0.013036
0.014863
0.016149
0.014283
0.018408
0.019262
0.014268
0.016077
0.016070
0.013887
0.014748
0.015148
0.013529
0.017930
0.013452
0.015557
0.013878
0.014130
0.015960
0.015286
0.012357
0.016765
0.013517
0.015403
0.014647
0.015560
0.017719
0.015649
0.017025
0.013227
0.015607
0.016792
0.015530
0.015101
0.015546
0.016476
0.014565
0.015330
0.017956
0.015353
0.016800
0.016355
0.015042
0.017470
0.018575
0.014692
0.014458
0.015241
0.011616
0.017105
0.012242
0.017305
0.017521
0.019679
0.016381
0.018243
0.017423
0.016203
0.016322
0.013996
0.016141
0.013489
0.016312
0.014017
0.011512
