0.038113
0.040307
0.037900
0.044899
0.049272
0.046698
0.042180
0.042280
0.047079
0.043053
0.033165
0.039396
0.041414
0.045997
0.038774
0.037380
0.048708
0.045001
0.039093
0.045317
0.043328
0.041684
0.045584
0.043409
0.043365
0.044251
0.045692
0.043475
0.045298
0.045725
0.043436
0.042275
0.039687
0.044933
0.044497
0.047524
0.045500
0.043464
0.037022
0.041236
0.049241
0.040156
0.037151
0.040756
0.038595
0.048096
0.040199
0.040462
0.042211
0.040407
0.039739
0.038637
0.040177
0.042987
0.045443
0.037522
0.047168
0.041602
0.044033
0.040290
0.040830
0.043927
0.046424
0.048023
0.053636
0.040852
0.042626
0.046812
0.041174
0.048160
0.044944
0.040600
0.040067
0.046735
0.037904
0.044706
0.041747
0.046783
0.047037
0.044345
0.044646
0.045679
0.041327
0.043742
0.042803
0.041586
0.041204
0.042410
0.043675
0.041491
0.048377
0.042491
0.050324
0.047095
0.046933
0.050069
0.040113
0.045326
0.041886
0.040761
