0.008227
0.006235
0.009035
0.007259
0.006403
0.008261
0.007647
0.006029
0.004892
0.006262
0.005492
0.006370
0.005106
0.006964
0.006793
0.006296
0.008779
0.008997
0.006215
0.004147
0.006765
0.010225
0.005766
0.007412
0.007953
0.004856
0.006684
0.010061
0.007269
0.007321
0.006621
0.009731
0.005044
0.008802
0.008709
0.006270
0.008730
0.008448
0.006328
0.007535
0.007660
0.007977
0.006826
0.006160
0.005878
0.005974
0.006497
0.008859
0.006057
0.005784
0.008686
0.007534
0.007283
0.007615
0.010054
0.006149
0.010230
0.006922
0.006946
0.006597
0.007670
0.007033
0.009230
0.007188
0.006238
0.008731
0.007580
0.007489
0.007635
0.005448
0.009253
0.006452
0.003778
0.005946
0.005277
0.006338
0.007424
0.007069
0.007207
0.006516
0.007419
0.007847
0.005883
0.006809
0.008003
0.007142
0.005090
0.007947
0.007869
0.005772
0.007007
0.006114
0.007195
0.005323
0.006594
0.007277
0.005740
0.008018
0.008514
0.009510
