0.062157
0.058927
0.063453
0.062476
0.064546
0.065579
0.059752
0.066769
0.073685
0.065073
0.063451
0.061292
0.066442
0.063442
0.062597
0.059360
0.064694
0.073633
0.062666
0.054499
0.064627
0.058153
0.060659
0.061872
0.065444
0.061450
0.060877
0.057914
0.071848
0.062792
0.070770
0.056029
0.060614
0.068607
0.061671
0.072224
0.067518
0.066062
0.062461
0.071660
0.064773
0.061815
0.066045
0.069627
0.058425
0.053879
0.067408
0.060987
0.062759
0.062939
0.056585
0.063384
0.059112
0.069474
0.066011
0.066314
0.062782
0.060823
0.070232
0.063736
0.066552
0.067115
0.061679
0.063720
0.060829
0.059775
0.057782
0.059594
0.063503
0.062421
0.067221
0.054666
0.062170
0.066345
0.059877
0.068379
0.068549
0.064865
0.066693
0.059939
0.067435
0.058422
0.065273
0.063200
0.064977
0.062703
0.062443
0.063236
0.071850
0.059967
0.073493
0.062589
0.070071
0.062137
0.055727
0.060158
0.066000
0.068639
0.062184
0.061087
