0.023789
0.023021
0.025100
0.022497
0.023536
0.025418
0.022415
0.022223
0.022811
0.025310
0.022044
0.022752
0.023568
0.023983
0.024956
0.023881
0.023512
0.025277
0.025154
0.025988
0.024867
0.022523
0.024451
0.022833
0.023891
0.026047
0.024210
0.025328
0.024321
0.022564
0.023628
0.024652
0.022776
0.022830
0.026717
0.025444
0.024319
0.025161
0.023470
0.022395
0.025436
0.025511
0.023734
0.023377
0.022814
0.025663
0.022665
0.023583
0.025233
0.022850
0.024078
0.021776
0.024053
0.024139
0.022410
0.025085
0.025602
0.023438
0.021854
0.022360
0.023671
0.024547
0.025426
0.026000
0.027121
0.024196
0.020959
0.023417
0.022122
0.024394
0.023626
0.022613
0.025145
0.025520
0.022179
0.026437
0.021428
0.024121
0.024284
0.025724
0.023905
0.022768
0.022294
0.022275
0.023852
0.023895
0.024651
0.022737
0.023633
0.024006
0.022559
0.024474
0.025907
0.022842
0.023906
0.023824
0.023050
0.025142
0.023646
0.023162
