414.637540
6.568575
10.089743
1.760884
56.581688
0.777529
3.750832
0.016023
0.016598
11.348846
0.014486
16.404264
53.103641
0.017192
68.453075
0.211439
0.020358
1.177694
147.340115
0.017477
1.086848
28.662097
0.437272
13.836699
180.544944
0.019009
0.932075
0.013815
295.171361
0.021653
0.259778
100.729309
0.012896
0.011551
0.012424
0.012826
10.222925
1785.695793
598.628993
1.965582
7.672617
0.019055
0.282146
689.052540
6.551748
1.573269
909.340753
3.088647
0.012355
261.474334
0.014310
141.873626
0.015886
1.592367
0.014844
0.008725
0.208710
0.418232
0.017184
0.012614
90.780463
0.215093
25.198198
0.019321
4.769349
315.451796
859.721016
5.106456
7.003484
0.300995
84.444572
1.545549
0.012455
4942.832874
0.012263
12.814104
16.845034
4.553293
0.019445
7.105085
0.949853
7.267035
0.425536
1.053143
175.155234
0.013903
173.003048
901.050389
0.033371
3.590314
23.217719
2289.660652
0.121875
0.010938
83.639445
0.019018
1.378405
5.360758
44424.310992
3.790311
