0.031037
0.030315
0.021075
0.018213
0.022732
0.033010
0.024410
0.024560
0.024681
0.030178
0.033436
0.035347
0.031509
0.025535
0.033753
0.023707
0.026520
0.025349
0.040995
0.022382
0.035043
0.068870
0.032860
0.029416
0.044754
0.023195
0.023866
0.031778
0.026765
0.025836
0.030520
0.027311
0.035929
0.033376
0.034205
0.034340
0.032944
0.030547
0.032521
0.031880
0.016530
0.026965
0.058218
0.029249
0.032439
0.021666
0.023826
0.036002
0.033662
0.023343
0.098852
0.037581
0.033776
0.028194
0.052713
0.025546
0.029754
0.019856
0.025538
0.031029
0.020838
0.063909
0.025084
0.105353
0.027198
0.030691
0.031839
0.105338
0.030340
0.034786
0.032464
0.024579
0.058535
0.024628
0.029560
0.025453
0.031607
0.032125
0.014678
0.036476
0.026555
0.029383
0.023350
0.096702
0.052121
0.034448
0.037249
0.029005
0.026530
0.025044
0.026464
0.026126
0.025606
0.067866
0.024181
0.022765
0.039290
0.020616
0.024231
0.022641
