0.014027
0.013924
0.006400
0.013376
0.006382
0.015627
0.015188
26.866139
0.014153
1.488277
0.013094
0.004979
0.014523
0.015306
0.015343
0.012051
0.005476
0.010062
0.013599
0.004190
0.003971
0.013566
3.480791
0.013337
0.013935
0.013830
85.492429
19.273891
0.013436
0.002992
25.348494
0.004377
0.015072
0.015220
0.015353
0.014057
0.015274
31.474861
0.013608
0.014234
0.003727
0.013482
0.014134
0.014265
0.002800
0.014761
58.538979
0.005212
0.014033
0.005673
1775.169586
2.026698
0.002819
0.013546
4.446647
0.004394
0.003195
0.004362
0.008872
65.055004
0.503031
0.013973
0.014212
0.015767
0.012755
98.087235
1920.701691
0.013433
0.003411
0.003159
0.013612
0.003641
0.053384
0.014056
0.013416
0.004226
0.016209
0.013493
0.011035
0.002483
226.323558
12.370329
0.004697
25.375386
0.014892
3.218284
160.611786
0.013534
0.006373
51.585223
0.013795
0.013795
0.010213
0.014204
0.014148
0.013443
0.431845
0.013313
0.014076
1.600216
