0.072782
0.078585
0.441738
0.052895
0.057086
0.038397
0.056592
0.068171
0.056191
0.033387
0.087027
0.072400
0.056116
0.046069
0.067270
0.051829
0.045842
0.094890
0.146755
0.055638
0.075002
0.187475
0.064511
0.088382
0.072118
0.064051
0.078810
0.119076
0.044828
0.054625
0.036290
0.067674
0.037157
0.043403
0.065215
0.030520
0.086764
0.051207
0.146422
0.032740
0.097436
0.041874
0.170258
0.071378
0.115578
0.065847
0.039229
0.051640
0.062535
0.042316
0.050010
0.054788
0.032274
0.181913
0.113543
0.042374
0.046927
0.069328
0.089646
0.033742
0.053040
0.046687
0.058152
0.038397
0.056358
0.063666
0.062675
0.056135
0.085368
0.069060
0.063975
0.126736
0.050121
0.056670
0.050867
0.046681
0.034403
0.052640
0.051497
0.069026
0.056131
0.104875
0.061763
0.044200
0.067025
0.110433
0.080681
0.112564
0.064260
0.044807
0.066476
0.061304
0.045088
0.066642
0.125347
0.062292
0.065368
0.034873
0.070431
0.055965
