0.024713
0.030529
0.026708
0.009380
0.020551
0.024321
0.022766
0.021180
0.013988
0.018346
0.032265
0.019538
0.020477
0.012385
0.021303
0.016705
0.022418
0.019508
0.021862
0.022720
0.024873
0.028470
0.012483
0.020161
0.027865
0.012909
0.011447
0.019352
0.020205
0.032394
0.030142
0.024568
0.065868
0.023917
0.029613
0.022269
0.024312
0.027643
0.018898
0.021478
0.020027
0.020948
0.028375
0.020852
0.021685
0.019801
0.023836
0.008911
0.022781
0.070708
0.021112
0.012222
0.013614
0.019435
0.015903
0.019519
0.017926
0.026281
0.028523
0.017773
0.011919
0.017518
0.029785
0.012199
0.030501
0.027231
0.050621
0.018260
0.016585
0.021206
0.026018
0.023826
0.011430
0.023331
0.023189
0.024042
0.020955
0.020937
0.027162
0.015846
0.019683
0.012875
0.027532
0.018235
0.033417
0.019627
0.027410
0.019277
0.025177
0.019218
0.019781
0.019657
0.010064
0.028669
0.025303
0.018941
0.052920
0.019987
0.029748
0.007612
