0.012468
0.012740
0.012141
0.012542
0.012415
0.012457
0.013031
0.012118
0.012313
0.012785
0.012531
0.012836
0.012157
0.012745
0.012475
0.012555
0.012021
0.012875
0.012388
0.012567
0.012923
0.012219
0.012721
0.012675
0.012305
0.011653
0.012357
0.012476
0.011902
0.012560
0.012159
0.012585
0.012858
0.012408
0.012649
0.012420
0.012306
0.012647
0.012369
0.012406
0.012069
0.012172
0.012806
0.012437
0.012183
0.012914
0.012280
0.011066
0.012787
0.012903
0.012596
0.011759
0.012308
0.012810
0.011838
0.011933
0.012728
0.013256
0.012604
0.012382
0.012649
0.012527
0.012481
0.012148
0.012439
0.013045
0.011702
0.012190
0.012731
0.011694
0.013130
0.012964
0.012546
0.012477
0.012938
0.012751
0.012270
0.012335
0.012651
0.012848
0.012346
0.011670
0.013090
0.012316
0.012132
0.012327
0.012164
0.012509
0.011627
0.012237
0.011683
0.011424
0.012676
0.012209
0.012129
0.012447
0.011370
0.012030
0.012087
0.012079
