0.036906
0.038756
0.035502
0.036487
0.036749
0.034339
0.036659
0.034152
0.034647
0.032500
0.033610
0.033661
0.036949
0.037760
0.039155
0.033763
0.032292
0.035167
0.038430
0.035659
0.036748
0.036507
0.034022
0.037525
0.035162
0.037050
0.036106
0.037653
0.036401
0.035507
0.033603
0.034956
0.033587
0.034731
0.033704
0.035336
0.034807
0.036804
0.032660
0.037170
0.036593
0.040225
0.035279
0.035582
0.036296
0.034765
0.035513
0.031952
0.033920
0.036065
0.035209
0.034690
0.036866
0.036903
0.034487
0.036036
0.035753
0.036649
0.035393
0.034396
0.038245
0.037248
0.034489
0.036058
0.033402
0.034894
0.035665
0.034270
0.034972
0.036399
0.035992
0.034084
0.036437
0.034920
0.033989
0.036074
0.034914
0.037855
0.035496
0.032428
0.036482
0.035532
0.038892
0.033768
0.036261
0.038866
0.036316
0.037548
0.038703
0.034706
0.036159
0.034887
0.038278
0.036968
0.035782
0.037305
0.036994
0.035403
0.034252
0.035809
