0.005429
0.004993
0.005392
0.004762
0.005353
0.004382
0.005065
0.005557
0.005322
0.004700
0.005567
0.004852
0.005352
0.004120
0.005382
0.005538
0.004176
0.005515
0.005446
0.005486
0.005261
0.005366
0.005404
0.005550
0.005502
0.005438
0.005142
0.005190
0.005335
0.005457
0.005279
0.004501
0.005046
0.005250
0.005046
0.005477
0.004255
0.005011
0.004903
0.005402
0.005402
0.005328
0.005434
0.005298
0.004903
0.005492
0.005160
0.005424
0.005478
0.005119
0.005317
0.005501
0.005373
0.005438
0.005356
0.005510
0.005206
0.005286
0.005352
0.005537
0.005506
0.005515
0.005544
0.005562
0.005474
0.005060
0.005546
0.005328
0.005456
0.005041
0.005299
0.004759
0.005384
0.005371
0.004995
0.005489
0.005352
0.005544
0.004975
0.005028
0.005441
0.005317
0.005372
0.005443
0.005530
0.005464
0.005190
0.004875
0.005448
0.004919
0.005248
0.005485
0.005527
0.005466
0.005159
0.005114
0.005300
0.005395
0.005565
0.005270
