0.051104
0.046426
0.046058
0.045632
0.046742
0.042996
0.047582
0.046202
0.044568
0.048816
0.048134
0.043999
0.048017
0.046996
0.049340
0.044987
0.047539
0.046565
0.046393
0.047542
0.048676
0.048154
0.043006
0.045838
0.043061
0.046357
0.046403
0.047206
0.048253
0.047985
0.044274
0.043135
0.045058
0.047757
0.048692
0.048343
0.043931
0.049815
0.047615
0.047365
0.049611
0.046283
0.050849
0.049350
0.044518
0.043246
0.046031
0.044992
0.045988
0.048211
0.046359
0.045106
0.047358
0.047442
0.046938
0.050814
0.046092
0.050501
0.045220
0.045922
0.046825
0.047209
0.044407
0.045832
0.046442
0.046899
0.048067
0.046373
0.048181
0.048862
0.048745
0.044611
0.043944
0.042358
0.046144
0.047507
0.047398
0.049108
0.046221
0.047054
0.050494
0.047310
0.047110
0.046485
0.045205
0.046465
0.044443
0.050160
0.046449
0.046013
0.045825
0.047731
0.048822
0.046446
0.045423
0.049642
0.048050
0.045781
0.048141
0.044542
