0.019351
0.019460
0.019693
0.020507
0.020010
0.019896
0.019722
0.019389
0.019157
0.020183
0.019563
0.020409
0.020250
0.019164
0.020318
0.020704
0.019117
0.020414
0.020176
0.019817
0.019401
0.019292
0.019479
0.019717
0.019610
0.019700
0.021465
0.019432
0.018765
0.020589
0.019447
0.020496
0.019296
0.019345
0.019036
0.020911
0.019536
0.020042
0.019915
0.019736
0.019779
0.020160
0.020231
0.020229
0.020551
0.019403
0.020082
0.019223
0.019244
0.020347
0.019048
0.018512
0.018791
0.019948
0.019253
0.020116
0.019881
0.020173
0.019590
0.019535
0.019019
0.019468
0.018727
0.019033
0.020414
0.020317
0.020358
0.019713
0.020650
0.019428
0.020518
0.019920
0.019943
0.020796
0.019979
0.019528
0.018677
0.019105
0.019260
0.019471
0.020173
0.019684
0.019307
0.020028
0.019662
0.019296
0.020393
0.019681
0.018673
0.019233
0.020204
0.018998
0.021302
0.020140
0.019504
0.020550
0.020159
0.020067
0.019366
0.020741
