0.173346
0.284684
0.200963
0.191365
0.332063
0.274158
0.625842
0.120485
0.093477
0.270122
0.445244
0.214095
0.170780
0.185836
0.273053
0.072527
0.224283
0.303923
0.623148
0.276078
0.140748
0.325305
0.011979
0.314185
0.213876
0.194838
0.299630
0.179749
0.356818
0.248637
0.196028
0.102555
0.270186
0.392533
0.201308
0.117309
0.073208
0.245466
0.155009
0.206281
0.332314
0.390393
0.067551
0.219098
0.228934
0.195435
0.724051
0.216859
0.292976
0.043774
0.186975
0.684989
0.224303
0.165181
0.035611
0.255255
0.300128
0.009019
0.189750
0.396606
0.052896
0.140772
0.138921
0.242359
0.324384
0.263517
0.171890
0.176954
0.313446
0.470109
0.086206
0.262966
0.360819
0.268804
0.068979
0.203788
0.377208
0.207453
0.393787
0.179639
0.018578
0.215865
0.141880
0.182597
0.139916
0.073477
0.580815
0.363399
0.227674
0.158277
0.183641
0.508924
0.168650
0.415314
0.190070
0.372954
0.301042
0.127115
0.411570
0.396368
