0.105592
0.177097
0.132425
0.262815
0.205710
0.151025
0.095039
0.196722
0.053900
0.098191
0.200410
0.153890
0.144621
0.202891
0.098245
0.283331
0.158092
0.090211
0.189467
0.151175
0.278540
0.259657
0.095126
0.199091
0.197918
0.148022
0.212425
0.106896
0.130524
0.571931
0.219526
0.184387
0.183684
0.119375
0.156534
0.074385
0.378491
0.062784
0.151378
0.168437
0.138902
0.239090
0.152026
0.205574
0.103857
0.159195
0.063664
0.268426
0.200355
0.449497
0.214893
0.471937
0.222188
0.113166
0.134549
0.192731
0.144383
0.105501
0.172390
0.214820
0.239759
0.135000
0.172344
0.100010
0.254874
0.238135
0.204415
0.162117
0.168315
0.264504
0.071411
0.088765
0.191623
0.186430
0.372170
0.118834
0.172755
0.103902
0.123812
0.181880
0.272031
0.072717
0.126543
0.135073
0.122329
0.214362
0.455962
0.090984
0.153378
0.243413
0.149627
0.148039
0.120250
0.147639
0.214317
0.057531
0.166327
0.105366
0.185299
0.106313
