0.264952
0.390883
0.273758
0.259279
0.183703
0.250000
0.265163
0.136104
0.282599
0.252855
0.127966
0.283624
0.246410
0.444281
0.169955
0.589606
0.367650
0.146669
0.463463
0.292078
0.426992
0.246940
0.203794
0.256646
0.258827
0.348583
0.187450
0.410726
0.251818
0.616704
0.460052
0.187574
0.229777
0.267388
0.321120
0.589478
0.431465
0.247842
0.129083
0.348719
0.187778
0.345621
0.207537
0.167776
0.326301
0.266029
0.326661
0.309829
0.238516
0.087947
0.421925
0.228545
0.348890
0.345152
0.159713
0.201371
0.279183
0.674378
0.414685
0.440909
0.653506
0.448955
0.341736
0.374422
0.317696
0.228486
0.213732
0.336971
0.275796
0.256384
0.304307
0.240518
0.211909
0.248038
0.362300
0.327077
0.179673
0.277730
0.372308
0.360724
0.063847
0.289955
0.287347
0.418942
0.174698
0.194600
0.079203
0.262944
0.305672
0.232189
0.239421
0.538249
0.215829
0.144797
0.341454
0.519570
0.231766
0.174845
0.375887
0.385154
