0.151196
0.049592
0.096336
0.095009
0.069316
0.097169
0.068495
0.088404
0.172201
0.077297
0.136874
0.107138
0.176263
0.129003
0.223313
0.162558
0.145073
0.054814
0.124470
0.073337
0.117615
0.096095
0.355703
0.178042
0.131913
0.155008
0.116137
0.138405
0.100304
0.179907
0.114549
0.078615
0.069333
0.114924
0.065168
0.117765
0.112292
0.101955
0.141791
0.052762
0.133204
0.120681
0.196814
0.093223
0.110080
0.140891
0.143171
0.101430
0.209463
0.207555
0.141577
0.115679
0.108781
0.081053
0.215319
0.116927
0.116073
0.125184
0.082337
0.154085
0.167593
0.111895
0.080917
0.123649
0.126218
0.096126
0.102577
0.089901
0.113981
0.177541
0.136267
0.093204
0.128050
0.102898
0.238528
0.106249
0.066634
0.080221
0.065260
0.093091
0.092959
0.144815
0.059661
0.077699
0.170804
0.061415
0.144598
0.138919
0.057362
0.060248
0.129982
0.250168
0.150028
0.115273
0.069868
0.109179
0.101179
0.186790
0.097378
0.126796
