0.206013
0.203740
0.267227
0.238748
0.245030
0.344287
0.417796
0.035552
0.308141
0.166662
0.248032
0.168384
0.225478
0.081165
0.048010
0.109234
0.118120
0.323995
0.145403
0.188726
0.096675
0.188086
0.133893
0.265531
0.203683
0.134898
0.199418
0.122567
0.240501
0.240390
0.200978
0.122915
0.113927
0.118044
0.056683
0.095403
0.082911
0.192588
0.132487
0.226078
0.106004
0.313105
0.127945
0.505897
0.495207
0.166763
0.053791
0.135877
0.267197
0.559436
0.078790
0.404853
0.336945
0.103627
0.458070
0.090353
0.147107
0.077951
0.219499
0.105285
0.154902
0.247478
0.139837
0.232138
0.222317
0.244583
0.233292
0.261628
0.261797
0.099433
0.517540
0.133477
0.234791
0.191795
0.464834
0.196562
0.189214
0.156848
0.152124
0.180720
0.355332
0.055918
0.244461
0.407022
0.210582
0.101587
0.040507
0.164709
0.185980
0.221277
0.277370
0.232747
0.114348
0.186369
0.123928
0.284726
0.161814
0.125124
0.130591
0.102488
