0.011607
0.008226
0.010960
0.010366
0.011842
0.008621
0.009056
0.014087
0.006058
0.019311
0.012470
0.016323
0.007995
0.012248
0.004458
0.008493
0.016519
0.008901
0.021037
0.008822
0.010836
0.009514
0.010199
0.013466
0.011264
0.011703
0.008933
0.010926
0.010533
0.011099
0.007111
0.013899
0.018904
0.012571
0.012246
0.011881
0.012889
0.009812
0.021095
0.007218
0.011438
0.008584
0.012003
0.005736
0.005274
0.010961
0.024210
0.025971
0.016136
0.011127
0.011789
0.008892
0.023736
0.011443
0.019031
0.010674
0.016340
0.004753
0.013824
0.008069
0.007014
0.007949
0.008279
0.011993
0.007975
0.006984
0.016811
0.019085
0.014055
0.011250
0.013154
0.011324
0.015184
0.017340
0.017507
0.010519
0.011032
0.009116
0.015440
0.005029
0.011180
0.009017
0.011602
0.020882
0.006843
0.006528
0.015369
0.011221
0.005799
0.016439
0.014525
0.014381
0.010078
0.018671
0.012679
0.017513
0.010591
0.014371
0.007104
0.006940
