0.001692
0.001456
0.001481
0.001231
0.001640
0.001666
0.001594
0.001462
0.001495
0.001825
0.001394
0.001383
0.001354
0.001512
0.001557
0.001478
0.001483
0.001596
0.001648
0.001626
0.001929
0.001760
0.001460
0.001654
0.001550
0.002089
0.001769
0.001480
0.001625
0.001505
0.001717
0.002306
0.001859
0.001665
0.001538
0.001809
0.001486
0.002009
0.001434
0.001569
0.001514
0.001435
0.001359
0.001282
0.001597
0.001781
0.001690
0.001852
0.001457
0.001846
0.001553
0.001547
0.001535
0.001564
0.001573
0.001782
0.001517
0.001566
0.001409
0.001621
0.001441
0.001688
0.001583
0.001339
0.001354
0.001282
0.001367
0.001534
0.001830
0.001618
0.001781
0.001564
0.002150
0.001679
0.001614
0.001607
0.001775
0.001628
0.001333
0.001784
0.001431
0.001510
0.001574
0.001329
0.001797
0.001330
0.001670
0.001301
0.001910
0.002338
0.001652
0.001267
0.001758
0.001474
0.001405
0.001505
0.001622
0.001290
0.001351
0.001819
