0.006951
0.010060
0.020433
0.005483
0.008843
0.015584
0.046333
0.010901
0.024815
0.010281
0.029668
0.014915
0.006046
0.014271
0.005077
0.046223
0.009736
0.007004
0.069866
0.009165
0.003996
0.014806
0.041548
0.017786
0.003282
0.030166
0.033766
0.010118
0.042643
0.034993
0.011386
0.006249
0.010225
0.011936
0.011581
0.012218
0.016613
0.011870
0.005902
0.016671
0.012086
0.009426
0.046314
0.015967
0.007971
0.010015
0.020161
0.017314
0.007164
0.013421
0.017010
0.030597
0.004985
0.012547
0.006659
0.031707
0.009899
0.056382
0.035788
0.016173
0.014758
0.011578
0.015054
0.005597
0.008193
0.003193
0.009055
0.023117
0.014799
0.010376
0.011857
0.017690
0.032690
0.005048
0.010447
0.006458
0.013716
0.005589
0.006953
0.013137
0.040620
0.032086
0.014790
0.020854
0.047234
0.013050
0.006199
0.006939
0.008220
0.006363
0.008763
0.032523
0.006358
0.043117
0.006064
0.023320
0.039733
0.011234
0.038901
0.005876
