0.060467
0.115490
0.259068
0.082497
0.078911
0.036267
0.043436
0.077572
0.068043
0.105472
0.101987
0.066889
0.059639
0.067120
0.184068
0.012317
0.103512
0.095564
0.082107
0.071340
0.280342
0.031005
0.107215
0.071601
0.046801
0.071338
0.090792
0.079242
0.108840
0.159499
0.108605
0.022390
0.018934
0.070169
0.077844
0.155632
0.053401
0.062204
0.108088
0.050351
0.061970
0.056055
0.069730
0.064535
0.298608
0.087882
0.102631
0.099026
0.120469
0.053317
0.072081
0.049853
0.027360
0.052856
0.037642
0.063416
0.025806
0.134555
0.131705
0.118651
0.092994
0.144171
0.082113
0.041071
0.034703
0.066829
0.065066
0.052000
0.028566
0.066466
0.238106
0.060008
0.044647
0.065639
0.073559
0.091582
0.055725
0.056021
0.053762
0.064476
0.032514
0.226923
0.051722
0.252281
0.048322
0.084737
0.245647
0.064796
0.088620
0.087764
0.078263
0.326354
0.076636
0.076637
0.047137
0.052500
0.118087
0.051750
0.313945
0.054725
