0.023129
0.445523
0.100060
0.007292
0.040917
0.012410
0.015140
0.011607
0.376653
0.004028
0.019885
0.040876
0.019975
0.063355
0.011700
0.020233
0.011122
0.184355
0.009682
0.147420
0.031610
0.007284
0.023784
0.020329
0.002929
0.006242
0.173106
0.016584
0.010504
0.135666
0.140701
0.024890
0.011586
0.077150
0.105160
0.197085
0.043007
0.007584
0.161447
0.011645
0.016673
0.010076
0.006435
0.380278
0.036612
0.011627
0.011262
0.077370
0.178576
0.006216
0.017105
0.015575
0.007286
0.317987
0.364831
0.010152
0.002944
0.017883
0.010021
0.098715
0.010582
0.064327
0.017386
0.098250
0.116582
0.059909
0.005589
0.006104
0.011825
0.097077
0.049156
0.026648
0.078429
0.011030
0.255581
0.170366
0.010793
0.004213
0.016709
0.003985
0.006327
0.523542
0.010572
0.098987
0.009466
0.047694
0.014379
0.012870
0.043078
0.044475
0.026543
0.062595
0.186473
0.084433
0.012990
0.348407
0.036164
0.123405
0.105590
0.011198
