0.059380
0.042540
0.056264
0.069601
0.051371
0.061637
0.031055
0.071027
0.063063
0.037950
0.061972
0.099558
0.050828
0.048728
0.032228
0.067620
0.039848
0.129083
0.073088
0.077256
0.077679
0.043797
0.031061
0.068790
0.063459
0.050145
0.022710
0.048656
0.068514
0.144284
0.043441
0.060592
0.031960
0.100314
0.077715
0.075010
0.124762
0.049986
0.065908
0.069375
0.038592
0.090772
0.088964
0.031113
0.086482
0.062592
0.058913
0.079936
0.118597
0.026576
0.064689
0.047909
0.063444
0.058731
0.110937
0.086799
0.047576
0.034496
0.068570
0.006500
0.060714
0.088232
0.116454
0.065753
0.051819
0.052193
0.079553
0.075461
0.039602
0.056340
0.094520
0.093900
0.063091
0.024180
0.009162
0.103363
0.047240
0.058445
0.080275
0.083913
0.063560
0.399659
0.028057
0.062153
0.108304
0.041339
0.069727
0.081861
0.028398
0.020780
0.088356
0.012732
0.126430
0.098488
0.051865
0.143923
0.017938
0.102228
0.181710
0.044009
