0.013598
0.012844
0.014056
0.012684
0.012177
0.012472
0.010672
0.012591
0.011889
0.013123
0.012326
0.012624
0.011851
0.011115
0.012713
0.012573
0.012769
0.010868
0.012425
0.012824
0.011661
0.012313
0.010988
0.011337
0.012384
0.011424
0.010629
0.011361
0.012793
0.013518
0.012112
0.012522
0.013925
0.011626
0.013176
0.011379
0.012777
0.012256
0.010705
0.011981
0.011494
0.011820
0.013052
0.012889
0.013689
0.012355
0.011457
0.009567
0.011635
0.013313
0.013387
0.013553
0.012420
0.011987
0.010648
0.012135
0.013573
0.012294
0.013682
0.011399
0.011822
0.012113
0.014019
0.014460
0.012123
0.005147
0.013215
0.012558
0.011187
0.006896
0.012117
0.011338
0.012593
0.012936
0.012511
0.012568
0.013263
0.012497
0.013191
0.007435
0.012998
0.011206
0.011159
0.012102
0.012449
0.013167
0.012187
0.007319
0.011664
0.012180
0.013829
0.012294
0.012944
0.011548
0.013207
0.012029
0.007231
0.012101
0.011748
0.012580
