0.002814
0.002340
0.002673
0.002262
0.001983
0.002413
0.002442
0.002020
0.002057
0.002392
0.002137
0.002473
0.001876
0.002199
0.002327
0.002658
0.002889
0.002218
0.002310
0.002241
0.002495
0.002501
0.002199
0.002329
0.001938
0.002595
0.001990
0.002010
0.002160
0.002242
0.002357
0.002011
0.002216
0.002107
0.002171
0.002233
0.002257
0.002503
0.002401
0.002065
0.002055
0.002173
0.002262
0.002216
0.002382
0.001982
0.002403
0.002396
0.002352
0.002286
0.002107
0.002478
0.002253
0.001973
0.002287
0.002320
0.002282
0.001987
0.002536
0.002113
0.002315
0.002193
0.002211
0.002125
0.002271
0.002551
0.002292
0.002380
0.002175
0.002236
0.002239
0.002314
0.002214
0.002223
0.002149
0.002125
0.002279
0.001940
0.002326
0.002294
0.002453
0.002108
0.001983
0.002110
0.002117
0.002079
0.002208
0.002311
0.002456
0.002321
0.002259
0.002229
0.002344
0.002362
0.002185
0.002241
0.002125
0.002187
0.002395
0.002313
