0.033634
0.019865
0.054819
0.041884
0.024121
0.040867
0.028189
0.032832
0.037436
0.031518
0.029127
0.036948
0.024844
0.030774
0.040684
0.027853
0.031202
0.040497
0.033396
0.028316
0.040934
0.030306
0.032598
0.025620
0.036925
0.034820
0.040731
0.037963
0.029513
0.033606
0.035055
0.036537
0.039833
0.020805
0.034627
0.044496
0.040145
0.035647
0.040035
0.038728
0.034796
0.038634
0.031106
0.031287
0.035052
0.033776
0.035295
0.051343
0.030806
0.037882
0.037160
0.036709
0.046219
0.039208
0.031921
0.042141
0.032350
0.040657
0.033075
0.042961
0.035990
0.033797
0.041941
0.031407
0.046875
0.026334
0.035240
0.046053
0.031653
0.032408
0.025548
0.027197
0.055903
0.052221
0.064207
0.041054
0.029344
0.036404
0.036036
0.037684
0.028155
0.028163
0.033948
0.030967
0.030624
0.038238
0.038097
0.037993
0.028383
0.039281
0.034223
0.036107
0.036300
0.031998
0.034387
0.036041
0.032231
0.040141
0.035478
0.042499
