0.013794
0.010000
0.014666
0.020538
0.009959
0.004113
0.010387
0.005647
0.004354
0.012768
0.012425
0.006757
0.010753
0.011059
0.010849
0.015989
0.014100
0.014203
0.004725
0.014470
0.010786
0.013647
0.012673
0.014783
0.012157
0.013842
0.009304
0.010084
0.009330
0.012698
0.011110
0.011759
0.010213
0.011713
0.015746
0.012039
0.011291
0.009833
0.010968
0.013342
0.017740
0.013515
0.011255
0.010252
0.010759
0.010556
0.010187
0.010709
0.007030
0.010093
0.003741
0.009938
0.013776
0.008636
0.014762
0.011587
0.010906
0.013331
0.005093
0.013160
0.011761
0.012138
0.011101
0.004624
0.010509
0.021711
0.010981
0.009465
0.009410
0.010422
0.012942
0.010208
0.008990
0.004599
0.009204
0.013622
0.009663
0.012702
0.010129
0.011072
0.011174
0.014642
0.012169
0.014160
0.014298
0.014030
0.014395
0.010153
0.010775
0.017190
0.012761
0.011652
0.011844
0.010227
0.015160
0.011553
0.009580
0.011030
0.025808
0.011655
