0.041573
0.047011
0.057329
0.047503
0.056018
0.062886
0.046262
0.042365
0.064473
0.052073
0.058544
0.046094
0.053895
0.058118
0.044224
0.059093
0.061507
0.055713
0.052826
0.056176
0.058763
0.069183
0.052693
0.042706
0.061209
0.053660
0.049171
0.055212
0.045608
0.050107
0.048527
0.057094
0.046719
0.048171
0.051675
0.058112
0.057931
0.044662
0.042549
0.044369
0.050624
0.053901
0.043925
0.051405
0.055516
0.055937
0.045274
0.042153
0.052421
0.061554
0.058661
0.049046
0.064838
0.049297
0.052151
0.056833
0.051394
0.043985
0.045987
0.038015
0.041203
0.033174
0.073842
0.054524
0.054948
0.064935
0.058780
0.054617
0.057274
0.044562
0.054995
0.042462
0.033052
0.054324
0.043578
0.057661
0.045317
0.039307
0.054400
0.045192
0.053405
0.058234
0.041931
0.050535
0.046165
0.054546
0.071491
0.044533
0.053484
0.055383
0.042367
0.048208
0.056079
0.053751
0.049620
0.048550
0.043035
0.054135
0.048043
0.044999
