0.029183
0.044902
0.040348
0.035215
0.027283
0.050210
0.026842
0.028601
0.026773
0.031192
0.061809
0.043274
0.029712
0.030665
0.029527
0.030309
0.024362
0.058393
0.030802
0.031859
0.027671
0.089506
0.037388
0.031957
0.029557
0.025151
0.042001
0.030336
0.029166
0.030216
0.059350
0.029021
0.049675
0.033263
0.041347
0.023361
0.023854
0.043944
0.044691
0.033804
0.024173
0.036461
0.031351
0.032761
0.031813
0.034269
0.018088
0.023509
0.039926
0.016032
0.043629
0.037326
0.040175
0.028278
0.034243
0.029045
0.038031
0.031620
0.022483
0.035716
0.030093
0.029562
0.024554
0.084445
0.032672
0.026544
0.026401
0.024161
0.026675
0.032808
0.028667
0.030886
0.078738
0.032083
0.039528
0.040855
0.033709
0.026797
0.030039
0.032495
0.052273
0.061969
0.027382
0.028729
0.027146
0.028590
0.035632
0.036049
0.026761
0.053010
0.040521
0.024887
0.030196
0.043051
0.025774
0.027643
0.037459
0.035970
0.032802
0.033020
