0.015069
0.013669
0.011504
0.012542
0.012525
0.013833
0.007329
0.014528
0.009752
0.011036
0.012451
0.020553
0.014131
0.009898
0.010877
0.013197
0.013271
0.015675
0.012997
0.009831
0.015269
0.007172
0.014011
0.012392
0.010795
0.006207
0.009954
0.014948
0.009149
0.013563
0.014664
0.015945
0.014285
0.011141
0.008080
0.009475
0.010915
0.015607
0.013218
0.016720
0.012496
0.008276
0.007110
0.004768
0.016729
0.012912
0.007123
0.012208
0.012626
0.004655
0.013328
0.017729
0.011041
0.013032
0.012430
0.005189
0.009217
0.011660
0.014282
0.011718
0.016104
0.009156
0.013997
0.006541
0.011920
0.012190
0.014083
0.007957
0.014900
0.015598
0.014388
0.013773
0.016348
0.013780
0.009430
0.012427
0.013978
0.014919
0.010902
0.005294
0.012004
0.007063
0.013628
0.009356
0.012842
0.023009
0.011491
0.004616
0.012736
0.006959
0.014963
0.015537
0.008984
0.004768
0.013191
0.013188
0.013684
0.016347
0.013983
0.014506
