0.027069
0.026311
0.025384
0.032012
0.026349
0.034603
0.024485
0.026260
0.031183
0.026221
0.024984
0.028542
0.033669
0.033590
0.027482
0.022985
0.026569
0.025032
0.028860
0.031518
0.031949
0.031793
0.035640
0.027201
0.032628
0.030859
0.032530
0.028238
0.025900
0.027862
0.029455
0.037632
0.023995
0.040558
0.030509
0.033695
0.027573
0.027934
0.029030
0.030445
0.031888
0.033218
0.035414
0.029027
0.028915
0.026314
0.028457
0.027753
0.032730
0.038359
0.034368
0.030086
0.025445
0.027380
0.029115
0.032484
0.028807
0.022469
0.024391
0.027774
0.033844
0.027325
0.040287
0.029057
0.035848
0.027953
0.023780
0.030778
0.029781
0.036279
0.022149
0.036257
0.026942
0.028229
0.025303
0.031480
0.034271
0.029732
0.026693
0.034268
0.028765
0.037859
0.033904
0.027045
0.026889
0.031933
0.030065
0.025268
0.027452
0.033460
0.032383
0.041280
0.032523
0.029645
0.032814
0.028017
0.027173
0.028747
0.030033
0.035495
