0.011337
0.003848
0.010699
0.005572
0.010050
0.007238
0.010064
0.008081
0.007175
0.011302
0.015886
0.023794
0.011988
0.010315
0.007532
0.015273
0.008670
0.010348
0.005153
0.011401
0.009782
0.010448
0.010759
0.010394
0.012578
0.011461
0.011373
0.014269
0.009251
0.011268
0.009460
0.010989
0.010568
0.010785
0.010967
0.010528
0.015890
0.011095
0.016882
0.011926
0.024428
0.011963
0.011584
0.010371
0.010610
0.010230
0.010517
0.018534
0.003815
0.010799
0.005302
0.010711
0.011736
0.010848
0.010926
0.006075
0.010369
0.011574
0.012958
0.011919
0.011569
0.011029
0.010208
0.009100
0.011570
0.026298
0.010504
0.011210
0.010808
0.011600
0.010969
0.010494
0.011160
0.014785
0.010638
0.012271
0.011269
0.010625
0.011133
0.010655
0.011351
0.011160
0.010736
0.025591
0.010293
0.008330
0.011146
0.010130
0.012066
0.011133
0.011982
0.009974
0.011287
0.022538
0.011339
0.010487
0.021871
0.009746
0.009130
0.011250
