0.040053
0.038933
0.040297
0.038547
0.043345
0.044524
0.033521
0.040436
0.032593
0.035869
0.040896
0.027008
0.047288
0.046519
0.036685
0.036327
0.042812
0.034610
0.040197
0.040410
0.040884
0.049835
0.046053
0.035688
0.030384
0.039502
0.052769
0.046834
0.029544
0.043082
0.044394
0.043915
0.034093
0.041052
0.037659
0.038493
0.039732
0.032331
0.041223
0.038166
0.037801
0.040338
0.034750
0.036559
0.043200
0.039591
0.033664
0.037375
0.045681
0.035536
0.039396
0.045765
0.042454
0.037931
0.048487
0.039288
0.028469
0.034511
0.033355
0.053451
0.038498
0.038116
0.038316
0.050114
0.033301
0.032984
0.052454
0.036317
0.051728
0.040729
0.042322
0.034205
0.036125
0.035482
0.040180
0.043959
0.051711
0.043689
0.032817
0.034530
0.045541
0.036220
0.033686
0.038040
0.038411
0.041440
0.047021
0.031196
0.036452
0.037542
0.038134
0.041292
0.036818
0.037256
0.043058
0.037851
0.035298
0.040519
0.032599
0.035345
