0.027153
0.017859
0.013365
0.012049
0.023365
0.018205
0.026558
0.022929
0.015074
0.027966
0.019351
0.026923
0.025261
0.023085
0.023901
0.015846
0.011898
0.013263
0.022745
0.023883
0.024277
0.019463
0.023036
0.024446
0.019353
0.024734
0.013790
0.025478
0.020315
0.024705
0.030188
0.017521
0.016905
0.024132
0.016888
0.020137
0.023746
0.020149
0.014093
0.027473
0.017316
0.014569
0.027479
0.018260
0.023313
0.020253
0.015555
0.021590
0.017059
0.014198
0.016172
0.030229
0.019317
0.024523
0.024710
0.016514
0.015831
0.021708
0.019069
0.019691
0.013010
0.024951
0.017468
0.018819
0.014191
0.017662
0.024483
0.020322
0.024790
0.026841
0.021731
0.018851
0.022301
0.020909
0.018298
0.017249
0.026197
0.020989
0.022069
0.017675
0.020327
0.020703
0.022637
0.025720
0.025496
0.011930
0.020231
0.016513
0.018000
0.023665
0.012135
0.024523
0.018305
0.015821
0.023448
0.018010
0.014235
0.021145
0.025972
0.010053
