0.021114
0.018833
0.010025
0.005312
0.002320
0.020385
0.002609
0.009380
0.018867
0.010199
0.017641
0.022754
0.023434
0.024266
0.006874
0.007955
0.008174
0.007120
0.013912
0.025424
0.022581
0.004026
0.022210
0.029510
0.020708
0.005842
0.003519
0.006563
0.020465
0.007097
0.004212
0.004358
0.004619
0.008694
0.009627
0.017329
0.022856
0.004980
0.018852
0.005335
0.009794
0.018139
0.018283
0.003423
0.003374
0.006086
0.024671
0.017662
0.007097
0.003562
0.004681
0.007627
0.014617
0.008192
0.031421
0.016498
0.013251
0.019180
0.002664
0.014062
0.006329
0.007100
0.019665
0.003193
0.017909
0.022434
0.018436
0.022285
0.003546
0.005553
0.010349
0.004048
0.007005
0.005137
0.018089
0.009278
0.015047
0.010302
0.008057
0.017703
0.020445
0.007885
0.004812
0.007296
0.005861
0.006014
0.006472
0.008117
0.003838
0.020617
0.004676
0.006214
0.006742
0.019427
0.004308
0.016901
0.016945
0.003614
0.002849
0.024150
