0.015705
0.032983
0.017196
0.028853
0.047310
0.018971
0.016445
0.017283
0.014235
0.032573
0.013112
0.030305
0.039736
0.015484
0.033644
0.043936
0.042196
0.032750
0.024504
0.025270
0.013675
0.019726
0.038751
0.028592
0.021511
0.009981
0.017738
0.032118
0.021162
0.022426
0.029614
0.022974
0.037206
0.037144
0.031653
0.020593
0.028952
0.025665
0.036331
0.026780
0.040123
0.028620
0.015895
0.037594
0.037858
0.039718
0.042176
0.038114
0.020625
0.047188
0.033025
0.019979
0.015515
0.029757
0.031932
0.032399
0.016196
0.027739
0.027267
0.015975
0.020708
0.023942
0.029124
0.035688
0.022791
0.014585
0.032637
0.028663
0.015173
0.024462
0.033190
0.019109
0.030338
0.023545
0.034173
0.043110
0.007357
0.014617
0.036720
0.016472
0.030128
0.021331
0.035587
0.037966
0.027526
0.017214
0.012116
0.025580
0.018752
0.021524
0.023173
0.051822
0.021313
0.040396
0.026642
0.023031
0.035809
0.029542
0.018549
0.017533
