0.002706
0.004168
0.023591
0.003050
0.003753
0.003117
0.020766
0.014503
0.002202
0.005544
0.020454
0.020283
0.021755
0.011183
0.023328
0.001508
0.003507
0.006150
0.008536
0.008253
0.004013
0.023490
0.021606
0.003415
0.002290
0.004999
0.010858
0.007534
0.012085
0.010683
0.007527
0.020418
0.006618
0.003414
0.022628
0.003804
0.003807
0.020355
0.021967
0.022878
0.006959
0.022709
0.002336
0.021698
0.021849
0.005175
0.002251
0.021706
0.003586
0.007530
0.022217
0.008436
0.020195
0.004682
0.010965
0.015627
0.009646
0.021810
0.002372
0.006310
0.011977
0.024053
0.021758
0.021737
0.011286
0.020907
0.011735
0.020073
0.006389
0.015691
0.021758
0.007940
0.019740
0.002635
0.002296
0.022000
0.001969
0.023484
0.008324
0.007815
0.021313
0.006289
0.023939
0.023250
0.012141
0.021383
0.003738
0.002461
0.021742
0.022171
0.003105
0.004218
0.008044
0.020696
0.023826
0.024719
0.020962
0.008838
0.001786
0.014867
