0.029985
0.030426
0.039334
0.034989
0.024886
0.024823
0.036810
0.027897
0.022960
0.036549
0.026846
0.039898
0.037336
0.033358
0.021648
0.036250
0.030047
0.037478
0.041296
0.027241
0.040913
0.031713
0.050519
0.028603
0.028278
0.028794
0.049561
0.028092
0.027073
0.029554
0.036304
0.028903
0.033864
0.032431
0.025281
0.031050
0.034477
0.029585
0.026316
0.018557
0.026884
0.026454
0.038346
0.038609
0.032860
0.041668
0.030574
0.026359
0.038032
0.021529
0.028399
0.042337
0.022660
0.030430
0.030558
0.031580
0.034733
0.029935
0.031170
0.019676
0.033464
0.049319
0.022946
0.026823
0.029778
0.030146
0.029460
0.024424
0.029121
0.028481
0.041397
0.025697
0.021872
0.038609
0.024471
0.030612
0.019338
0.043232
0.028526
0.033035
0.021711
0.037878
0.031077
0.024907
0.041021
0.040572
0.021828
0.023301
0.036068
0.039483
0.035210
0.030471
0.023623
0.022691
0.036828
0.035127
0.034679
0.022625
0.021001
0.030602
