0.025422
0.007812
0.036068
0.024892
0.026770
0.012222
0.043504
0.018620
0.032453
0.011320
0.012018
0.027131
0.030315
0.038087
0.027752
0.025319
0.034719
0.007377
0.025362
0.028695
0.038599
0.029200
0.044958
0.022649
0.009896
0.012483
0.008391
0.010225
0.026864
0.009863
0.030279
0.026277
0.026567
0.038207
0.013116
0.006635
0.010301
0.038792
0.014690
0.036019
0.016183
0.028463
0.039211
0.011162
0.030296
0.027006
0.008920
0.026106
0.027379
0.027157
0.031646
0.013799
0.041461
0.036723
0.013908
0.040234
0.008024
0.030788
0.033967
0.010604
0.009760
0.011360
0.027882
0.013636
0.012483
0.024014
0.027012
0.014912
0.015559
0.010111
0.028452
0.024907
0.027923
0.020067
0.011645
0.018107
0.026134
0.017545
0.035194
0.010879
0.029598
0.007564
0.015570
0.033041
0.009687
0.027493
0.021150
0.029363
0.029258
0.010598
0.010798
0.007252
0.008606
0.024364
0.044957
0.023687
0.010342
0.027320
0.023107
0.021874
