0.001295
0.003732
0.003650
0.003275
0.003371
0.002839
0.002578
0.003139
0.003836
0.003560
0.003580
0.003127
0.002163
0.004006
0.004927
0.002485
0.003923
0.002758
0.001658
0.005149
0.003311
0.002039
0.003517
0.002566
0.002520
0.001592
0.002563
0.003844
0.002231
0.003269
0.003344
0.001717
0.002517
0.002428
0.004820
0.003393
0.002563
0.002261
0.004622
0.002362
0.003297
0.003233
0.002351
0.001743
0.002567
0.003722
0.003263
0.005251
0.002055
0.002225
0.005068
0.005069
0.002403
0.002701
0.002937
0.003433
0.002406
0.002171
0.002567
0.002476
0.002348
0.003079
0.003973
0.003720
0.003181
0.002995
0.005301
0.003117
0.002925
0.003562
0.003317
0.001802
0.003286
0.003363
0.003862
0.003165
0.003716
0.003091
0.004674
0.003228
0.001829
0.003826
0.002847
0.002863
0.002930
0.004499
0.003135
0.004610
0.002476
0.004438
0.003824
0.002139
0.002260
0.001818
0.005116
0.003624
0.001875
0.002552
0.003314
0.002556
