0.370981
0.159848
0.161364
0.260472
0.127244
0.136956
0.309579
0.240807
0.101358
0.184190
0.073350
0.106221
0.154628
0.191641
0.094163
0.248212
0.042686
0.533550
0.520172
0.348761
0.181862
0.498931
0.192854
0.306272
0.205755
0.302523
0.153340
0.209565
0.111700
0.329365
0.423066
0.258108
0.296702
0.443977
0.473573
0.085603
0.107857
0.203647
0.414488
0.552190
0.150309
0.117198
0.114868
0.189810
0.280025
0.235285
0.443759
0.147701
0.578437
0.140638
0.127874
0.097524
0.195641
0.372134
0.305531
0.490575
0.340452
0.215993
0.150768
0.078951
0.201048
0.114278
0.525297
0.076552
0.262391
0.192446
0.095171
0.143488
0.074061
0.249668
0.094535
0.268317
0.055602
0.458578
0.048361
0.065693
0.172425
0.118184
0.407515
0.075186
0.183875
0.387423
0.232591
0.095645
0.199274
0.087339
0.234364
0.407185
0.546287
0.105159
0.115766
0.136514
0.078682
0.067299
0.448244
0.284860
0.061939
0.138900
0.277320
0.303776
