0.078410
0.143948
0.120326
0.142349
0.364955
0.109131
0.175832
0.279551
0.312559
0.340596
0.213585
0.206375
0.203246
0.195765
0.088114
0.153067
0.134681
0.119012
0.455893
0.260837
0.111162
0.394467
0.258414
0.342806
0.054769
0.306257
0.370667
0.258375
0.106702
0.152205
0.090108
0.246067
0.210774
0.420977
0.179066
0.114395
0.205859
0.132018
0.303122
0.127555
0.223936
0.065624
0.102360
0.306925
0.153630
0.094439
0.110894
0.283941
0.099778
0.052182
0.362641
0.256082
0.254382
0.137028
0.067620
0.374308
0.102496
0.281539
0.119463
0.319021
0.307023
0.085010
0.408331
0.384106
0.104524
0.176544
0.055135
0.077596
0.382203
0.154712
0.227361
0.093670
0.404874
0.421238
0.074644
0.061142
0.095824
0.284125
0.331224
0.198122
0.151721
0.153384
0.070498
0.260605
0.143226
0.350232
0.224312
0.313153
0.077326
0.322977
0.071459
0.127821
0.204168
0.070595
0.469414
0.413236
0.142362
0.118350
0.196838
0.082442
