0.118077
0.257158
0.116435
0.116314
0.537649
0.270963
0.337304
0.359010
0.413212
0.527589
0.273556
0.311625
0.312838
0.107901
0.433040
0.128775
0.068889
0.193119
0.117485
0.267190
0.178070
0.233081
0.388493
0.267342
0.178324
0.087188
0.126088
0.217785
0.436017
0.287394
0.438754
0.131441
0.317959
0.473407
0.448979
0.079860
0.333506
0.191707
0.291909
0.431006
0.383716
0.089204
0.117764
0.382937
0.575785
0.477861
0.392157
0.139458
0.139287
0.359621
0.094981
0.103056
0.124614
0.077142
0.146810
0.147578
0.560987
0.443579
0.137369
0.074786
0.083922
0.081653
0.112209
0.083510
0.077728
0.274277
0.078764
0.091247
0.124341
0.139857
0.179036
0.253997
0.065936
0.647994
0.172819
0.179937
0.077588
0.269410
0.535084
0.109802
0.324651
0.366609
0.495585
0.132324
0.189663
0.525680
0.293270
0.122249
0.116322
0.367748
0.101201
0.317049
0.092013
0.114077
0.096880
0.541688
0.237921
0.357764
0.470045
0.308529
