0.123800
0.108203
0.202363
0.101803
0.113681
0.085873
0.126230
0.121494
0.095256
0.096477
0.144569
0.098851
0.121738
0.066964
0.132267
0.082246
0.070007
0.086943
0.085844
0.093635
0.246048
0.136020
0.050753
0.126220
0.084558
0.200006
0.123716
0.121838
0.190646
0.126157
0.095429
0.120664
0.085970
0.141207
0.084879
0.085583
0.164902
0.160982
0.085327
0.086247
0.074772
0.074063
0.160606
0.083369
0.105683
0.112454
0.091985
0.151237
0.073303
0.089961
0.101572
0.087534
0.081732
0.110680
0.092357
0.225437
0.117382
0.084745
0.102400
0.202043
0.143369
0.155351
0.082105
0.069588
0.137855
0.169017
0.226210
0.157120
0.137876
0.067318
0.238652
0.082277
0.122997
0.109275
0.099416
0.111880
0.068539
0.134020
0.147062
0.127507
0.097453
0.111593
0.208517
0.145692
0.117349
0.077489
0.077409
0.103330
0.128847
0.087213
0.139617
0.108050
0.123889
0.127940
0.108983
0.110891
0.120900
0.096440
0.114202
0.116678
