0.093473
0.278737
0.186262
0.120778
0.091599
0.107408
0.343144
0.246441
0.090370
0.343236
0.121007
0.128113
0.089721
0.179734
0.049864
0.216974
0.287765
0.248135
0.206604
0.057676
0.090832
0.343851
0.222943
0.247841
0.073646
0.138683
0.278274
0.322367
0.152260
0.160618
0.085963
0.186353
0.230170
0.177201
0.248073
0.086543
0.117567
0.157008
0.081141
0.408661
0.173267
0.434372
0.122135
0.228685
0.112500
0.181009
0.278358
0.096747
0.087774
0.159565
0.055610
0.210117
0.342765
0.447166
0.366307
0.105060
0.060881
0.070057
0.252338
0.303868
0.151039
0.069084
0.425712
0.216495
0.160104
0.202830
0.083677
0.097521
0.110784
0.262967
0.079270
0.418903
0.324461
0.287992
0.358544
0.331674
0.170360
0.158620
0.395843
0.242466
0.176959
0.318997
0.088203
0.433588
0.222726
0.252635
0.203035
0.174280
0.105488
0.267475
0.064186
0.172506
0.213514
0.116592
0.418369
0.085738
0.201105
0.129599
0.112724
0.181361
