0.008138
0.004165
0.008383
0.004768
0.003586
0.010187
0.004036
0.011907
0.003908
0.012282
0.014095
0.013562
0.004239
0.005267
0.004753
0.012514
0.005151
0.003749
0.002691
0.012713
0.010596
0.009767
0.004267
0.003291
0.003624
0.003426
0.010235
0.004518
0.012066
0.008894
0.009555
0.005807
0.003325
0.010806
0.003190
0.003175
0.009193
0.007099
0.002965
0.010810
0.007474
0.004423
0.013461
0.003526
0.014784
0.004673
0.003874
0.003890
0.004199
0.003909
0.007579
0.004618
0.007380
0.004221
0.003754
0.003762
0.008768
0.014560
0.009133
0.010371
0.003545
0.011122
0.004334
0.007824
0.010154
0.010472
0.003235
0.003017
0.003960
0.008094
0.004240
0.005675
0.005494
0.007757
0.007669
0.004424
0.005037
0.005229
0.002914
0.003960
0.004528
0.007003
0.004077
0.008583
0.013685
0.006779
0.006581
0.008011
0.006582
0.013262
0.003335
0.007310
0.008172
0.008315
0.012725
0.012239
0.003897
0.003149
0.002991
0.013995
