0.001907
0.001564
0.001558
0.001680
0.001895
0.001870
0.001837
0.001835
0.001924
0.001636
0.001852
0.001810
0.001737
0.001718
0.001534
0.001653
0.001778
0.001606
0.001900
0.001457
0.001868
0.001693
0.001792
0.001534
0.001681
0.001704
0.001707
0.001724
0.001609
0.001616
0.001642
0.001706
0.001580
0.001703
0.001417
0.001740
0.001692
0.001545
0.001800
0.001643
0.001648
0.001760
0.001863
0.001679
0.001884
0.001755
0.001890
0.001805
0.001582
0.001666
0.001659
0.001875
0.001642
0.001643
0.001581
0.001643
0.001717
0.001665
0.001656
0.001704
0.001948
0.001774
0.001694
0.001615
0.001664
0.001691
0.001948
0.001982
0.001751
0.001822
0.001545
0.001707
0.001448
0.001604
0.001839
0.001587
0.001784
0.001782
0.001777
0.001712
0.001687
0.001749
0.001922
0.001767
0.001620
0.001709
0.001513
0.001854
0.001831
0.001580
0.001821
0.001572
0.001734
0.001699
0.001650
0.001732
0.001755
0.001760
0.001790
0.001644
