0.012810
0.015642
0.014207
0.011337
0.012688
0.007231
0.011521
0.010565
0.011573
0.008760
0.009971
0.009315
0.014760
0.015437
0.011418
0.011213
0.012708
0.009662
0.016194
0.008561
0.007984
0.006260
0.009847
0.013655
0.017880
0.007734
0.009117
0.009609
0.007319
0.014527
0.014107
0.009606
0.012337
0.015308
0.009918
0.015728
0.009533
0.009881
0.007957
0.011024
0.014717
0.006993
0.010340
0.015372
0.014441
0.009065
0.010128
0.016979
0.006159
0.011755
0.010812
0.012045
0.011024
0.015736
0.011460
0.012369
0.012936
0.010125
0.012846
0.013038
0.008378
0.014863
0.010421
0.013147
0.008165
0.010151
0.016379
0.008886
0.010707
0.018503
0.009833
0.007510
0.013294
0.022322
0.012727
0.009911
0.017117
0.009286
0.013431
0.012803
0.015191
0.013612
0.015255
0.010809
0.011138
0.010129
0.010128
0.011219
0.014198
0.011689
0.017327
0.008657
0.014502
0.009587
0.011911
0.009500
0.011056
0.013690
0.007885
0.010071
