0.001535
0.001475
0.001725
0.001149
0.001418
0.001610
0.001681
0.001707
0.001757
0.001702
0.001776
0.001742
0.001373
0.001743
0.001628
0.001903
0.001913
0.001534
0.001449
0.001546
0.001403
0.001540
0.001467
0.001856
0.001697
0.001729
0.001815
0.001628
0.001551
0.001522
0.001459
0.001381
0.001628
0.001698
0.001384
0.001884
0.001500
0.001441
0.001714
0.001855
0.001758
0.001474
0.001867
0.001437
0.001405
0.001578
0.001536
0.001649
0.001897
0.001942
0.001875
0.001666
0.001864
0.001674
0.001409
0.001595
0.001695
0.001439
0.001869
0.001611
0.001891
0.001341
0.001474
0.001695
0.001595
0.002201
0.001677
0.001313
0.001490
0.001457
0.001805
0.001464
0.001599
0.001799
0.001488
0.001550
0.001549
0.001286
0.001815
0.001724
0.001677
0.001746
0.001479
0.001615
0.001428
0.001679
0.001580
0.001714
0.001757
0.001680
0.001541
0.001472
0.001445
0.001727
0.001663
0.001677
0.001570
0.001693
0.001522
0.001600
