0.003966
0.004658
0.006572
0.005764
0.005613
0.002435
0.060469
0.008300
0.002953
0.009972
0.016239
0.014928
0.004286
0.002206
0.007977
0.070749
0.007572
0.006224
0.061794
0.005584
0.005863
0.002326
0.062780
0.007824
0.002263
0.009164
0.003240
0.007507
0.009307
0.006778
0.004047
0.002684
0.008482
0.003187
0.005412
0.003637
0.004465
0.004940
0.001757
0.007453
0.006790
0.008437
0.065235
0.002788
0.008821
0.012276
0.002999
0.003127
0.003038
0.007440
0.004420
0.018227
0.003575
0.018343
0.024371
0.001377
0.002783
0.062487
0.004972
0.003391
0.013997
0.002531
0.013630
0.006450
0.004680
0.005465
0.001828
0.008893
0.006186
0.028078
0.007599
0.002302
0.050401
0.005499
0.009130
0.006837
0.009640
0.001207
0.003128
0.004145
0.057336
0.005750
0.010077
0.005521
0.074204
0.011377
0.003156
0.007613
0.001704
0.006197
0.010122
0.059043
0.005350
0.002364
0.010175
0.008800
0.057342
0.006955
0.006410
0.002487
