0.011830
0.050479
0.020000
0.025521
0.076208
0.018628
0.032528
0.018135
0.024200
0.040821
0.017733
0.056980
0.040188
0.022236
0.036343
0.023846
0.022711
0.014506
0.030246
0.039071
0.028587
0.013667
0.016899
0.016607
0.041299
0.046452
0.046525
0.018935
0.021955
0.023075
0.035036
0.030517
0.011989
0.021581
0.072141
0.036532
0.032689
0.049140
0.023595
0.056905
0.067952
0.029002
0.015068
0.030641
0.012549
0.059643
0.021488
0.068841
0.070164
0.040790
0.033872
0.016655
0.022270
0.035594
0.026067
0.021981
0.022365
0.061793
0.050793
0.022729
0.011362
0.015466
0.043798
0.021170
0.033931
0.049984
0.047585
0.017856
0.030564
0.058297
0.020679
0.048935
0.031818
0.044091
0.032120
0.022306
0.008055
0.013816
0.010537
0.020222
0.019857
0.041644
0.039253
0.039872
0.024476
0.079413
0.024124
0.014640
0.045975
0.061311
0.010273
0.024983
0.055514
0.036483
0.054933
0.018523
0.099949
0.063872
0.031536
0.015675
