0.010781
0.002696
0.064241
0.001361
0.001573
0.001313
0.002495
0.004396
0.002429
0.001713
0.004901
0.002850
0.005539
0.001765
0.005178
0.003195
0.004494
0.000779
0.001637
0.052666
0.008170
0.005376
0.001930
0.004280
0.003088
0.004487
0.043430
0.004420
0.001555
0.004891
0.057199
0.001680
0.003454
0.002266
0.056354
0.003971
0.004003
0.002929
0.008576
0.001425
0.003489
0.002232
0.005738
0.001085
0.000909
0.003862
0.006462
0.001937
0.006835
0.002057
0.001845
0.002877
0.006552
0.002218
0.002065
0.003629
0.008740
0.002696
0.003273
0.001418
0.003545
0.005068
0.001620
0.004703
0.057476
0.003934
0.005105
0.003514
0.007231
0.007133
0.002933
0.009889
0.005211
0.004681
0.001855
0.007645
0.009602
0.002137
0.003930
0.001198
0.005373
0.004682
0.001909
0.055562
0.002726
0.001768
0.003886
0.006907
0.016483
0.005055
0.002935
0.010661
0.053996
0.004164
0.001050
0.003673
0.002264
0.055362
0.001399
0.004791
