0.041007
0.061348
0.065885
0.056227
0.050862
0.045467
0.065149
0.076231
0.065427
0.037570
0.036650
0.085829
0.059141
0.057308
0.047145
0.038023
0.103171
0.061743
0.048985
0.059324
0.044842
0.068919
0.075442
0.065435
0.032839
0.055722
0.075002
0.047356
0.059834
0.054940
0.054051
0.033675
0.056611
0.039238
0.030523
0.038653
0.065253
0.039808
0.030995
0.038168
0.070250
0.023377
0.069865
0.042924
0.076632
0.047851
0.056426
0.067558
0.040906
0.052290
0.057910
0.048287
0.029598
0.027048
0.057085
0.061052
0.099646
0.049573
0.085321
0.049858
0.082215
0.048720
0.065712
0.073358
0.059763
0.052363
0.029953
0.057534
0.089903
0.073464
0.045099
0.058086
0.057951
0.042699
0.025396
0.031817
0.018605
0.039837
0.028475
0.043317
0.044747
0.065268
0.040708
0.036111
0.045333
0.032182
0.033368
0.079243
0.058849
0.040947
0.066091
0.055392
0.034989
0.043195
0.063474
0.031860
0.094026
0.035461
0.063958
0.059691
