0.011867
0.003864
0.029499
0.039549
0.058849
0.008611
0.009205
0.026853
0.007747
0.008706
0.040954
0.009138
0.017349
0.013398
0.005902
0.009945
0.075658
0.058081
0.008685
0.026987
0.011813
0.063391
0.009555
0.028067
0.014452
0.020889
0.021304
0.008566
0.012663
0.042435
0.013751
0.016662
0.029926
0.014997
0.046646
0.005300
0.088811
0.007797
0.018644
0.014226
0.013781
0.023298
0.016392
0.004691
0.049596
0.073085
0.006652
0.008138
0.019943
0.006319
0.005245
0.009160
0.012408
0.007962
0.009381
0.058403
0.056332
0.022713
0.008334
0.007018
0.068336
0.013982
0.022727
0.012445
0.010085
0.019978
0.005155
0.009510
0.006090
0.008863
0.009551
0.030133
0.005108
0.014715
0.007668
0.007553
0.005214
0.012438
0.051326
0.006180
0.055547
0.009477
0.015104
0.023706
0.062071
0.013932
0.005972
0.036349
0.007711
0.019519
0.025829
0.006241
0.064076
0.055596
0.009140
0.024632
0.005217
0.062202
0.104274
0.005579
