R;G;B
165;161;154
174;164;148
175;164;149
172;165;149
171;161;147
160;150;140
149;140;125
171;162;148
167;158;141
169;159;143
170;161;143
170;160;143
169;160;145
166;156;138
150;139;124
158;150;140
159;151;141
159;152;148
160;154;148
151;145;139
166;160;153
166;160;149
165;161;150
166;163;152
157;149;140
125;103;089
127;127;124
106;104;096
152;143;131
154;145;129
155;145;135
136;131;124
153;145;140
160;153;146
133;131;118
138;135;128
134;133;123
146;146;133
149;137;120
127;114;094
112;099;085
150;139;123
122;105;089
158;148;141
158;153;147
129;127;122
162;157;153
159;157;153
166;163;150
164;156;145
168;159;147
168;156;144
147;130;114
131;117;097
138;114;097
121;094;062
134;108;081
110;086;068
118;112;104
154;141;126
158;145;130
158;144;135
145;133;117
149;137;117
164;163;148
150;095;086
162;146;131
119;102;091
076;077;072
066;082;105
081;075;068
162;155;137
178;162;147
171;158;143
178;166;150
146;137;121
172;160;147
169;156;142
168;154;137
168;154;139
155;142;130
169;155;129
173;159;138
154;138;118
185;169;145
174;161;142
178;163;142
182;169;150
185;172;153
178;162;144
180;169;148
180;170;149
178;167;145
177;166;144
154;155;140
156;140;127
167;158;142
172;164;147
171;165;144
168;159;138
165;157;142
165;156;139
164;156;136
134;125;108
145;128;112
179;164;140
162;146;127
161;147;131
163;151;138
173;161;147
172;164;147
171;159;143
171;158;145
155;149;135
171;159;142
172;159;143
170;153;137
172;155;139
123;111;094
112;094;069
136;121;106
100;089;087
119;101;088
142;118;101
172;148;135
163;149;124
147;137;122
151;141;126
145;146;138
099;107;117
153;144;123
078;077;074
119;122;115
155;144;126
155;138;097
146;126;093
155;140;109
164;155;139
164;158;142
159;153;144
166;161;143
159;156;150
162;152;141
169;160;150
149;140;130
168;154;139
168;158;139
155;134;111
149;125;083
128;113;099
143;136;132
124;104;087
141;123;104
135;124;109
141;132;116
133;126;110
155;139;118
156;146;133
165;150;126
148;131;109
153;141;121
129;104;076
120;108;093
102;085;065
118;101;081
106;105;086
135;121;098
123;110;097
141;130;114
141;135;124
184;173;157
158;145;129
148;136;119
167;163;150
173;164;148
160;150;135
164;150;134
175;158;142
179;167;150
165;154;136
172;165;149
179;167;151
174;160;140
164;153;134
177;163;145
179;165;151
177;166;150
174;163;147
170;165;151
177;167;145
169;161;136
177;171;150
177;168;151
177;164;146
172;159;139
182;168;146
183;166;147
171;159;142
173;161;145
173;166;148
165;156;139
170;161;146
153;143;128
160;150;129
146;138;123
142;130;113
156;143;126
167;155;142
128;116;103
149;129;113
124;105;087
111;105;102
155;141;115
144;126;111
114;095;086
128;122;108
121;113;105
132;124;107
164;152;134
174;161;133
146;134;116
106;086;070
115;117;116
109;109;105
120;109;097
153;143;131
136;121;104
156;133;099
114;091;068
129;106;073
159;145;125
140;134;119
106;100;086
153;143;135
160;152;145
170;164;146
158;155;150
164;160;144
170;160;149
161;155;144
152;150;146
066;068;077
060;054;055
111;091;075
142;123;109
136;108;085
141;119;092
141;123;110
151;127;119
060;077;098
099;083;063
100;101;109
127;111;093
135;128;100
134;120;103
153;139;116
129;077;073
139;124;098
116;117;099
114;096;086
083;094;112
130;132;143
133;119;107
107;111;114
132;124;117
119;111;094
105;106;099
146;133;112
145;104;093
164;068;063
147;090;081
166;156;141
173;161;147
171;159;143
166;152;136
164;151;135
161;149;132
174;161;145
166;154;133
143;130;110
175;160;141
178;160;142
168;152;134
168;165;150
181;166;140
179;164;138
179;164;141
181;165;147
142;128;109
169;156;133
173;160;144
172;160;145
171;158;143
166;156;141
151;143;128
142;134;119
136;124;111
155;119;109
147;083;071
165;092;083
133;091;071
126;111;095
131;124;112
150;134;122
151;134;113
119;105;093
125;111;089
135;127;115
124;113;100
143;134;116
126;116;094
150;067;065
141;120;106
145;126;095
137;110;080
106;089;082
081;093;124
118;115;110
110;091;078
110;099;084
143;143;123
163;128;106
126;107;084
158;144;127
163;148;132
087;087;089
075;076;078
132;134;129
138;136;128
153;145;139
152;149;144
160;155;139
157;151;132
156;149;137
108;108;106
085;084;085
144;136;129
139;128;118
139;132;120
145;132;122
154;142;129
112;101;087
147;133;117
156;144;139
145;132;122
135;123;115
102;089;088
108;095;084
133;119;104
146;138;123
168;113;102
156;123;107
127;121;107
119;107;095
133;120;116
150;142;131
133;116;099
159;139;121
139;120;101
134;124;114
153;129;113
173;118;105
148;081;071
146;104;086
110;096;069
134;109;077
138;126;111
170;157;144
175;161;148
177;169;154
174;166;151
167;155;139
172;158;142
154;140;122
165;150;127
179;164;143
176;160;140
175;160;132
176;161;148
174;165;141
169;157;140
170;158;141
155;144;128
168;159;146
163;152;141
169;160;148
163;152;140
170;161;146
169;160;145
170;162;148
162;148;131
150;129;104
128;101;071
122;104;078
152;138;123
164;080;072
151;114;093
121;108;098
125;113;094
123;105;091
125;112;099
143;126;118
154;143;134
120;107;092
138;089;077
146;081;078
138;117;110
144;125;105
180;164;143
166;150;136
161;140;124
152;131;118
144;117;104
108;095;092
131;117;107
128;107;101
141;126;113
129;119;111
143;127;108
150;132;112
166;158;131
149;137;117
075;077;081
166;158;143
166;156;145
161;156;151
171;159;154
162;153;143
123;123;117
137;124;098
163;158;141
144;130;121
164;155;140
147;133;112
158;137;110
151;129;102
135;113;090
134;116;106
131;114;085
107;086;074
115;096;081
106;087;075
087;067;060
115;093;088
110;094;077
150;131;108
144;116;103
159;127;111
143;112;106
169;157;143
151;138;123
094;082;072
150;079;069
137;086;077
170;148;129
150;139;108
143;123;093
166;140;126
162;141;111
162;146;122
131;118;102
160;150;139
167;159;144
165;155;141
160;149;137
164;152;140
159;148;136
166;156;144
163;154;140
160;149;131
166;155;138
153;145;132
149;139;123
152;141;125
144;138;128
074;072;069
101;099;094
069;068;068
069;072;076
087;087;080
094;092;092
074;074;068
085;071;058
171;146;131
170;135;113
162;141;113
158;141;114
149;132;105
153;130;097
171;160;145
124;103;090
138;121;099
164;146;124
146;127;111
120;097;089
157;139;112
159;137;116
123;100;084
153;136;118
143;124;114
120;101;086
119;096;084
147;125;106
156;131;103
119;093;071
134;116;097
128;107;078
149;127;098
143;131;110
171;162;145
166;157;142
170;160;148
170;160;145
161;151;137
161;150;136
165;160;148
165;158;144
156;154;146
164;155;142
162;159;144
161;154;143
162;149;136
164;160;146
161;157;142
169;161;149
164;155;140
167;158;143
168;158;144
143;126;107
154;140;105
148;130;111
139;111;082
121;092;069
106;080;065
143;120;094
155;139;120
137;119;110
134;117;101
150;129;109
146;126;103
172;138;106
150;118;096
139;111;075
137;121;092
084;081;073
158;143;120
163;149;129
126;105;066
166;144;114
163;148;122
164;142;110
186;141;113
146;119;098
170;140;109
135;112;101
069;066;068
073;072;073
081;082;082
063;065;064
062;063;066
054;055;057
052;053;050
071;069;059
166;156;151
130;128;121
059;060;061
058;060;060
078;078;081
055;058;058
102;105;105
079;079;077
080;070;065
181;141;120
178;141;117
185;140;117
166;141;117
183;145;123
170;137;115
128;108;076
125;099;068
113;091;067
170;156;140
169;156;138
165;148;134
146;133;119
141;122;101
163;139;116
171;140;114
135;120;108
158;144;123
146;128;109
147;131;106
141;125;113
166;148;126
154;137;117
147;127;093
138;116;096
165;153;141
165;156;140
171;162;148
172;163;149
166;155;143
167;156;144
161;152;139
156;154;138
153;149;134
152;143;133
137;132;120
134;125;114
162;153;143
154;152;147
161;152;142
160;152;142
162;153;140
147;132;120
137;126;112
168;157;145
165;157;144
160;150;138
171;161;147
165;156;141
167;157;144
171;162;149
165;153;140
156;137;121
166;150;117
151;132;098
147;128;113
110;094;073
136;119;100
119;103;093
151;133;114
151;139;121
136;125;110
103;094;083
144;130;113
164;152;132
173;161;146
174;161;144
168;155;135
100;083;069
110;079;054
120;098;072
157;136;114
179;142;119
142;118;094
176;138;118
122;089;070
154;123;112
113;110;105
090;090;089
090;091;088
084;084;085
098;100;101
076;077;076
071;073;076
163;162;152
168;163;150
161;151;141
093;093;093
085;085;086
090;087;086
106;103;097
147;144;133
134;130;118
107;093;078
172;136;114
166;131;112
179;135;116
130;095;084
145;119;100
146;129;109
124;101;075
100;075;056
109;097;083
155;142;121
176;163;146
176;163;148
165;154;138
153;141;123
094;087;080
113;102;095
141;125;105
130;113;089
106;093;081
115;104;091
117;106;090
130;118;102
142;117;086
152;126;095
130;102;077
132;117;094
150;136;122
171;160;148
167;157;144
174;165;152
165;156;143
154;146;132
148;142;127
166;153;140
172;159;146
151;141;132
145;138;126
153;149;144
160;153;134
159;153;142
076;075;065
165;147;111
159;141;116
146;129;103
150;142;129
155;145;131
156;147;131
171;162;146
168;158;146
136;122;110
142;133;111
142;118;094
133;116;094
153;137;119
127;107;081
152;132;101
132;116;095
142;110;096
173;157;134
132;116;096
119;102;092
106;093;080
136;129;116
168;159;142
156;143;127
166;154;139
157;143;126
143;108;094
157;124;110
154;136;118
131;120;088
167;148;124
153;135;117
140;125;113
165;155;143
172;165;153
177;169;152
178;170;154
171;163;148
153;144;134
167;159;149
166;160;150
166;162;153
156;159;149
172;163;148
173;163;149
177;167;150
170;163;149
146;135;123
171;161;148
175;167;152
174;166;150
169;159;145
158;148;131
170;161;144
170;163;146
164;147;126
127;089;067
166;103;092
171;116;104
154;108;097
150;135;121
159;146;130
163;156;138
164;152;130
160;147;125
135;121;096
109;092;081
121;107;084
130;115;089
168;149;131
175;136;119
132;105;075
139;115;094
133;110;095
122;102;086
134;113;097
130;116;093
137;125;111
163;153;142
171;161;148
161;149;135
150;137;122
122;108;098
162;145;113
149;131;101
121;099;080
062;062;059
161;154;149
163;156;141
150;148;141
159;155;137
162;153;140
162;152;149
124;123;119
058;057;062
155;133;096
146;125;091
147;133;119
127;116;101
156;148;125
151;142;126
174;159;147
156;137;118
148;130;105
086;072;064
128;111;097
137;116;101
151;117;096
172;123;105
149;125;108
139;118;089
085;068;054
122;114;098
097;090;082
142;123;104
163;151;130
168;156;140
162;155;136
077;069;059
084;066;061
109;095;082
163;126;114
155;081;073
156;129;116
171;156;136
168;156;140
169;159;142
170;161;145
176;163;149
179;167;158
178;165;156
172;162;147
141;129;117
172;163;149
170;162;147
170;160;146
158;161;150
161;156;139
165;155;139
170;161;146
173;165;150
174;166;151
175;165;152
172;159;143
172;161;145
160;147;132
178;167;150
175;167;150
142;134;118
173;160;145
173;160;145
184;169;152
119;095;084
117;088;073
146;130;114
074;080;090
142;135;129
127;128;124
124;109;084
115;099;070
103;088;068
105;104;094
089;081;072
122;111;098
084;073;066
154;143;130
156;126;108
158;125;113
125;100;070
145;130;093
070;083;097
120;111;092
077;076;076
113;094;076
148;136;107
119;097;070
138;126;108
138;120;098
157;139;111
112;104;105
090;089;094
112;112;109
164;152;139
163;155;140
155;153;146
164;156;141
170;161;146
156;148;139
089;086;079
078;072;072
135;115;093
154;135;104
129;114;090
142;134;113
124;103;079
150;124;099
123;110;097
087;087;083
113;116;111
142;117;083
151;132;104
147;118;096
157;128;108
133;122;101
089;095;096
098;090;075
100;100;092
100;076;067
080;073;063
136;118;092
127;107;084
089;076;056
103;100;112
078;090;097
079;080;076
118;094;073
171;158;139
174;164;147
177;164;149
159;146;131
168;155;139
171;159;144
170;157;143
162;150;134
166;158;143
170;161;144
164;153;143
174;166;152
172;163;148
174;167;151
176;168;153
164;166;155
172;165;150
176;167;153
176;167;152
177;169;154
159;149;134
170;162;147
170;159;145
171;162;147
172;161;145
178;167;150
172;162;143
170;159;142
176;164;149
176;170;152
174;158;141
177;161;145
156;140;117
104;113;093
111;103;089
170;162;147
124;113;093
084;090;093
156;155;134
115;093;072
116;092;067
114;128;134
118;117;104
134;113;090
156;136;111
161;138;112
138;100;080
152;138;105
156;143;107
103;110;115
115;118;115
136;112;081
138;116;084
149;127;097
143;130;110
133;114;084
139;122;092
074;064;056
153;143;130
162;151;140
164;155;139
163;158;136
148;145;141
167;152;143
162;152;137
159;150;135
141;132;122
147;137;119
151;137;110
140;127;082
135;133;116
133;125;094
144;144;120
131;108;062
123;111;099
127;140;145
104;108;090
144;119;095
144;088;067
154;095;071
120;091;063
134;102;056
135;134;125
111;086;060
099;085;067
081;074;067
162;137;123
140;138;113
111;101;087
095;072;061
121;093;073
175;164;147
170;163;139
174;162;145
184;171;152
176;164;147
176;168;151
165;156;141
172;163;148
176;165;154
177;167;154
174;166;151
174;165;150
170;161;146
136;126;112
172;163;149
177;169;154
179;170;155
170;157;148
162;165;153
175;165;148
175;165;147
174;165;150
173;166;151
166;157;142
172;163;148
173;164;149
175;166;152
177;167;155
170;161;147
169;162;148
154;144;128
167;157;140
167;155;136
167;155;137
166;154;137
172;164;147
172;159;145
168;152;137
153;147;134
157;148;133
163;153;136
138;123;105
135;115;099
111;109;100
116;109;093
126;109;084
109;099;078
146;130;097
143;098;081
145;088;078
144;126;107
144;130;104
115;100;071
135;124;111
166;143;118
120;106;085
115;103;081
117;112;098
156;147;124
153;147;125
158;146;128
150;139;126
148;139;125
161;152;136
160;152;135
149;145;141
162;149;141
165;156;139
164;152;136
166;154;142
156;148;132
166;155;140
172;159;142
142;136;121
140;125;102
154;139;116
161;145;121
159;142;117
140;134;114
157;145;122
157;149;131
168;130;116
133;116;096
130;105;084
108;086;079
137;117;101
138;122;103
145;132;116
162;148;132
159;151;133
158;149;131
150;141;129
163;151;135
170;159;136
168;159;141
170;160;144
175;165;148
173;159;143
175;163;146
164;155;139
167;156;141
163;152;136
168;159;142
176;167;151
174;166;151
172;163;148
173;163;149
173;164;150
168;158;143
173;165;150
173;165;149
175;166;149
163;167;154
173;171;155
171;163;148
172;162;146
173;163;150
157;146;131
170;161;146
173;165;150
175;168;152
167;158;143
169;159;144
168;158;142
168;157;141
165;152;136
152;139;122
174;162;146
176;165;148
177;167;149
176;163;148
173;164;146
170;159;141
170;160;143
144;134;122
166;155;144
171;161;147
165;152;138
167;157;141
173;166;153
165;156;141
167;159;143
165;158;140
170;161;143
164;152;137
163;155;137
163;152;136
166;153;136
167;154;138
155;144;128
161;152;134
147;136;117
154;145;130
165;156;141
164;155;140
167;158;142
163;151;136
164;151;135
164;154;137
151;149;145
158;154;135
161;150;141
164;155;137
163;153;136
162;152;138
165;156;141
164;156;141
160;151;136
139;130;120
157;150;132
163;153;137
158;149;134
166;156;140
164;155;138
167;158;141
163;154;139
164;154;136
170;156;140
168;156;140
171;159;143
171;158;146
165;155;140
174;165;150
173;163;148
172;163;149
170;161;145
164;155;137
170;158;143
170;157;142
173;161;144
169;156;140
173;160;145
176;164;149
174;164;150
153;141;122
162;152;134
168;159;144
170;162;147
170;161;146
174;165;150
175;167;152
173;163;147
169;160;146
158;149;134
167;154;140
174;164;152
172;162;150
161;163;152
166;162;146
166;157;146
166;155;143
169;157;144
168;158;144
153;144;127
172;164;148
178;169;154
173;164;148
168;159;144
165;156;141
165;157;142
167;159;143
160;149;132
159;150;134
173;162;146
175;163;148
170;159;144
171;160;143
170;159;145
175;164;150
170;160;143
176;169;153
175;166;152
172;164;149
175;166;151
170;161;145
165;155;141
169;155;140
171;159;143
171;159;143
166;157;141
168;159;144
164;155;139
169;160;144
163;154;137
166;157;142
167;159;143
164;158;139
130;124;112
167;159;142
161;152;137
163;154;138
166;156;142
166;157;141
158;150;133
143;145;143
157;152;149
148;143;136
152;147;136
150;145;134
147;142;132
158;153;146
155;148;140
128;124;118
159;153;146
164;159;151
152;145;140
159;154;147
158;152;146
154;149;144
154;149;144
162;155;150
158;152;147
157;153;146
157;152;144
158;156;150
159;154;147
159;152;146
162;157;149
163;159;148
159;154;148
155;149;144
146;141;135
161;157;147
165;157;149
165;160;151
160;156;146
162;157;149
142;134;128
155;149;143
160;154;147
156;149;143
162;157;153
163;156;152
162;157;150
158;153;148
158;152;148
152;145;138
164;157;150
150;145;135
154;150;140
