0.023285
0.017638
0.009287
0.005037
0.002940
0.019418
0.002665
0.008690
0.021918
0.010425
0.018930
0.023580
0.026180
0.024838
0.006499
0.009440
0.008833
0.006629
0.014296
0.035528
0.027115
0.004307
0.030985
0.036207
0.026012
0.006422
0.003407
0.005934
0.023545
0.006476
0.004403
0.003915
0.004501
0.009159
0.009865
0.015187
0.027318
0.005247
0.017350
0.005215
0.009932
0.017986
0.020926
0.004168
0.005398
0.005578
0.042907
0.020054
0.006480
0.004021
0.004569
0.007013
0.016578
0.007219
0.025891
0.014169
0.013517
0.024473
0.002952
0.014936
0.005817
0.008325
0.034758
0.003906
0.017039
0.024981
0.015336
0.017821
0.003385
0.005337
0.011549
0.003906
0.006470
0.005083
0.017377
0.009765
0.013777
0.010282
0.008021
0.019074
0.027069
0.008990
0.004824
0.007421
0.005271
0.005494
0.006351
0.007162
0.003951
0.029196
0.004679
0.005868
0.006404
0.020983
0.004047
0.021293
0.015049
0.003790
0.002964
0.045181
