0.021979
0.036607
0.027274
0.035505
0.032105
0.018660
0.023032
0.021991
0.021488
0.035741
0.017052
0.036219
0.030159
0.016894
0.040468
0.045903
0.043935
0.034752
0.028733
0.028071
0.019016
0.024813
0.038992
0.027913
0.024028
0.008897
0.021665
0.034501
0.021873
0.038639
0.032517
0.024152
0.044829
0.046559
0.036544
0.024470
0.033052
0.031984
0.035849
0.036831
0.039300
0.031355
0.027377
0.042181
0.042685
0.039418
0.042989
0.040168
0.025584
0.062392
0.040668
0.029378
0.019624
0.030584
0.039340
0.041034
0.016641
0.028157
0.036270
0.023863
0.026128
0.018826
0.032462
0.039630
0.030932
0.017154
0.039257
0.033523
0.019118
0.025481
0.038584
0.026764
0.034889
0.027300
0.038819
0.039904
0.022929
0.015348
0.041428
0.026955
0.034719
0.024895
0.036685
0.037613
0.033651
0.021877
0.020765
0.024236
0.032148
0.024817
0.032613
0.052049
0.022287
0.037380
0.028539
0.024372
0.039853
0.032933
0.027786
0.017125
