0.002796
0.003787
0.032690
0.003015
0.003757
0.003254
0.034883
0.016997
0.002231
0.005161
0.051330
0.069028
0.031265
0.011886
0.024717
0.001662
0.003325
0.006393
0.008541
0.008851
0.004177
0.037081
0.033770
0.003245
0.002423
0.006214
0.010893
0.007798
0.012810
0.011173
0.008136
0.038135
0.006763
0.003493
0.024802
0.003657
0.003757
0.061119
0.025553
0.032005
0.007081
0.031849
0.003049
0.036994
0.028909
0.005018
0.002239
0.037546
0.003599
0.007990
0.036229
0.008665
0.035971
0.006664
0.012676
0.015920
0.010312
0.058352
0.002581
0.006581
0.012372
0.031441
0.039637
0.057877
0.011876
0.056785
0.012228
0.051871
0.006685
0.016884
0.053268
0.008116
0.047272
0.002832
0.002498
0.029648
0.002214
0.035637
0.008865
0.008327
0.056418
0.006654
0.038582
0.042158
0.013306
0.046923
0.003687
0.002982
0.031647
0.034253
0.003147
0.004354
0.008173
0.034781
0.035710
0.030565
0.058386
0.009694
0.002151
0.018605
