0.028301
0.034758
0.038448
0.032357
0.024985
0.021117
0.037237
0.029123
0.022000
0.037924
0.025309
0.039481
0.034989
0.035664
0.020204
0.031153
0.026202
0.039184
0.038338
0.024093
0.043731
0.034584
0.049852
0.025409
0.027762
0.025027
0.046429
0.025331
0.024204
0.031181
0.032099
0.027173
0.032719
0.033281
0.026024
0.029822
0.035666
0.030450
0.025587
0.019323
0.029530
0.025649
0.045613
0.037834
0.040913
0.039136
0.032729
0.027382
0.037331
0.024175
0.029615
0.043724
0.024972
0.028551
0.026230
0.031596
0.037346
0.034885
0.028124
0.021010
0.036683
0.051070
0.022359
0.026240
0.026423
0.025492
0.027179
0.025123
0.029069
0.030228
0.042218
0.031408
0.022431
0.036297
0.018857
0.028304
0.020096
0.046667
0.030784
0.032376
0.019489
0.031941
0.030415
0.027023
0.038082
0.048727
0.021081
0.033932
0.033697
0.038780
0.037116
0.027208
0.022727
0.018647
0.037214
0.032767
0.035147
0.018140
0.024995
0.035629
