0.025507
0.013652
0.038119
0.025387
0.018697
0.020674
0.053553
0.022034
0.032586
0.019217
0.013760
0.028242
0.026538
0.038123
0.027656
0.026536
0.034655
0.018481
0.017570
0.029123
0.043061
0.024551
0.051180
0.020279
0.011736
0.019329
0.009215
0.017665
0.023650
0.012930
0.022097
0.023773
0.030207
0.038674
0.015139
0.009312
0.016611
0.049521
0.015701
0.036888
0.018333
0.026107
0.045207
0.015713
0.025794
0.024518
0.024838
0.026304
0.029341
0.027343
0.031572
0.015316
0.047856
0.039904
0.020439
0.040907
0.011940
0.030961
0.040982
0.017175
0.012763
0.012628
0.023970
0.016780
0.017021
0.023303
0.027295
0.021403
0.019414
0.018296
0.028471
0.023939
0.028637
0.019506
0.011711
0.019601
0.026369
0.025403
0.056101
0.013588
0.024578
0.011437
0.022632
0.033150
0.021879
0.029744
0.018665
0.032617
0.023447
0.011358
0.010400
0.012912
0.008625
0.016049
0.056393
0.023855
0.018120
0.025140
0.023734
0.023867
