0.001561
0.001766
0.001672
0.001755
0.001598
0.001791
0.001844
0.001711
0.001746
0.001724
0.001608
0.001632
0.001772
0.001934
0.001720
0.001883
0.001932
0.001594
0.001911
0.001704
0.001694
0.001748
0.001968
0.001621
0.001898
0.001808
0.001757
0.001622
0.001645
0.001711
0.001580
0.001656
0.001719
0.001738
0.001910
0.001800
0.001674
0.001779
0.001910
0.001690
0.001887
0.001669
0.001647
0.001753
0.001633
0.001831
0.001748
0.001700
0.001936
0.001690
0.001622
0.002053
0.001532
0.001622
0.001689
0.001602
0.001766
0.001884
0.001837
0.001699
0.001969
0.001971
0.001775
0.001830
0.002013
0.001814
0.001545
0.001995
0.001813
0.001672
0.001666
0.001690
0.001890
0.002026
0.001921
0.001901
0.001698
0.001726
0.002043
0.001860
0.001692
0.001686
0.001792
0.001770
0.001728
0.001751
0.001668
0.001708
0.001708
0.001878
0.001775
0.001853
0.001745
0.001776
0.001710
0.001720
0.001761
0.001664
0.001676
0.001737
