0.012346
0.012626
0.013333
0.011956
0.008484
0.013102
0.009218
0.013821
0.012595
0.013431
0.012084
0.011979
0.009813
0.014005
0.012323
0.011099
0.011792
0.011337
0.016151
0.012073
0.013713
0.009161
0.010446
0.011553
0.009748
0.009099
0.013934
0.011960
0.012631
0.008911
0.011671
0.013076
0.009772
0.011138
0.012495
0.010330
0.011343
0.014849
0.011502
0.013671
0.015550
0.011029
0.013259
0.011792
0.011111
0.013513
0.011326
0.011764
0.014753
0.011786
0.013229
0.010734
0.011026
0.013083
0.012826
0.009875
0.013873
0.009185
0.014009
0.012321
0.012182
0.014424
0.012614
0.012461
0.012221
0.011423
0.015080
0.012886
0.012079
0.013224
0.010994
0.012306
0.012826
0.015656
0.013077
0.013454
0.013086
0.012422
0.013226
0.013891
0.014273
0.011814
0.011059
0.007880
0.014258
0.009725
0.013901
0.014222
0.013449
0.012674
0.013163
0.014237
0.011686
0.011709
0.010363
0.011548
0.010089
0.013573
0.010207
0.009926
