0.001598
0.001758
0.001692
0.001794
0.001636
0.001842
0.001876
0.001754
0.001799
0.001736
0.001628
0.001689
0.001817
0.001986
0.001756
0.001912
0.001994
0.001617
0.001907
0.001741
0.001728
0.001780
0.001987
0.001670
0.001925
0.001815
0.001790
0.001633
0.001672
0.001760
0.001597
0.001657
0.001779
0.001737
0.001915
0.001837
0.001717
0.001837
0.001954
0.001719
0.001914
0.001723
0.001693
0.001778
0.001671
0.001875
0.001766
0.001714
0.001973
0.001698
0.001623
0.002061
0.001565
0.001648
0.001701
0.001612
0.001804
0.001889
0.001875
0.001723
0.002008
0.002004
0.001782
0.001900
0.002069
0.001849
0.001594
0.002030
0.001861
0.001711
0.001677
0.001726
0.001908
0.002049
0.001936
0.001909
0.001716
0.001727
0.002088
0.001867
0.001701
0.001767
0.001806
0.001783
0.001758
0.001764
0.001689
0.001701
0.001741
0.001875
0.001806
0.001857
0.001764
0.001790
0.001741
0.001755
0.001753
0.001700
0.001688
0.001732
