0.005539
0.006720
0.006009
0.009908
0.008069
0.005448
0.010271
0.025856
0.013797
0.004198
0.008994
0.002356
0.005038
0.011905
0.002858
0.025347
0.026174
0.012349
0.003170
0.002951
0.002430
0.005389
0.002876
0.008313
0.022757
0.001936
0.018456
0.009026
0.002150
0.003067
0.007480
0.023277
0.006154
0.007342
0.007155
0.002891
0.009130
0.002185
0.002762
0.004617
0.010487
0.003991
0.026768
0.004183
0.002662
0.003838
0.008167
0.002756
0.030018
0.004483
0.005486
0.007561
0.029405
0.031092
0.028363
0.002944
0.007458
0.008559
0.026086
0.012753
0.012113
0.029017
0.009707
0.008600
0.016962
0.025758
0.003608
0.028293
0.009104
0.009106
0.008240
0.003071
0.005365
0.002107
0.004828
0.028579
0.004273
0.025063
0.004703
0.004650
0.002737
0.009289
0.008693
0.003552
0.024898
0.002231
0.002887
0.001557
0.005456
0.003512
0.029781
0.002814
0.028133
0.008302
0.003307
0.006120
0.026357
0.025684
0.004210
0.007348
