0.025168
0.041863
0.017485
0.025956
0.040781
0.010820
0.024469
0.048461
0.030614
0.034648
0.056800
0.037034
0.025715
0.023146
0.035202
0.054977
0.026441
0.025772
0.032884
0.035991
0.009968
0.010646
0.019292
0.019783
0.015274
0.049656
0.022166
0.046892
0.044679
0.014786
0.014702
0.027882
0.020083
0.024789
0.026808
0.022525
0.034759
0.019948
0.016534
0.014509
0.013676
0.051191
0.010446
0.016205
0.030899
0.016968
0.038941
0.023589
0.049051
0.019290
0.031600
0.017916
0.010315
0.033830
0.025032
0.019626
0.019131
0.017648
0.030347
0.011833
0.025315
0.045468
0.023748
0.030880
0.021183
0.013752
0.012364
0.036119
0.007436
0.013685
0.036661
0.022323
0.031292
0.021224
0.013270
0.012090
0.046260
0.015001
0.023604
0.015289
0.037439
0.017584
0.016090
0.021393
0.018889
0.018346
0.032943
0.013588
0.022097
0.026410
0.019208
0.033591
0.028851
0.033788
0.026932
0.040408
0.041757
0.022034
0.037101
0.015298
