0.001460
0.003114
0.003513
0.006052
0.030204
0.001735
0.010755
0.019400
0.003741
0.011279
0.001225
0.002375
0.011822
0.011444
0.003789
0.009469
0.008788
0.001574
0.001786
0.003343
0.016417
0.008896
0.003457
0.004105
0.001357
0.005266
0.003707
0.009612
0.009791
0.002925
0.007235
0.028969
0.009116
0.009372
0.003079
0.010072
0.003583
0.032794
0.004069
0.031847
0.032665
0.004231
0.003037
0.004344
0.002577
0.003726
0.003111
0.008112
0.002534
0.001702
0.030247
0.029690
0.001656
0.030451
0.012094
0.003053
0.030861
0.003220
0.003616
0.031799
0.003269
0.002812
0.003531
0.010175
0.030534
0.001469
0.013477
0.002190
0.030722
0.008143
0.008575
0.002362
0.004046
0.030748
0.001918
0.013124
0.004123
0.003693
0.008497
0.002840
0.004444
0.005741
0.002956
0.011904
0.007259
0.009322
0.001666
0.001090
0.003586
0.014366
0.010553
0.010988
0.001727
0.031615
0.033525
0.004738
0.029385
0.006660
0.009973
0.022062
