0.027170
0.032042
0.023672
0.030569
0.035246
0.021250
0.041319
0.035769
0.029968
0.030536
0.020623
0.040470
0.027701
0.043094
0.039273
0.030222
0.032941
0.029513
0.030716
0.037415
0.025907
0.051480
0.033779
0.028845
0.026146
0.056330
0.028493
0.027348
0.025774
0.029408
0.035188
0.029818
0.045623
0.028020
0.034922
0.043270
0.020229
0.020709
0.038068
0.028002
0.034583
0.034057
0.025197
0.048478
0.027677
0.027410
0.031412
0.027934
0.023622
0.039919
0.044326
0.021272
0.020073
0.032424
0.039552
0.042517
0.030459
0.037913
0.043034
0.033941
0.017566
0.041560
0.032171
0.024522
0.029297
0.026044
0.038462
0.046764
0.025882
0.025094
0.047521
0.036931
0.021187
0.022831
0.036440
0.019091
0.035240
0.039169
0.037843
0.031850
0.029916
0.023920
0.039623
0.023161
0.033621
0.032151
0.034967
0.023604
0.028749
0.024293
0.034135
0.026332
0.021458
0.026612
0.033268
0.034790
0.032439
0.048864
0.031465
0.034263
