0.005573
0.028352
0.036571
0.008468
0.009488
0.045529
0.034279
0.008202
0.014591
0.008939
0.004569
0.010242
0.026826
0.008922
0.007085
0.008625
0.006504
0.031230
0.008723
0.031100
0.012727
0.013271
0.010691
0.012764
0.010440
0.013878
0.008398
0.011701
0.032555
0.036257
0.004845
0.038233
0.033553
0.007309
0.061777
0.014605
0.005809
0.011152
0.028417
0.045535
0.037461
0.013378
0.023035
0.027189
0.007458
0.010047
0.034039
0.026533
0.009613
0.026035
0.011358
0.007130
0.021582
0.027402
0.033931
0.009230
0.033921
0.034440
0.024971
0.008312
0.010966
0.035680
0.034814
0.027916
0.012267
0.009983
0.007407
0.038611
0.011584
0.033280
0.036816
0.035016
0.011082
0.009467
0.009978
0.009098
0.012059
0.008012
0.033798
0.037919
0.027921
0.012789
0.031935
0.030879
0.007954
0.035654
0.056902
0.009978
0.011454
0.035926
0.005733
0.011228
0.017213
0.042722
0.039495
0.007152
0.012211
0.008173
0.028671
0.007486
