0.045687
0.540900
0.026788
0.157614
0.454436
0.133436
0.233981
0.029550
0.167581
0.501436
0.349860
0.334038
0.639129
0.059871
0.179108
0.320173
0.045216
0.336408
0.045601
0.547705
0.031239
0.581002
0.072083
0.632650
0.022649
0.140277
0.186886
0.071423
0.178261
0.175243
0.032229
0.114450
0.244465
0.135039
0.074451
0.349636
0.147891
0.505781
0.222577
0.029273
0.084073
0.050583
0.758062
0.040187
0.088943
0.360434
0.268276
0.104901
0.039576
0.150407
0.229720
0.205403
0.703995
0.132994
0.621062
0.163479
0.684197
0.223405
0.104871
0.421875
0.412320
0.346867
0.203253
0.495201
0.085474
0.271272
0.524008
0.270432
0.244560
0.046407
0.069356
0.237162
0.171466
0.671870
0.289019
0.263081
0.097602
0.701226
0.203165
0.541852
0.040295
0.517874
0.220268
0.305369
0.546848
0.180640
0.420991
0.299446
0.478418
0.140089
0.500843
0.067317
0.334090
0.239198
0.151680
0.179564
0.043703
0.072412
0.269993
0.232419
