0.637485
0.512749
0.418852
0.166563
0.157067
0.173559
0.368895
0.690144
0.375744
0.522297
0.026671
0.122146
0.157139
0.734152
0.043236
0.113859
0.785361
0.217816
0.086602
0.647891
0.637180
0.136228
0.588178
0.334524
0.718657
0.281332
0.239471
0.591509
0.437620
0.418770
0.757151
0.271965
0.195581
0.049387
0.473371
0.048290
0.647037
0.128296
0.357153
0.737303
0.438964
0.091224
0.037128
0.638755
0.081987
0.122464
0.144660
0.673480
0.030905
0.099890
0.256154
0.344646
0.654648
0.617884
0.638724
0.640565
0.043687
0.223192
0.399761
0.592318
0.320284
0.074502
0.301482
0.092384
0.615154
0.401317
0.420158
0.074900
0.342342
0.620937
0.080129
0.308311
0.327526
0.329145
0.103113
0.142115
0.607126
0.625338
0.080341
0.558726
0.572197
0.275805
0.210588
0.117841
0.459369
0.177914
0.422599
0.211729
0.081829
0.421517
0.437380
0.125405
0.553880
0.304141
0.083274
0.217419
0.213613
0.119272
0.467201
0.088332
