0.208292
0.191514
0.156094
0.114624
0.054966
0.123557
0.145714
0.250761
0.174243
0.261189
0.278494
0.071824
0.097441
0.291559
0.089742
0.095851
0.241355
0.151982
0.136606
0.192305
0.167894
0.153035
0.198582
0.060897
0.171630
0.085390
0.082455
0.079770
0.180157
0.079608
0.293692
0.067674
0.224128
0.068538
0.071341
0.115722
0.116763
0.081939
0.085264
0.076131
0.094595
0.123597
0.077510
0.143611
0.162181
0.169003
0.171572
0.300175
0.064150
0.111841
0.059655
0.094603
0.110060
0.206174
0.113136
0.126627
0.153516
0.110365
0.313765
0.067999
0.110715
0.089548
0.198540
0.079626
0.084401
0.207608
0.228785
0.098251
0.108389
0.145913
0.172833
0.082063
0.231496
0.094437
0.130847
0.088673
0.205475
0.159547
0.148293
0.101516
0.186534
0.094971
0.118894
0.062236
0.069583
0.104045
0.091178
0.235964
0.082603
0.134227
0.070974
0.137155
0.088156
0.174550
0.075960
0.122410
0.078296
0.185197
0.148816
0.098196
