0.035215
0.061367
0.171953
0.313334
0.219863
0.236715
0.203107
0.046022
0.442395
0.063986
0.060141
0.316933
0.148034
0.054790
0.260776
0.378739
0.037417
0.094261
0.035044
0.275021
0.029520
0.205035
0.052765
0.425896
0.582937
0.049461
0.079091
0.168314
0.144837
0.180282
0.048299
0.119773
0.631099
0.120154
0.067486
0.103498
0.194424
0.370832
0.127714
0.584450
0.356304
0.040657
0.036102
0.065263
0.061099
0.193273
0.087045
0.050363
0.546439
0.055558
0.210774
0.225105
0.513787
0.053181
0.546704
0.238892
0.039791
0.101019
0.040232
0.127145
0.467544
0.040163
0.053855
0.039874
0.148039
0.233367
0.065777
0.063470
0.315149
0.099894
0.092346
0.206970
0.367251
0.064788
0.522123
0.064372
0.173784
0.433467
0.463610
0.034556
0.117416
0.044799
0.062188
0.057165
0.026496
0.231909
0.404576
0.085525
0.095082
0.060690
0.033367
0.131887
0.285267
0.052174
0.231466
0.089106
0.309226
0.436262
0.436479
0.066078
