0.012465
0.012708
0.012356
0.012959
0.009523
0.012094
0.013143
0.012543
0.012378
0.012424
0.012544
0.012675
0.012059
0.012728
0.012609
0.008700
0.008193
0.012945
0.012533
0.012426
0.010504
0.008477
0.012710
0.012828
0.012441
0.012068
0.012459
0.012518
0.012219
0.012447
0.007989
0.008388
0.013284
0.012419
0.013388
0.012698
0.012366
0.012531
0.008479
0.009821
0.012128
0.010381
0.013148
0.012447
0.008172
0.013223
0.012085
0.012099
0.010122
0.012936
0.009774
0.011312
0.012970
0.012648
0.011868
0.009341
0.009391
0.013511
0.009907
0.008575
0.012927
0.007898
0.008719
0.012330
0.012407
0.012671
0.009978
0.008702
0.009245
0.011624
0.012565
0.013163
0.012667
0.008633
0.010169
0.012877
0.012264
0.009782
0.012557
0.012868
0.011906
0.011914
0.012637
0.009761
0.012603
0.008932
0.009551
0.008443
0.010363
0.012344
0.008375
0.008664
0.013434
0.012335
0.012294
0.012659
0.009898
0.012656
0.008036
0.012303
