0.003552
0.004536
0.003795
0.003254
0.004023
0.006668
0.003557
0.003487
0.003675
0.003418
0.003769
0.003931
0.003401
0.003078
0.003732
0.003450
0.003850
0.003687
0.003587
0.006708
0.004152
0.003490
0.004277
0.003336
0.004079
0.004088
0.003467
0.003750
0.004195
0.004238
0.003345
0.003568
0.003230
0.002903
0.004218
0.003985
0.004624
0.003947
0.004017
0.004151
0.003289
0.003581
0.004462
0.004587
0.003485
0.003964
0.004516
0.003753
0.003987
0.003404
0.004110
0.003208
0.003638
0.003641
0.003672
0.003044
0.003709
0.004027
0.003233
0.003104
0.003677
0.003658
0.003570
0.003173
0.003918
0.003165
0.003145
0.004320
0.003693
0.004093
0.003790
0.003018
0.003035
0.003348
0.004454
0.003298
0.003212
0.003818
0.003719
0.003868
0.004153
0.003484
0.003671
0.002964
0.003493
0.004217
0.003422
0.003764
0.004160
0.005697
0.004534
0.004886
0.004196
0.004190
0.004084
0.004172
0.004396
0.005280
0.003545
0.002806
