0.001716
0.002583
0.001617
0.001542
0.001794
0.001682
0.001718
0.006522
0.000920
0.003665
0.002762
0.003597
0.002254
0.001954
0.001101
0.001891
0.002279
0.002486
0.004245
0.001389
0.001759
0.001633
0.002336
0.002939
0.004240
0.002892
0.002871
0.002400
0.000837
0.002656
0.002521
0.002508
0.003845
0.001618
0.001840
0.002242
0.003520
0.001636
0.006878
0.000730
0.003140
0.002222
0.002832
0.001708
0.001727
0.002403
0.005694
0.008393
0.002820
0.002411
0.001622
0.001306
0.006429
0.003233
0.003705
0.002509
0.004051
0.002026
0.001345
0.002275
0.002157
0.002337
0.002121
0.003423
0.002084
0.001384
0.002745
0.003273
0.003690
0.001900
0.003762
0.001672
0.003143
0.005491
0.003946
0.000941
0.001566
0.001660
0.003114
0.001305
0.002681
0.001142
0.002886
0.005423
0.002006
0.000451
0.004290
0.002850
0.001032
0.003684
0.003313
0.002803
0.001603
0.004463
0.002158
0.004173
0.002460
0.001302
0.001672
0.001633
