0.008958
0.009382
0.009925
0.008884
0.010292
0.010016
0.008464
0.011287
0.008546
0.008160
0.007655
0.007454
0.007562
0.008994
0.009199
0.012632
0.009227
0.007014
0.007968
0.007614
0.007844
0.008981
0.008704
0.007936
0.008801
0.008714
0.007491
0.010498
0.008318
0.007919
0.008662
0.008384
0.008446
0.010061
0.008225
0.008606
0.008056
0.008531
0.012272
0.011028
0.010828
0.009021
0.009820
0.011112
0.007326
0.012584
0.008463
0.007733
0.011841
0.007859
0.011109
0.010198
0.009532
0.011465
0.009414
0.007724
0.008293
0.007989
0.009402
0.008043
0.010504
0.008669
0.010034
0.011224
0.009071
0.008203
0.008373
0.008244
0.008842
0.007950
0.008863
0.008655
0.009255
0.008792
0.008855
0.007380
0.007943
0.009597
0.007557
0.008078
0.009712
0.008821
0.007076
0.008531
0.010041
0.007520
0.009290
0.010706
0.007297
0.009691
0.009651
0.007513
0.011718
0.009124
0.010607
0.009653
0.009567
0.007188
0.007148
0.011878
