0.014968
0.014193
0.015312
0.013866
0.013776
0.014055
0.012358
0.014162
0.013962
0.014848
0.014007
0.014294
0.013912
0.012997
0.014316
0.013848
0.014634
0.012578
0.014192
0.014728
0.013805
0.013994
0.012505
0.014004
0.013937
0.012848
0.013177
0.013218
0.015091
0.014839
0.014296
0.014165
0.015088
0.013197
0.014560
0.013194
0.014150
0.013771
0.012341
0.013382
0.013106
0.013417
0.015061
0.014246
0.015173
0.014114
0.013361
0.014290
0.013256
0.014802
0.014597
0.014733
0.014280
0.013949
0.012460
0.013815
0.015188
0.014036
0.015016
0.013202
0.013901
0.013781
0.015290
0.015578
0.013797
0.013167
0.014658
0.014612
0.013078
0.014359
0.013917
0.013079
0.013939
0.014604
0.014387
0.014247
0.014991
0.014107
0.014820
0.013961
0.014826
0.013483
0.013064
0.013969
0.014419
0.014329
0.013810
0.014244
0.013284
0.013860
0.015158
0.013643
0.014803
0.013155
0.014872
0.013848
0.014856
0.013916
0.013602
0.014205
