0.033136
0.032339
0.031428
0.031563
0.030900
0.034002
0.033940
0.032428
0.033450
0.030560
0.032912
0.032494
0.034077
0.031431
0.034245
0.033747
0.034284
0.032454
0.034403
0.031412
0.032851
0.032482
0.032776
0.032331
0.032333
0.032798
0.032674
0.032580
0.035185
0.031765
0.032498
0.031897
0.030511
0.035029
0.033113
0.031790
0.033209
0.032040
0.035800
0.033266
0.035292
0.032294
0.031461
0.033694
0.032095
0.030960
0.031987
0.035582
0.033128
0.034110
0.033174
0.033545
0.035149
0.034247
0.033721
0.035250
0.032529
0.032872
0.031860
0.031131
0.031379
0.035738
0.033194
0.033365
0.032471
0.031937
0.034084
0.034176
0.035207
0.033440
0.035058
0.032246
0.033702
0.032924
0.032292
0.034451
0.033390
0.036214
0.033435
0.032848
0.034343
0.033136
0.033755
0.034794
0.032189
0.033905
0.032600
0.032903
0.033132
0.034062
0.033647
0.032753
0.033589
0.031567
0.030941
0.032823
0.031603
0.032012
0.033666
0.032409
