0.006109
0.005912
0.005420
0.005924
0.006082
0.005742
0.005817
0.005397
0.004652
0.004911
0.005027
0.005932
0.004823
0.005978
0.006014
0.005478
0.006331
0.006099
0.005536
0.005608
0.005920
0.006208
0.005597
0.005145
0.004084
0.005768
0.005621
0.005126
0.005587
0.004986
0.005611
0.005181
0.004836
0.005651
0.005333
0.004189
0.005061
0.005983
0.004773
0.006055
0.005744
0.005252
0.005951
0.005708
0.004439
0.006031
0.005480
0.005480
0.005958
0.005260
0.006034
0.006184
0.006155
0.005523
0.004542
0.006125
0.004932
0.004506
0.006180
0.005363
0.006443
0.005947
0.005260
0.004930
0.004802
0.006186
0.005637
0.005298
0.005370
0.004608
0.004338
0.005984
0.005438
0.005947
0.004496
0.005047
0.004419
0.004418
0.006086
0.004605
0.005371
0.004637
0.004039
0.004660
0.005416
0.005386
0.004781
0.004392
0.004352
0.004921
0.005746
0.004680
0.005329
0.005711
0.005620
0.005784
0.006019
0.005815
0.005444
0.005815
