0.055420
0.055042
0.054466
0.052827
0.050832
0.055941
0.054954
0.055933
0.056096
0.054977
0.055505
0.054303
0.054830
0.054463
0.053457
0.057700
0.051808
0.054527
0.056223
0.056074
0.056730
0.054288
0.055211
0.055467
0.055851
0.055216
0.052889
0.055365
0.056185
0.055112
0.056372
0.054156
0.053933
0.055827
0.055820
0.054674
0.055018
0.054418
0.056030
0.056214
0.055933
0.055831
0.054622
0.057522
0.056223
0.055634
0.054638
0.055826
0.054421
0.055133
0.054775
0.053807
0.056429
0.054357
0.054809
0.054694
0.054714
0.055285
0.055891
0.055354
0.052820
0.055524
0.055242
0.053528
0.055002
0.055122
0.056254
0.058513
0.056962
0.055227
0.055549
0.055616
0.057619
0.054105
0.056113
0.055146
0.057600
0.055741
0.055373
0.054419
0.055354
0.054553
0.054626
0.055989
0.056487
0.055995
0.053431
0.055113
0.054922
0.054340
0.056221
0.055071
0.056035
0.053737
0.054482
0.053951
0.055073
0.055377
0.053991
0.053802
