0.019501
0.019461
0.019781
0.018981
0.019476
0.018659
0.019198
0.018975
0.020023
0.019645
0.019586
0.019227
0.019904
0.019186
0.019765
0.019493
0.019356
0.019500
0.019956
0.018519
0.019280
0.019285
0.019448
0.018377
0.019868
0.020062
0.019092
0.019830
0.018975
0.018640
0.018841
0.019032
0.018460
0.019254
0.019638
0.018122
0.019530
0.019335
0.019931
0.019819
0.019713
0.019541
0.018277
0.019147
0.019468
0.019597
0.018792
0.019604
0.019546
0.018496
0.020133
0.018922
0.019860
0.019199
0.019231
0.020853
0.019994
0.018906
0.019078
0.019603
0.019064
0.020141
0.020190
0.019419
0.019654
0.018386
0.018418
0.019201
0.019202
0.019035
0.019337
0.018817
0.019438
0.018460
0.018552
0.019055
0.019573
0.020350
0.019116
0.018992
0.019421
0.019094
0.018977
0.019392
0.019308
0.018834
0.019803
0.018924
0.020419
0.020159
0.019616
0.020007
0.018947
0.019479
0.018261
0.019641
0.019778
0.019340
0.018901
0.018465
