0.005005
0.002500
0.003199
0.004757
0.004267
0.006740
0.026924
0.014904
0.004595
0.004032
0.023136
0.005183
0.002744
0.002613
0.004957
0.026704
0.003039
0.005490
0.054884
0.002502
0.002059
0.007201
0.030173
0.004941
0.002131
0.007243
0.017971
0.006483
0.009654
0.003850
0.001961
0.004157
0.012635
0.002141
0.005206
0.014842
0.002738
0.006444
0.003886
0.017698
0.009445
0.008075
0.037071
0.009796
0.005157
0.006848
0.017251
0.003995
0.002164
0.019166
0.012658
0.010476
0.002902
0.006224
0.007367
0.008678
0.007266
0.037515
0.022960
0.014498
0.009226
0.012897
0.004852
0.002982
0.003678
0.001143
0.001473
0.005292
0.017359
0.011486
0.007698
0.004640
0.025908
0.003344
0.004669
0.003153
0.004336
0.001002
0.004265
0.015206
0.032409
0.017673
0.004896
0.002094
0.028054
0.004053
0.003804
0.004122
0.004748
0.003930
0.005119
0.024216
0.003492
0.013222
0.003373
0.019405
0.039613
0.004411
0.014222
0.003545
