0.019615
0.043069
0.033337
0.025817
0.064275
0.016623
0.036212
0.019516
0.025645
0.066416
0.027685
0.040650
0.033011
0.020574
0.019520
0.009039
0.014979
0.015021
0.037094
0.047557
0.033894
0.015063
0.035307
0.024599
0.037599
0.064721
0.070110
0.027192
0.065075
0.017028
0.051719
0.012720
0.007601
0.021647
0.052235
0.047737
0.028766
0.047998
0.023361
0.034429
0.059498
0.036893
0.040941
0.026272
0.033267
0.055622
0.016907
0.047160
0.068985
0.022290
0.043329
0.019182
0.018743
0.034240
0.014421
0.025790
0.016014
0.079456
0.059703
0.047692
0.036299
0.051759
0.024875
0.015538
0.023461
0.056361
0.039504
0.007091
0.014689
0.051914
0.017879
0.030321
0.041210
0.029791
0.037182
0.037915
0.032578
0.031595
0.016820
0.017528
0.009715
0.029127
0.027716
0.038023
0.021567
0.057303
0.044146
0.022237
0.061014
0.054130
0.030932
0.031713
0.056467
0.040861
0.038409
0.024964
0.086199
0.049121
0.032012
0.018447
