0.007329
0.076301
0.065586
0.001516
0.024364
0.003742
0.003972
0.001649
0.063429
0.002682
0.004857
0.006933
0.009953
0.026694
0.003674
0.004579
0.003502
0.046043
0.004106
0.083186
0.006984
0.002330
0.007672
0.002929
0.001353
0.003757
0.089558
0.005875
0.000880
0.102702
0.159377
0.002558
0.000658
0.030289
0.059517
0.004524
0.023372
0.005307
0.046422
0.004843
0.004888
0.006170
0.001794
0.069898
0.004672
0.006737
0.002626
0.028323
0.044675
0.003547
0.005057
0.002658
0.004702
0.053544
0.060901
0.002896
0.003144
0.004444
0.001329
0.021047
0.002806
0.027519
0.004942
0.017649
0.077408
0.025975
0.003694
0.002953
0.004268
0.039242
0.007852
0.005617
0.018094
0.002810
0.082107
0.048340
0.004944
0.002928
0.004443
0.001793
0.003176
0.101374
0.002737
0.064814
0.001689
0.009704
0.001877
0.001520
0.030692
0.029615
0.006307
0.026766
0.092775
0.004628
0.002236
0.062921
0.005789
0.099398
0.088966
0.007407
