0.027281
0.045101
0.038686
0.015417
0.014329
0.029495
0.032977
0.035510
0.014553
0.035382
0.035381
0.026130
0.046678
0.014350
0.040739
0.015312
0.038225
0.013653
0.025900
0.037073
0.023828
0.024068
0.043051
0.028975
0.012322
0.040381
0.047564
0.068613
0.033532
0.042739
0.031300
0.029732
0.033297
0.027863
0.024106
0.026376
0.019677
0.027512
0.024354
0.022471
0.013760
0.017985
0.030010
0.053753
0.023855
0.023961
0.030774
0.032455
0.035299
0.039291
0.027852
0.035349
0.030522
0.017756
0.023110
0.011498
0.053769
0.044920
0.055982
0.034533
0.042096
0.026219
0.007947
0.050409
0.029103
0.021186
0.034343
0.029350
0.043456
0.037493
0.040830
0.027427
0.045935
0.043160
0.029063
0.025258
0.033077
0.030978
0.032687
0.018808
0.022877
0.049757
0.025324
0.024744
0.031638
0.014444
0.012751
0.043213
0.024696
0.031936
0.021032
0.035080
0.020113
0.015380
0.052540
0.035169
0.011470
0.032120
0.020004
0.031585
