0.038179
0.020719
0.041111
0.062668
0.037867
0.025269
0.009565
0.024774
0.046756
0.012066
0.060810
0.023636
0.016636
0.025110
0.011586
0.011302
0.032544
0.037506
0.023452
0.045091
0.045103
0.030857
0.004632
0.044044
0.019840
0.025136
0.025076
0.012845
0.023275
0.046793
0.023447
0.018126
0.016882
0.050847
0.036892
0.030558
0.088977
0.024806
0.020304
0.035136
0.017631
0.007070
0.028857
0.026101
0.061095
0.052981
0.020823
0.014548
0.022413
0.005471
0.011928
0.014205
0.042362
0.014939
0.038014
0.057128
0.025090
0.023644
0.030915
0.003110
0.037406
0.021598
0.024059
0.007889
0.020373
0.043853
0.035029
0.049823
0.004685
0.023890
0.026017
0.052159
0.026943
0.009927
0.019717
0.014797
0.021226
0.032493
0.074244
0.035977
0.035844
0.067178
0.010862
0.027560
0.077029
0.015464
0.028647
0.047789
0.009700
0.007663
0.045299
0.010427
0.089378
0.063928
0.023667
0.017831
0.005032
0.081196
0.139130
0.007278
