0.002773
0.003102
0.003183
0.003739
0.002762
0.003044
0.002937
0.003366
0.002983
0.002793
0.002825
0.003035
0.002932
0.002696
0.002880
0.002771
0.002788
0.002881
0.003450
0.003101
0.002681
0.002942
0.002529
0.003081
0.002742
0.003028
0.003412
0.002823
0.002920
0.002803
0.002552
0.002757
0.003261
0.002955
0.002613
0.002560
0.003311
0.002791
0.002757
0.002806
0.003149
0.003260
0.003194
0.003047
0.002487
0.002797
0.002828
0.002639
0.002775
0.003379
0.003555
0.002844
0.002859
0.002881
0.002596
0.003041
0.003024
0.003173
0.002833
0.002618
0.003265
0.002760
0.002763
0.002832
0.003194
0.002813
0.002907
0.002955
0.003404
0.002586
0.003074
0.003038
0.002744
0.002498
0.002920
0.002848
0.003324
0.002953
0.003072
0.002772
0.002732
0.003269
0.003159
0.002705
0.002885
0.003046
0.003064
0.003043
0.002924
0.002905
0.002641
0.002938
0.002860
0.002876
0.002849
0.002411
0.002738
0.002853
0.003094
0.002519
