0.012510
0.012743
0.013333
0.012485
0.008743
0.013102
0.010652
0.013897
0.012739
0.013431
0.012087
0.011981
0.009813
0.014005
0.012563
0.011118
0.011794
0.011343
0.016151
0.012829
0.013703
0.009162
0.010446
0.011554
0.009749
0.010705
0.013935
0.011960
0.012633
0.009299
0.011671
0.013077
0.009773
0.011236
0.013276
0.010330
0.011551
0.014881
0.012225
0.013671
0.015551
0.011030
0.013258
0.011792
0.011563
0.013514
0.011328
0.011764
0.014746
0.011786
0.013229
0.010734
0.011032
0.013085
0.012826
0.009994
0.013873
0.009185
0.014013
0.012326
0.012187
0.014424
0.012856
0.012475
0.012221
0.012819
0.015107
0.013270
0.012081
0.013314
0.011865
0.012306
0.012827
0.015656
0.013077
0.013471
0.013313
0.012423
0.013226
0.013891
0.014454
0.011818
0.011059
0.009296
0.014428
0.010417
0.013902
0.014222
0.015114
0.013631
0.013163
0.014237
0.012154
0.011763
0.011060
0.012280
0.011012
0.013591
0.010432
0.009926
