0.001777
0.001827
0.001838
0.001899
0.001656
0.002025
0.001914
0.001930
0.002049
0.001899
0.001706
0.001935
0.002020
0.001989
0.001852
0.001969
0.001971
0.001720
0.002202
0.001795
0.001991
0.001837
0.002380
0.001884
0.002229
0.002105
0.001846
0.001935
0.001773
0.001927
0.001788
0.001754
0.002004
0.001978
0.002306
0.002092
0.001862
0.002090
0.002133
0.001739
0.001975
0.001929
0.001814
0.001919
0.001736
0.001792
0.002093
0.001769
0.001995
0.001937
0.001749
0.002189
0.001713
0.001611
0.001993
0.001902
0.002004
0.001921
0.002142
0.002019
0.001943
0.001951
0.001784
0.002062
0.002135
0.001993
0.001697
0.002161
0.002129
0.001881
0.001958
0.001840
0.001961
0.001955
0.002041
0.001972
0.001654
0.001953
0.002075
0.002063
0.002100
0.001811
0.001790
0.002024
0.001792
0.002171
0.001783
0.002032
0.001934
0.002145
0.001829
0.002144
0.001761
0.002087
0.001782
0.001859
0.002030
0.001804
0.001756
0.002012
