0.487966
0.116264
0.010400
0.581437
0.175764
0.105371
0.744806
0.173166
0.050001
0.106343
0.021006
0.233056
0.082342
0.008757
0.816625
0.827408
0.390492
0.809244
0.672093
0.666637
0.098532
0.365481
0.094503
0.605650
0.138631
0.017746
0.721810
0.056490
0.301616
0.455038
0.033889
0.066751
0.442552
0.135866
0.307397
0.750115
0.318742
0.097840
0.128643
0.367841
0.095263
0.646740
0.125216
0.281360
0.303568
0.614062
0.757792
0.490911
0.244235
0.326674
0.072650
0.030755
0.372553
0.268460
0.109496
0.096254
0.010414
0.532901
0.348079
0.182408
0.243150
0.345931
0.511843
0.304787
0.114518
0.446600
0.137597
0.125811
0.236427
0.027219
0.772281
0.826216
0.369591
0.133860
0.053561
0.066652
0.051133
0.055591
0.816325
0.270283
0.170890
0.089512
0.450828
0.457648
0.174108
0.626756
0.026154
0.011046
0.652976
0.177392
0.475805
0.704078
0.019270
0.493550
0.648329
0.035550
0.113979
0.043222
0.776849
0.859358
