0.070913
0.107835
0.048865
0.209915
0.051099
0.160980
0.054255
0.239466
0.050458
0.049770
0.531402
0.121123
0.309123
0.044633
0.059635
0.597972
0.078270
0.587582
0.085026
0.500784
0.055081
0.076262
0.047715
0.425080
0.078847
0.071871
0.542329
0.139302
0.046406
0.075058
0.075036
0.237893
0.463510
0.046305
0.489252
0.055353
0.374956
0.181389
0.103816
0.058207
0.071133
0.049060
0.080811
0.166072
0.167636
0.419440
0.557000
0.059119
0.142737
0.416010
0.335587
0.154435
0.069494
0.036164
0.044454
0.062924
0.153874
0.377133
0.263317
0.057462
0.056312
0.210772
0.057457
0.053698
0.123015
0.222345
0.073575
0.365607
0.102863
0.048057
0.535489
0.409911
0.285210
0.085197
0.046055
0.530971
0.056904
0.384255
0.430928
0.099717
0.058271
0.065629
0.058544
0.041208
0.548962
0.435757
0.056871
0.054347
0.078254
0.172959
0.249658
0.557275
0.035221
0.043454
0.448197
0.055996
0.229782
0.289851
0.605785
0.443024
