0.072345
0.120036
0.064662
0.191547
0.233514
0.104720
0.057123
0.397903
0.025075
0.138668
0.027265
0.187075
0.470073
0.054191
0.811622
0.853553
0.543650
0.622004
0.411358
0.475549
0.052426
0.125681
0.238448
0.834907
0.088581
0.526078
0.024772
0.193304
0.658355
0.105076
0.793551
0.421927
0.626147
0.132720
0.021602
0.029402
0.391272
0.367548
0.413589
0.105877
0.311129
0.028424
0.685336
0.120004
0.061125
0.613717
0.699346
0.177107
0.183586
0.339578
0.175418
0.383653
0.278490
0.094234
0.177458
0.106537
0.090441
0.234151
0.042069
0.093753
0.600563
0.154246
0.063710
0.193458
0.435454
0.341677
0.065891
0.643205
0.442865
0.351976
0.670041
0.727026
0.502547
0.107210
0.184280
0.053054
0.083218
0.284789
0.029331
0.201357
0.392568
0.612479
0.064101
0.580430
0.051972
0.313468
0.026952
0.679821
0.110843
0.295323
0.311044
0.023603
0.034492
0.088945
0.029827
0.033617
0.368744
0.039305
0.805241
0.804051
