0.102366
0.080377
0.307530
0.094863
0.068994
0.129772
0.078186
0.123961
0.072517
0.263213
0.165467
0.096858
0.068269
0.159136
0.329137
0.383305
0.220627
0.135799
0.114792
0.338691
0.197435
0.052124
0.101570
0.227488
0.103729
0.239292
0.163994
0.218822
0.065762
0.124365
0.205772
0.078029
0.068143
0.081850
0.094651
0.153288
0.275152
0.074195
0.133427
0.099980
0.112859
0.172382
0.087077
0.054616
0.222894
0.107403
0.155201
0.078410
0.045017
0.085717
0.061269
0.230498
0.085795
0.079147
0.124255
0.059075
0.164066
0.080364
0.186503
0.052451
0.070034
0.078931
0.159256
0.212579
0.062923
0.085110
0.109264
0.061141
0.054355
0.158933
0.329314
0.157014
0.111629
0.112537
0.062492
0.149535
0.084623
0.063116
0.288470
0.075563
0.112221
0.072957
0.117559
0.101415
0.168551
0.113621
0.141326
0.138626
0.198954
0.065806
0.103013
0.184071
0.108162
0.149005
0.239437
0.223389
0.086583
0.325510
0.178948
0.368362
