0.394415
0.335316
0.030556
0.465660
0.055174
0.263007
0.031281
0.029249
0.032787
0.124685
0.657282
0.200880
0.400800
0.374350
0.038657
0.038448
0.037037
0.669181
0.634069
0.256137
0.422837
0.285462
0.505299
0.379660
0.155329
0.035567
0.607121
0.059721
0.432783
0.075852
0.576790
0.077256
0.254154
0.052981
0.691617
0.661352
0.128522
0.271766
0.073033
0.085039
0.085961
0.512786
0.457041
0.427101
0.122940
0.024164
0.056378
0.107697
0.169897
0.344602
0.104494
0.133682
0.291547
0.081076
0.205110
0.074729
0.670832
0.452357
0.029493
0.303707
0.041204
0.258814
0.647897
0.019492
0.055955
0.291627
0.109758
0.048074
0.123430
0.046907
0.667658
0.024564
0.053068
0.055823
0.279052
0.485992
0.411821
0.644392
0.033198
0.379415
0.289799
0.324687
0.420265
0.259366
0.715297
0.105762
0.658237
0.429960
0.037246
0.219202
0.224666
0.601998
0.367075
0.335555
0.040019
0.325487
0.324926
0.045156
0.684106
0.587600
