0.535188
0.245644
0.059383
0.135215
0.401704
0.020484
0.083979
0.027096
0.146334
0.292256
0.343948
0.353984
0.035791
0.041803
0.168220
0.059599
0.250601
0.017828
0.079592
0.039436
0.010043
0.410629
0.077405
0.007732
0.670498
0.072687
0.483655
0.044334
0.216289
0.112726
0.545355
0.472044
0.551054
0.015648
0.393490
0.323635
0.357730
0.155549
0.115096
0.032358
0.252524
0.010564
0.375512
0.060509
0.556488
0.076503
0.475772
0.047344
0.284172
0.298924
0.453452
0.037796
0.504612
0.844101
0.012034
0.007149
0.138650
0.570978
0.360064
0.110822
0.619677
0.165850
0.181834
0.507530
0.698317
0.614415
0.576781
0.019213
0.132865
0.160338
0.146953
0.030300
0.624774
0.012143
0.056143
0.347015
0.053286
0.200456
0.547904
0.109193
0.566770
0.181783
0.707921
0.285829
0.324821
0.030813
0.594555
0.026167
0.399259
0.547107
0.170926
0.397479
0.148868
0.704672
0.423862
0.033961
0.588336
0.340883
0.261444
0.717104
