0.359082
0.163471
0.058261
0.047924
0.094843
0.460389
0.049091
0.061195
0.351035
0.243772
0.405161
0.157428
0.120191
0.055308
0.115418
0.260277
0.059200
0.058031
0.330184
0.400036
0.039394
0.057446
0.487043
0.077706
0.052906
0.509495
0.393185
0.061505
0.208225
0.109269
0.096494
0.307271
0.454905
0.061231
0.202924
0.286809
0.102441
0.079520
0.283014
0.490874
0.129669
0.316787
0.412281
0.474732
0.342490
0.253120
0.287613
0.067972
0.162137
0.251875
0.077562
0.044783
0.109297
0.492394
0.575945
0.059325
0.089736
0.052109
0.158169
0.385684
0.050107
0.246801
0.232373
0.343465
0.040552
0.034866
0.068212
0.059366
0.071770
0.107409
0.078761
0.379688
0.453926
0.150473
0.497408
0.131360
0.173291
0.196524
0.368473
0.096475
0.407393
0.088884
0.227688
0.166394
0.054913
0.050121
0.398838
0.076791
0.385495
0.104790
0.309947
0.219624
0.147484
0.196073
0.085266
0.066150
0.201009
0.091067
0.268813
0.081002
