0.069979
0.196510
0.553433
0.247190
0.088598
0.074818
0.070998
0.025359
0.264806
0.358463
0.499769
0.172768
0.561312
0.156828
0.412453
0.211282
0.086202
0.046121
0.073323
0.549741
0.432551
0.494045
0.053862
0.757583
0.567384
0.329700
0.158300
0.336972
0.338720
0.405625
0.512131
0.168889
0.055208
0.028484
0.642266
0.532728
0.119328
0.559613
0.158453
0.514597
0.213984
0.305050
0.798810
0.056807
0.056241
0.241381
0.213849
0.578578
0.308876
0.365671
0.104120
0.046781
0.176887
0.834057
0.842116
0.190288
0.206401
0.349445
0.259042
0.053196
0.056757
0.123857
0.318499
0.504632
0.697138
0.467903
0.631563
0.305071
0.143095
0.295724
0.382031
0.622998
0.731321
0.759457
0.677326
0.226888
0.627445
0.465425
0.096433
0.180102
0.064988
0.312517
0.073614
0.093161
0.219431
0.070866
0.455019
0.182198
0.150622
0.328774
0.219272
0.661311
0.081164
0.297326
0.108636
0.399558
0.149100
0.700521
0.300048
0.245769
