0.134143
0.070353
0.283968
0.221268
0.206618
0.131162
0.186623
0.279300
0.142820
0.081685
0.104668
0.091637
0.243025
0.207432
0.069440
0.099300
0.111983
0.256732
0.157871
0.064238
0.239343
0.110519
0.304299
0.077384
0.190178
0.103808
0.132001
0.137264
0.055331
0.052918
0.141985
0.067329
0.147489
0.169410
0.102380
0.120159
0.070050
0.070135
0.063505
0.315191
0.115926
0.074204
0.068468
0.129586
0.104922
0.218144
0.050373
0.176615
0.064859
0.090577
0.055593
0.167643
0.076718
0.336471
0.323687
0.165415
0.083959
0.115263
0.092954
0.114197
0.278053
0.075279
0.061950
0.112584
0.103713
0.132542
0.066511
0.085912
0.075294
0.121881
0.076007
0.146694
0.277861
0.202239
0.057032
0.063150
0.055624
0.074664
0.113684
0.084614
0.091376
0.085673
0.096396
0.059471
0.177321
0.079380
0.076087
0.345915
0.087781
0.114487
0.073130
0.133599
0.222856
0.097979
0.132957
0.075077
0.134077
0.257559
0.076561
0.098480
