0.494075
0.091399
0.061787
0.038072
0.397667
0.506828
0.566391
0.041020
0.237226
0.219915
0.296870
0.119105
0.123498
0.339092
0.416816
0.312965
0.113726
0.017558
0.469605
0.209847
0.066491
0.164870
0.071753
0.627595
0.055638
0.194518
0.095259
0.125367
0.238778
0.393942
0.240587
0.057532
0.050369
0.591216
0.199776
0.189679
0.443801
0.189981
0.090391
0.056769
0.310759
0.145375
0.372834
0.522113
0.356279
0.038498
0.359833
0.472212
0.138797
0.365441
0.064746
0.033333
0.336072
0.056113
0.043857
0.047407
0.043912
0.055565
0.258375
0.126003
0.033896
0.398176
0.631748
0.084799
0.472376
0.521522
0.068366
0.055359
0.466270
0.424507
0.094718
0.650051
0.046433
0.678355
0.060033
0.225297
0.296171
0.267401
0.077654
0.140468
0.494098
0.089355
0.532973
0.222654
0.214325
0.262723
0.034354
0.038039
0.380278
0.282982
0.196395
0.144877
0.093673
0.123014
0.455135
0.202415
0.280856
0.359906
0.446122
0.077899
