0.005875
0.053103
0.007130
0.010913
0.029386
0.016217
0.015165
0.007284
0.012279
0.011266
0.026627
0.017732
0.006622
0.037673
0.010290
0.008925
0.020913
0.048254
0.029746
0.027956
0.013904
0.011888
0.034051
0.057591
0.009867
0.069411
0.028989
0.030786
0.022436
0.032633
0.027344
0.034039
0.067564
0.007432
0.014314
0.009403
0.023792
0.019786
0.009764
0.011877
0.011519
0.004810
0.024678
0.018473
0.039486
0.011913
0.025259
0.007901
0.006937
0.023688
0.008389
0.006381
0.021940
0.020126
0.017139
0.030867
0.006933
0.007940
0.032614
0.008872
0.009598
0.028822
0.035290
0.040149
0.075160
0.023502
0.014633
0.029345
0.044319
0.008206
0.015949
0.005273
0.026024
0.009247
0.005484
0.019959
0.005776
0.010592
0.007383
0.018695
0.023540
0.015790
0.025044
0.019249
0.014083
0.023322
0.018051
0.008852
0.049781
0.016542
0.006170
0.007941
0.010399
0.048753
0.017387
0.005385
0.014166
0.006852
0.047228
0.008837
