0.049149
0.050152
0.054217
0.028396
0.040408
0.035896
0.043198
0.042221
0.042954
0.036817
0.050953
0.035577
0.053303
0.041055
0.046839
0.031148
0.038269
0.040033
0.033032
0.046562
0.048934
0.033948
0.025371
0.051580
0.044398
0.049650
0.049350
0.035843
0.031294
0.031285
0.036876
0.051255
0.033867
0.044015
0.027347
0.036451
0.032741
0.058062
0.057727
0.042434
0.042002
0.043599
0.029057
0.073728
0.039724
0.047886
0.052623
0.038446
0.048060
0.036388
0.032185
0.038870
0.041453
0.042830
0.049164
0.040997
0.043075
0.026143
0.050276
0.031163
0.034566
0.042295
0.034777
0.029660
0.060818
0.050880
0.024797
0.048989
0.055006
0.022397
0.060069
0.032999
0.036249
0.095722
0.067756
0.045585
0.047855
0.054248
0.039126
0.040299
0.037362
0.048655
0.043717
0.039581
0.052028
0.029599
0.031446
0.025893
0.036446
0.031742
0.046752
0.049744
0.051035
0.043402
0.049609
0.032578
0.022764
0.049131
0.049416
0.072021
