0.017617
0.101914
0.078578
0.111897
0.056750
0.049784
0.032441
0.096115
0.033498
0.063315
0.126759
0.042315
0.113441
0.040068
0.022217
0.015474
0.016890
0.051532
0.047048
0.049294
0.004680
0.062766
0.062258
0.073993
0.092168
0.036908
0.067184
0.152227
0.011941
0.022192
0.016893
0.077490
0.040268
0.054983
0.112202
0.003979
0.051461
0.028188
0.076909
0.015252
0.021351
0.106832
0.038258
0.003979
0.123260
0.004269
0.014062
0.017704
0.015805
0.104350
0.077175
0.042948
0.061512
0.085035
0.070791
0.067264
0.059803
0.082196
0.073151
0.051490
0.004405
0.103179
0.085494
0.005343
0.042179
0.128525
0.031497
0.068394
0.073499
0.076723
0.078371
0.028895
0.020696
0.170309
0.067991
0.019407
0.018387
0.082527
0.011743
0.018842
0.010072
0.019565
0.032958
0.020936
0.035307
0.005710
0.035536
0.137554
0.011684
0.005959
0.072484
0.029411
0.076371
0.207778
0.023888
0.004221
0.010070
0.065306
0.019160
0.166339
