0.031447
0.025702
0.031583
0.031264
0.035217
0.033344
0.026762
0.031292
0.040778
0.028339
0.046227
0.049889
0.027736
0.034552
0.030426
0.039128
0.053754
0.028227
0.026312
0.049143
0.036673
0.052569
0.032864
0.037308
0.043514
0.044786
0.044633
0.039729
0.031933
0.028151
0.027163
0.023876
0.030136
0.045716
0.035014
0.045774
0.036306
0.035657
0.030550
0.050776
0.035306
0.051636
0.036122
0.048023
0.040630
0.030933
0.036356
0.029850
0.043397
0.028800
0.069456
0.029511
0.021354
0.031490
0.073586
0.036409
0.023055
0.048098
0.053791
0.053546
0.031036
0.060750
0.033828
0.050983
0.034519
0.033648
0.038777
0.035666
0.061289
0.036250
0.047159
0.034080
0.037755
0.049746
0.034202
0.036394
0.035287
0.051945
0.036365
0.052570
0.040425
0.044396
0.037609
0.037249
0.034978
0.039455
0.038386
0.036982
0.030777
0.034376
0.040720
0.032857
0.041010
0.033008
0.049565
0.043927
0.041264
0.031191
0.031319
0.042514
