0.031443
0.072059
0.023609
0.021154
0.047273
0.073983
0.026487
0.069564
0.073828
0.022343
0.024002
0.032336
0.025994
0.047252
0.072257
0.028739
0.024321
0.025931
0.029815
0.031923
0.009461
0.032131
0.034238
0.058423
0.030955
0.032393
0.106950
0.038780
0.025028
0.029195
0.034882
0.032306
0.029726
0.069030
0.050611
0.023781
0.046937
0.052995
0.052971
0.025680
0.033065
0.067199
0.032441
0.053799
0.056395
0.023686
0.012651
0.029427
0.029424
0.065511
0.037654
0.041558
0.038238
0.028830
0.047955
0.033790
0.031586
0.063332
0.030604
0.038301
0.043600
0.058463
0.028035
0.026064
0.032743
0.071767
0.034010
0.021537
0.040265
0.078269
0.038516
0.039279
0.018163
0.017076
0.046539
0.020963
0.029025
0.025685
0.030339
0.027064
0.027455
0.078409
0.028838
0.033987
0.039376
0.023270
0.030853
0.125966
0.024839
0.028546
0.027244
0.030204
0.022167
0.080161
0.015979
0.037408
0.033289
0.057550
0.039698
0.054855
