0.011592
0.006439
0.028274
0.034362
0.006531
0.030768
0.006413
0.015119
0.051914
0.022641
0.007427
0.047372
0.027433
0.022015
0.020559
0.005936
0.047209
0.025555
0.012511
0.018930
0.048062
0.037080
0.006240
0.006854
0.017973
0.019757
0.022505
0.006797
0.013561
0.030608
0.034028
0.005250
0.007671
0.006539
0.009405
0.023142
0.008605
0.014067
0.006604
0.005788
0.012304
0.003139
0.020814
0.041066
0.009891
0.017979
0.030017
0.020247
0.019206
0.007964
0.025979
0.004489
0.013095
0.019618
0.043810
0.035257
0.016706
0.030840
0.028541
0.014850
0.011199
0.030790
0.019528
0.007571
0.021237
0.016560
0.058626
0.038917
0.048893
0.013463
0.005438
0.018799
0.005380
0.022560
0.076779
0.053497
0.054325
0.025811
0.039075
0.033605
0.006871
0.016475
0.012193
0.005076
0.055991
0.015949
0.006101
0.006728
0.034874
0.010776
0.013809
0.004406
0.017593
0.027126
0.037220
0.040159
0.003851
0.028120
0.016679
0.028292
