0.030182
0.024696
0.028085
0.037058
0.033076
0.034634
0.029787
0.042121
0.032187
0.032086
0.034448
0.043562
0.026752
0.026158
0.028253
0.026819
0.031040
0.033835
0.058105
0.034718
0.024639
0.031091
0.046268
0.033486
0.050997
0.027789
0.034357
0.031784
0.037663
0.034263
0.045506
0.042030
0.030711
0.025701
0.034812
0.038959
0.030641
0.038182
0.040867
0.040984
0.036741
0.026457
0.040303
0.021731
0.052239
0.041020
0.040836
0.025260
0.029617
0.038800
0.038816
0.032094
0.028853
0.025255
0.041288
0.030943
0.030690
0.034012
0.041719
0.031981
0.034440
0.024020
0.034397
0.041355
0.034003
0.034059
0.042549
0.024866
0.030381
0.031686
0.031824
0.033061
0.030093
0.038446
0.032710
0.047511
0.025536
0.031656
0.025568
0.025061
0.036495
0.036648
0.040515
0.033377
0.024580
0.046319
0.032330
0.036502
0.029134
0.031230
0.038902
0.029373
0.020694
0.036379
0.032164
0.028860
0.036119
0.033693
0.038392
0.029042
