0.039573
0.037742
0.044448
0.023665
0.034961
0.006506
0.028961
0.009976
0.015555
0.018756
0.033728
0.041530
0.068138
0.009570
0.025243
0.057989
0.006359
0.025236
0.008218
0.062927
0.024385
0.039695
0.025698
0.081996
0.003588
0.046488
0.002661
0.051552
0.011587
0.027918
0.011254
0.003921
0.020242
0.047345
0.050242
0.025973
0.011882
0.032029
0.032940
0.026845
0.028689
0.049982
0.040272
0.002466
0.052156
0.004034
0.017698
0.034671
0.036310
0.037510
0.011641
0.006481
0.050187
0.028077
0.013894
0.023320
0.037449
0.032723
0.044451
0.029482
0.037191
0.025524
0.038374
0.003698
0.035228
0.006447
0.044604
0.029481
0.028693
0.054757
0.073319
0.064548
0.023827
0.007055
0.034966
0.007794
0.040299
0.010795
0.051001
0.047038
0.029238
0.007130
0.035068
0.017499
0.013280
0.025999
0.030168
0.031448
0.036148
0.039215
0.004963
0.021046
0.030715
0.005748
0.008389
0.005154
0.030111
0.020090
0.009535
0.019832
