0.041021
0.036582
0.039375
0.030337
0.032851
0.039482
0.033575
0.034012
0.032285
0.035969
0.039658
0.042243
0.046317
0.027146
0.037388
0.030739
0.057781
0.042808
0.040469
0.034364
0.038865
0.029982
0.032527
0.052983
0.037941
0.031351
0.045708
0.041114
0.033316
0.033754
0.031834
0.032106
0.039189
0.039360
0.043562
0.034969
0.034168
0.036424
0.027110
0.031397
0.034055
0.063204
0.039546
0.035751
0.029886
0.031322
0.033321
0.034991
0.025573
0.034950
0.033096
0.035793
0.047993
0.046279
0.047922
0.040861
0.035388
0.036762
0.034905
0.032491
0.036950
0.035781
0.038469
0.039391
0.028767
0.030056
0.038887
0.034342
0.030050
0.037003
0.032325
0.035796
0.040427
0.030777
0.037051
0.039475
0.031266
0.036387
0.036548
0.036334
0.036395
0.025594
0.028268
0.042196
0.034265
0.030817
0.035433
0.033142
0.036403
0.039143
0.045476
0.030748
0.028768
0.036131
0.038525
0.038160
0.045325
0.038425
0.033374
0.046081
