0.067839
0.035710
0.018889
0.032264
0.022177
0.014632
0.022734
0.017406
0.021622
0.022559
0.016030
0.046120
0.018171
0.029390
0.024954
0.047800
0.021415
0.021339
0.018507
0.026837
0.019325
0.015294
0.025498
0.056552
0.032707
0.014566
0.049889
0.035416
0.023692
0.085590
0.020937
0.024813
0.020921
0.040567
0.023181
0.020663
0.048265
0.017634
0.015082
0.024451
0.035203
0.039721
0.046921
0.036317
0.018182
0.021527
0.046663
0.038148
0.039579
0.030252
0.041228
0.036637
0.019486
0.050190
0.043639
0.062432
0.032897
0.018572
0.013877
0.021276
0.034134
0.024159
0.040846
0.025985
0.026392
0.046922
0.066072
0.031437
0.059859
0.058807
0.055771
0.028756
0.026494
0.018638
0.019484
0.057527
0.023888
0.049334
0.017822
0.049632
0.042322
0.018460
0.024670
0.066154
0.019257
0.039080
0.020832
0.019221
0.042451
0.022061
0.020293
0.060159
0.022910
0.021375
0.043456
0.020854
0.022215
0.015534
0.025591
0.021754
