0.468964
0.495185
0.116092
0.439690
0.128150
0.026170
0.082728
0.111399
0.152028
0.496373
0.199505
0.065072
0.167898
0.101252
0.031445
0.684884
0.029367
0.070106
0.125409
0.034882
0.030445
0.042868
0.847692
0.022336
0.611242
0.243371
0.674801
0.754333
0.055461
0.186989
0.016807
0.803518
0.190723
0.029575
0.027352
0.029354
0.245386
0.769751
0.065452
0.477658
0.325722
0.261982
0.008942
0.380029
0.022224
0.135449
0.366115
0.332070
0.135733
0.020288
0.585993
0.230130
0.149575
0.118344
0.441891
0.025350
0.128108
0.265533
0.147458
0.032427
0.088172
0.280432
0.237879
0.083079
0.010136
0.040961
0.320220
0.061275
0.418711
0.753150
0.032034
0.226195
0.009380
0.087431
0.042474
0.109451
0.832741
0.193345
0.055152
0.057523
0.053243
0.021111
0.191385
0.030953
0.142998
0.151693
0.135707
0.380430
0.339467
0.656917
0.028306
0.372703
0.016413
0.040812
0.051373
0.043946
0.016860
0.036538
0.107911
0.215880
