0.059487
0.035298
0.063235
0.095041
0.036008
0.382615
0.095493
0.113790
0.106725
0.048655
0.192381
0.046870
0.317915
0.152772
0.054672
0.581846
0.302187
0.047322
0.235149
0.042025
0.466560
0.582796
0.075117
0.652699
0.357329
0.140774
0.601441
0.565431
0.128585
0.130476
0.064264
0.144274
0.054267
0.459434
0.038215
0.588702
0.043823
0.060871
0.262547
0.390248
0.440352
0.288393
0.059969
0.133950
0.623494
0.081523
0.351206
0.270216
0.266436
0.395955
0.380093
0.045110
0.226054
0.156176
0.265639
0.218514
0.041933
0.209009
0.082761
0.051594
0.130882
0.157548
0.109631
0.041593
0.080606
0.038648
0.265150
0.064450
0.347561
0.469231
0.036553
0.045777
0.036190
0.349066
0.034800
0.143417
0.568110
0.233896
0.065892
0.116601
0.052301
0.044315
0.052217
0.061741
0.103338
0.055446
0.246927
0.231169
0.039461
0.433219
0.292873
0.050018
0.043960
0.044971
0.574946
0.350948
0.325463
0.429720
0.100005
0.069481
