0.097749
0.614390
0.122579
0.149302
0.333524
0.451671
0.822747
0.455692
0.247559
0.022447
0.050780
0.110534
0.374164
0.060940
0.105252
0.261611
0.420850
0.117380
0.401449
0.065533
0.073661
0.826402
0.164725
0.023556
0.705497
0.110385
0.033387
0.723607
0.085306
0.249310
0.429514
0.518867
0.056569
0.694372
0.032513
0.580360
0.475513
0.028115
0.502548
0.178802
0.146657
0.530268
0.814764
0.557143
0.878663
0.341845
0.609527
0.086040
0.788771
0.728545
0.057707
0.034123
0.403801
0.220181
0.160100
0.021064
0.037423
0.092204
0.142630
0.050844
0.712900
0.178444
0.585681
0.453496
0.030622
0.139577
0.152834
0.085449
0.215456
0.169238
0.509444
0.203151
0.083908
0.134165
0.045129
0.137486
0.039617
0.634988
0.629722
0.020538
0.607743
0.029218
0.153645
0.191498
0.194760
0.649750
0.090291
0.198635
0.559369
0.443971
0.119326
0.041875
0.043899
0.672037
0.536133
0.709041
0.017404
0.271714
0.058248
0.316778
