0.077877
0.064834
0.072607
0.088358
0.079177
0.104587
0.361137
0.065880
0.089334
0.062298
0.093156
0.160252
0.101806
0.088247
0.090026
0.090886
0.175249
0.076104
0.073795
0.062232
0.231105
0.373537
0.064110
0.174207
0.121491
0.059080
0.287482
0.088898
0.279604
0.075890
0.070429
0.134501
0.257434
0.236313
0.259802
0.297864
0.227384
0.082150
0.164627
0.097207
0.079420
0.098338
0.340557
0.071817
0.196145
0.233165
0.191921
0.160922
0.244613
0.140285
0.110736
0.075986
0.169098
0.068900
0.091851
0.102338
0.072244
0.052300
0.057154
0.118344
0.071045
0.062579
0.081954
0.065764
0.163980
0.070132
0.224235
0.247947
0.089677
0.092741
0.059044
0.327732
0.067390
0.099492
0.115353
0.114920
0.101646
0.112841
0.129429
0.172966
0.272597
0.273391
0.062043
0.182488
0.111452
0.120534
0.087137
0.077318
0.055266
0.293643
0.310111
0.097328
0.334743
0.245751
0.078200
0.065088
0.323791
0.104036
0.316545
0.081262
