0.154101
0.051187
0.286573
0.476743
0.335738
0.203801
0.040304
0.273728
0.374576
0.169303
0.300152
0.255002
0.101226
0.091431
0.102676
0.594156
0.080059
0.535312
0.175937
0.054259
0.034417
0.029731
0.041639
0.693144
0.532314
0.308754
0.025065
0.615288
0.056648
0.076363
0.021282
0.109095
0.118361
0.043524
0.590298
0.085456
0.146363
0.448825
0.083202
0.447763
0.040245
0.385475
0.057960
0.209863
0.714397
0.081717
0.490112
0.348329
0.256928
0.342170
0.083178
0.024203
0.142795
0.044023
0.061444
0.053807
0.111249
0.433492
0.226039
0.486310
0.585201
0.296734
0.456367
0.526886
0.569358
0.073029
0.332004
0.415891
0.595622
0.619930
0.046344
0.029848
0.248636
0.538175
0.032872
0.094561
0.710717
0.469532
0.156559
0.495557
0.086567
0.617872
0.165305
0.043692
0.212203
0.448336
0.507300
0.390369
0.485619
0.425523
0.085163
0.239440
0.624727
0.233553
0.620091
0.448622
0.702493
0.419383
0.076370
0.187410
