0.445840
0.068844
0.685581
0.634685
0.727548
0.618541
0.035885
0.830488
0.341366
0.009467
0.730286
0.272071
0.459749
0.394359
0.058986
0.257770
0.570787
0.357491
0.194093
0.184989
0.030007
0.031637
0.202443
0.512270
0.029782
0.539297
0.024022
0.698126
0.192730
0.029975
0.014489
0.060661
0.052163
0.092222
0.646139
0.345658
0.019216
0.609054
0.499548
0.151474
0.203812
0.384543
0.195098
0.427418
0.116040
0.241793
0.020532
0.246864
0.145360
0.024019
0.034111
0.670868
0.025247
0.031469
0.682339
0.008252
0.073487
0.301300
0.034435
0.029934
0.192963
0.157163
0.028714
0.022801
0.525599
0.270877
0.320939
0.637586
0.059176
0.601860
0.238306
0.276667
0.154964
0.722002
0.006413
0.236329
0.688436
0.201229
0.467220
0.006626
0.568759
0.087899
0.034177
0.054829
0.082117
0.185311
0.207897
0.033102
0.077536
0.399847
0.283798
0.355128
0.142025
0.648071
0.577759
0.537616
0.070227
0.025162
0.712826
0.643032
