0.095755
0.274186
0.064722
0.412170
0.036880
0.162677
0.472797
0.571415
0.131089
0.059365
0.058654
0.290250
0.204448
0.416650
0.082200
0.179207
0.431646
0.094474
0.104531
0.154284
0.221093
0.065335
0.061045
0.410837
0.474796
0.047867
0.352508
0.061228
0.072653
0.056173
0.059464
0.382011
0.062499
0.214826
0.562563
0.093178
0.060476
0.053869
0.054480
0.404931
0.077479
0.068678
0.120320
0.052105
0.037417
0.381744
0.058345
0.215082
0.172723
0.359661
0.462268
0.140589
0.439706
0.321290
0.475848
0.559002
0.264773
0.169266
0.238773
0.559588
0.057310
0.102138
0.478794
0.075254
0.334112
0.139024
0.271183
0.414889
0.475828
0.067420
0.245696
0.179619
0.045175
0.521360
0.055260
0.091546
0.435805
0.322502
0.055875
0.074642
0.044285
0.174517
0.612047
0.325599
0.301320
0.117862
0.158655
0.097315
0.456280
0.263806
0.374300
0.110790
0.454867
0.177676
0.045278
0.149971
0.372190
0.441259
0.530456
0.245647
