0.077176
0.362482
0.051640
0.037385
0.662561
0.518813
0.599005
0.020977
0.306784
0.321673
0.025258
0.286869
0.438497
0.378854
0.063563
0.165007
0.045200
0.139382
0.450531
0.362901
0.118346
0.732987
0.706031
0.600735
0.044215
0.849006
0.566573
0.731699
0.135128
0.716077
0.830072
0.587274
0.028793
0.469601
0.158386
0.111196
0.755290
0.048726
0.071741
0.051875
0.097074
0.227400
0.146760
0.069767
0.785904
0.292667
0.752695
0.274131
0.480916
0.032321
0.653951
0.110784
0.627743
0.114568
0.048475
0.782578
0.439056
0.192966
0.432793
0.779767
0.080149
0.372928
0.042760
0.269852
0.100691
0.347116
0.087993
0.050043
0.502202
0.048003
0.223195
0.214872
0.060256
0.052769
0.779125
0.106480
0.261530
0.219618
0.095665
0.832425
0.040901
0.140025
0.636054
0.071816
0.463178
0.367122
0.073793
0.591490
0.044811
0.452099
0.498660
0.402191
0.099825
0.691086
0.688043
0.262111
0.579235
0.546162
0.722816
0.259044
