0.084277
0.087940
0.116189
0.075295
0.120988
0.155603
0.069402
0.154546
0.138876
0.221481
0.283905
0.059109
0.075729
0.243606
0.229779
0.146965
0.264786
0.098732
0.058229
0.066568
0.072742
0.283423
0.159605
0.196297
0.172720
0.231059
0.189500
0.079986
0.110919
0.241724
0.319135
0.073910
0.240993
0.155236
0.245468
0.082069
0.336070
0.110985
0.084025
0.091408
0.111019
0.125833
0.145976
0.063569
0.331739
0.069385
0.168755
0.115203
0.118600
0.242801
0.278171
0.165292
0.293512
0.093566
0.190769
0.293245
0.169530
0.277535
0.145126
0.048207
0.063606
0.125033
0.271383
0.064151
0.075412
0.086295
0.060811
0.099661
0.083216
0.105715
0.060051
0.108408
0.132978
0.296100
0.292409
0.056352
0.179487
0.094298
0.053507
0.081598
0.066531
0.069373
0.241605
0.184686
0.099494
0.233221
0.251911
0.202705
0.151901
0.134256
0.045414
0.120259
0.262692
0.144099
0.079203
0.049868
0.127599
0.151682
0.147314
0.110551
