0.199095
0.429440
0.564815
0.049264
0.270736
0.229958
0.408620
0.653436
0.124793
0.026354
0.544782
0.186559
0.287573
0.321060
0.063884
0.156380
0.033027
0.202573
0.067511
0.114805
0.056169
0.040621
0.649145
0.500502
0.614675
0.509862
0.066342
0.033479
0.144603
0.028636
0.060597
0.180596
0.503077
0.495036
0.045309
0.383989
0.629415
0.483221
0.403270
0.528419
0.146427
0.153316
0.216593
0.157863
0.619886
0.492793
0.102204
0.176148
0.320359
0.558047
0.512964
0.023343
0.269571
0.538387
0.032356
0.658701
0.241931
0.052321
0.135851
0.495125
0.080274
0.081083
0.028445
0.062525
0.576932
0.221600
0.189967
0.531948
0.053076
0.037194
0.272092
0.080065
0.589410
0.673735
0.524630
0.132718
0.481734
0.365298
0.315098
0.024471
0.036843
0.073802
0.036341
0.053112
0.062423
0.035445
0.081629
0.523442
0.447802
0.153381
0.111721
0.314931
0.452053
0.036666
0.042916
0.042749
0.038499
0.174701
0.045273
0.064026
