0.239731
0.498154
0.429532
0.038874
0.052642
0.348955
0.058786
0.275553
0.120486
0.296445
0.073879
0.080244
0.102004
0.052917
0.072225
0.041980
0.361231
0.057985
0.341643
0.387325
0.091853
0.612701
0.298102
0.429135
0.257213
0.040531
0.142765
0.559171
0.069436
0.062023
0.058153
0.458249
0.154072
0.103993
0.055102
0.105619
0.075097
0.273781
0.558614
0.062486
0.058852
0.231205
0.068239
0.054138
0.284384
0.087358
0.041997
0.094532
0.261783
0.068720
0.044968
0.053924
0.217583
0.057519
0.046896
0.054342
0.282526
0.292676
0.453347
0.058395
0.046222
0.270251
0.119969
0.117470
0.438840
0.237125
0.044778
0.163556
0.094651
0.290847
0.100514
0.231724
0.046376
0.549201
0.529499
0.194868
0.059318
0.429436
0.039252
0.358727
0.058130
0.056158
0.173047
0.110150
0.107986
0.266256
0.571986
0.126802
0.091848
0.063499
0.397456
0.284368
0.347330
0.036215
0.045758
0.157401
0.393783
0.444067
0.589772
0.031501
