0.099967
0.139227
0.521527
0.072783
0.663971
0.518912
0.087176
0.065107
0.785145
0.361272
0.078714
0.666626
0.444510
0.744022
0.406559
0.689497
0.649676
0.535558
0.474139
0.347639
0.563816
0.895212
0.330994
0.619303
0.381459
0.572935
0.696319
0.381457
0.175694
0.078937
0.044725
0.750908
0.293436
0.151816
0.028431
0.203525
0.708297
0.606311
0.629710
0.800697
0.099148
0.060921
0.178650
0.060606
0.791683
0.262290
0.493939
0.567145
0.190160
0.046098
0.711831
0.733464
0.651261
0.748599
0.066041
0.203659
0.524257
0.572224
0.700002
0.019917
0.070350
0.169270
0.495041
0.573910
0.484223
0.024556
0.657930
0.269486
0.080253
0.491260
0.168992
0.430591
0.340833
0.048710
0.723056
0.258502
0.031392
0.580394
0.046064
0.771401
0.027090
0.067990
0.689943
0.034191
0.504923
0.400643
0.561830
0.201704
0.523748
0.180111
0.579342
0.061541
0.091892
0.230283
0.646353
0.502673
0.047409
0.662836
0.027707
0.486768
