0.060673
0.070788
0.059646
0.077698
0.085673
0.082942
0.204229
0.095723
0.196483
0.337961
0.124828
0.242462
0.078917
0.082683
0.081003
0.203960
0.183955
0.194158
0.083340
0.111356
0.299237
0.385915
0.069481
0.196305
0.117471
0.090500
0.084089
0.054257
0.064697
0.081071
0.108069
0.143197
0.106402
0.167230
0.178367
0.087226
0.098690
0.166109
0.074955
0.325584
0.147242
0.106782
0.096969
0.341566
0.207791
0.087737
0.078643
0.099626
0.128046
0.066116
0.117948
0.131252
0.082601
0.250019
0.093814
0.189757
0.153523
0.070486
0.179053
0.135116
0.107530
0.103838
0.115565
0.175308
0.088861
0.145710
0.199069
0.053066
0.077240
0.157602
0.072376
0.089705
0.104591
0.276765
0.091748
0.074106
0.158614
0.243217
0.058281
0.086109
0.082256
0.063025
0.074438
0.061050
0.156393
0.134186
0.061395
0.073250
0.058414
0.062567
0.162479
0.095230
0.051423
0.100427
0.284692
0.210662
0.213918
0.245504
0.174202
0.204458
