0.049075
0.354221
0.654223
0.339972
0.061991
0.405279
0.127606
0.429975
0.021013
0.084709
0.225478
0.498706
0.213254
0.145715
0.484643
0.025461
0.442309
0.058667
0.035308
0.175285
0.077070
0.052641
0.455057
0.517022
0.181456
0.517374
0.592374
0.235365
0.269126
0.656846
0.092774
0.632603
0.023448
0.100110
0.621476
0.095199
0.032121
0.573426
0.184888
0.039445
0.080360
0.434025
0.119945
0.026948
0.204324
0.347472
0.542539
0.426233
0.242174
0.639359
0.591795
0.692483
0.171398
0.676665
0.164353
0.469474
0.639914
0.056876
0.516773
0.030560
0.423303
0.343941
0.080343
0.066490
0.517180
0.331052
0.024516
0.167381
0.263927
0.387299
0.148173
0.055276
0.039028
0.028679
0.035025
0.276546
0.632808
0.052851
0.041495
0.054815
0.084194
0.370416
0.270639
0.157205
0.073302
0.070226
0.369812
0.226226
0.079695
0.090180
0.017427
0.113835
0.344197
0.347622
0.047289
0.168311
0.037515
0.485040
0.646242
0.037140
