0.003974
0.017767
0.734148
17.253961
9.123374
0.088981
573.956800
1981.739666
0.772945
0.318514
21.544839
0.245083
69.897095
0.022689
233.278855
0.068105
85.901458
56.091577
0.062188
0.025258
0.099716
1.161107
9.433001
1.264334
0.123761
0.015350
3726.907923
0.033439
0.112642
387.393639
1.300614
100.708527
2.539500
6.185616
49.789632
0.012912
0.022909
34.322195
0.057686
732.215482
49.006011
86.125936
0.018500
39.863994
81.696013
0.044778
0.024883
0.007608
7.101392
7.164935
5.961184
593.143766
28727.234766
25162.769660
0.031341
0.016622
3.999801
0.018846
0.185838
0.035149
2.824981
89.820085
0.021683
5.809794
731.988946
0.056375
0.085487
0.021964
0.096214
32562.415553
35.592398
18.610243
5.655953
0.618829
0.018608
2.599054
0.010510
3.198814
0.293485
0.214084
0.018699
1.193856
31.746266
0.290640
13.897041
1882.102844
342.875115
226.931841
213.066118
0.110917
0.082154
3190.156420
750.861502
0.146603
0.247123
0.123507
0.016879
115.348216
0.007760
0.023350
