0.013881
0.031931
0.016329
0.027493
0.047320
0.018302
0.018241
0.020160
0.015654
0.035048
0.014862
0.028781
0.039736
0.017243
0.034585
0.040637
0.042030
0.035603
0.026583
0.026424
0.014394
0.020567
0.040882
0.028388
0.023765
0.013799
0.020235
0.033613
0.024146
0.021226
0.032226
0.036374
0.039991
0.030374
0.026806
0.023956
0.031316
0.024334
0.039016
0.027596
0.041319
0.032294
0.017328
0.035595
0.032622
0.042308
0.043453
0.038114
0.020943
0.049611
0.045079
0.020125
0.017188
0.033328
0.029925
0.030082
0.018191
0.029692
0.028796
0.015812
0.022897
0.026371
0.092807
0.033985
0.022916
0.014913
0.025423
0.028579
0.016584
0.027280
0.034239
0.018788
0.029287
0.024079
0.035519
0.045943
0.005832
0.018966
0.034667
0.016783
0.026953
0.021633
0.036712
0.040983
0.030075
0.017198
0.010314
0.023089
0.017345
0.021527
0.022462
0.048909
0.019933
0.042267
0.026010
0.023838
0.069535
0.028699
0.016199
0.021541
