0.003104
0.004726
0.023765
0.002831
0.003470
0.002727
0.020613
0.011941
0.002489
0.006216
0.020454
0.020283
0.021597
0.003949
0.022981
0.001694
0.004538
0.002750
0.005094
0.003184
0.003458
0.023659
0.021309
0.003498
0.002131
0.002336
0.007022
0.004758
0.006017
0.390071
0.002739
0.020221
0.003549
0.003718
0.022628
0.005753
0.004392
0.020355
0.021971
0.022878
0.008752
0.022709
0.002017
0.021620
0.022170
0.005854
0.003395
0.021347
0.003669
0.002474
0.022175
0.005796
0.020199
0.002475
464.691544
0.013310
0.003761
0.021810
0.002264
0.003967
0.005648
0.023816
0.021758
0.021737
0.727569
0.020907
3657.970893
0.020121
0.002484
0.100290
0.021758
0.005504
0.019667
0.002008
0.003920
0.022000
26.997154
0.023160
0.005856
0.462953
0.021330
0.112119
0.023913
0.023250
0.005451
0.021383
0.004196
0.001687
0.021743
0.022171
0.003624
0.005649
1.045156
0.020535
0.023826
0.024720
0.021002
0.006209
0.002305
0.502138
