0.077101
0.043023
0.188919
0.054196
0.086090
0.048047
0.085989
0.090940
0.101803
0.072885
0.070514
0.056718
0.065778
0.103340
0.104362
0.035908
0.059085
0.071281
0.061191
0.051854
0.075826
0.141227
0.067820
0.067939
0.041965
0.100306
0.121739
0.060225
0.057409
0.081664
0.171678
0.186100
0.038627
0.110220
0.170415
0.141944
0.079335
0.132862
0.097012
0.041259
0.059388
0.055713
0.103323
0.060384
0.058145
0.075315
0.067388
0.066801
0.083442
0.055256
0.111775
0.086774
0.023597
0.063825
0.049232
0.054276
0.071342
0.068604
0.081114
0.058839
0.133346
0.084180
0.087933
0.050695
0.072505
0.046402
0.077010
0.060565
0.076724
0.122466
0.071997
0.047310
0.071422
0.054104
0.082096
0.056673
0.043398
0.074224
0.132493
0.056653
0.045583
0.037401
0.186063
0.098924
0.100950
0.078785
0.080967
0.024358
0.105323
0.077868
0.113726
0.086588
0.120767
0.046108
0.144087
0.065421
0.087991
0.068256
0.084756
0.066253
