0.025247
0.007920
0.036068
0.024892
0.026770
0.011649
0.044181
0.018620
0.031654
0.010405
0.012874
0.027131
0.030301
0.032238
0.026530
0.026222
0.031136
0.006742
0.025341
0.028695
0.039352
0.029200
0.046977
0.021335
0.009776
0.018176
0.008675
0.010234
0.027692
0.009505
0.030279
0.026277
0.026567
0.039790
0.015614
0.007337
0.009600
0.040078
0.016903
0.029644
0.028110
0.028463
0.040227
0.011334
0.030296
0.026485
0.005796
0.028408
0.027379
0.023776
0.028196
0.013971
0.042697
0.031846
0.014583
0.029195
0.007801
0.029695
0.036322
0.011165
0.010341
0.012533
0.027882
0.013804
0.010593
0.083836
0.027012
0.013559
0.015881
0.010031
0.029978
0.024907
0.026772
0.020385
0.012997
0.019021
0.025825
0.015457
0.035912
0.011555
0.029598
0.008523
0.015918
0.032840
0.008826
0.027237
0.020880
0.027702
0.029258
0.009999
0.011606
0.007440
0.009867
0.024364
0.045153
0.024418
0.010582
0.027250
0.023361
0.058914
