0.020358
0.055575
0.089537
0.072596
0.067627
0.061261
0.029831
0.105576
0.098198
0.041801
0.063808
0.023072
0.019801
0.162132
0.037108
0.014028
0.170401
0.016146
0.045687
0.049733
0.058622
0.246688
0.072230
0.035705
0.016563
0.034773
0.010857
0.432256
0.048129
0.268755
0.031332
0.017151
0.280068
0.065031
0.035730
0.022180
0.026150
0.119383
0.014125
0.085031
0.071083
0.103140
0.077710
0.012345
0.032747
0.035406
0.056872
0.013205
0.052696
0.050986
0.099771
0.072258
0.048305
0.045881
0.215086
0.026088
0.069213
0.017823
0.013789
0.062736
0.067015
0.006626
0.012251
0.179861
0.042597
0.049572
0.152003
0.022836
0.092573
0.020306
0.029221
0.026741
0.071873
0.133175
0.028817
0.018460
0.021895
0.025672
0.018601
0.034437
0.010886
0.016356
0.047027
0.180605
0.011538
0.103726
0.052407
0.048754
0.057339
0.092142
0.010487
0.053670
0.023184
0.061814
0.066773
0.145447
0.024247
0.017931
0.034853
0.117264
