0.317908
0.165751
0.073596
0.076367
0.239916
0.112521
0.151858
0.039139
0.059764
0.069542
0.208124
0.083055
0.055556
0.229307
0.224182
0.152707
0.138496
0.053538
0.101766
0.247964
0.097336
0.122882
0.183960
0.306202
0.056338
0.081405
0.205501
0.085913
0.065190
0.104937
0.201746
0.291565
0.089023
0.084668
0.209177
0.052366
0.105514
0.258000
0.191132
0.208534
0.168725
0.115748
0.106433
0.082914
0.069727
0.105818
0.212398
0.116351
0.211002
0.049375
0.224782
0.276739
0.222518
0.048557
0.107165
0.149398
0.062283
0.077181
0.189393
0.072952
0.046145
0.076617
0.198304
0.233826
0.519954
0.052547
0.318071
0.052496
0.085916
0.118523
0.126679
0.092226
0.060496
0.043246
0.055009
0.223127
0.102956
0.150571
0.272641
0.233361
0.288770
0.049507
0.158556
0.068903
0.118075
0.225836
0.148711
0.122245
0.076079
0.074903
0.221138
0.094133
0.101310
0.230564
0.099283
0.301148
0.251075
0.217003
0.446400
0.092150
