0.069208
0.067452
0.168601
0.134902
0.116556
0.219086
0.313160
0.019441
0.180520
0.048530
0.169983
0.044769
0.088795
0.449170
0.460560
0.051311
0.055498
0.027861
0.395669
0.302466
0.217941
0.084893
0.615759
0.500441
0.587045
0.069795
0.516600
0.086993
0.104400
0.076821
0.408702
0.142578
0.248584
0.122683
0.167089
0.161925
0.104706
0.179513
0.735354
0.045212
0.106075
0.518871
0.171020
0.126589
0.127878
0.150613
0.046471
0.424804
0.241121
0.019148
0.070298
0.603358
0.606216
0.390976
0.024437
0.047859
0.186865
0.322153
0.068141
0.048178
0.066157
0.229196
0.056680
0.082390
0.780342
0.067908
0.022171
0.117325
0.099487
0.032659
0.126985
0.132454
0.028825
0.199423
0.433823
0.097482
0.231671
0.217149
0.059272
0.442118
0.218523
0.021041
0.020768
0.204957
0.235453
0.041211
0.526920
0.162433
0.039970
0.085984
0.230265
0.233272
0.034152
0.168649
0.163174
0.242091
0.068031
0.180327
0.406611
0.067626
