0.128838
0.049690
0.062772
0.042964
0.073415
0.050054
0.077710
0.051979
0.087046
0.248317
0.070433
0.059983
0.060714
0.059917
0.055937
0.076984
0.075264
0.051914
0.174596
0.049404
0.063375
0.051502
0.046471
0.098371
0.058108
0.097835
0.054280
0.082753
0.086522
0.110034
0.179516
0.086370
0.058183
0.038784
0.122583
0.050527
0.132222
0.069692
0.056038
0.123153
0.060342
0.040173
0.072083
0.078443
0.190703
0.064508
0.156629
0.073182
0.104769
0.038583
0.074689
0.069953
0.071274
0.043906
0.077907
0.070354
0.060753
0.060063
0.117900
0.052578
0.057757
0.063785
0.057245
0.051711
0.053766
0.100822
0.097540
0.136037
0.086309
0.053508
0.056993
0.068991
0.064169
0.050066
0.131631
0.043280
0.050857
0.062856
0.131222
0.043952
0.100728
0.111450
0.087650
0.085445
0.129887
0.051685
0.191992
0.071477
0.077587
0.067603
0.038826
0.038530
0.079413
0.073580
0.071549
0.119028
0.060022
0.068972
0.054397
0.091004
