0.056288
0.154728
0.172138
0.235522
0.049258
0.036064
0.077893
0.041326
0.061857
0.036760
0.103333
0.092924
0.094150
0.052340
0.253238
0.082247
0.098161
0.115821
0.172421
0.044968
0.167180
0.227343
0.364668
0.084697
0.554088
0.170830
0.211943
0.116032
0.049685
0.192634
0.285838
0.206014
0.159577
0.057054
0.173612
0.239230
0.084718
0.076371
0.505162
0.071545
0.064179
0.254697
0.090351
0.040524
0.108875
0.107807
0.087454
0.259311
0.112296
0.203156
0.109963
0.364887
0.247111
0.105031
0.048699
0.052740
0.049762
0.218234
0.251262
0.063760
0.231678
0.072451
0.078634
0.045475
0.484741
0.076902
0.037894
0.168288
0.125983
0.043631
0.130290
0.041607
0.075517
0.084101
0.183390
0.078231
0.052360
0.100283
0.187460
0.087008
0.183423
0.039511
0.042245
0.061428
0.084635
0.109913
0.310168
0.082950
0.102547
0.063859
0.072022
0.082158
0.066981
0.125148
0.031166
0.087327
0.094017
0.091736
0.049392
0.064608
