0.127732
0.161264
0.069984
0.025385
0.167638
0.052080
0.055799
0.054973
0.023735
0.041218
0.026483
0.019160
0.021237
0.049911
0.016151
0.103803
0.032573
0.103066
0.049783
0.053247
0.237622
0.029033
0.135055
0.027016
0.031726
0.007300
0.011922
0.187307
0.014045
0.051374
0.155601
0.133662
0.027012
0.025149
0.018075
0.047153
0.052705
0.130821
0.048311
0.075387
0.045182
0.021080
0.025332
0.008099
0.294699
0.027649
0.012761
0.044497
0.056001
0.101129
0.085598
0.018475
0.032309
0.121698
0.053784
0.141154
0.049127
0.113041
0.100008
0.022062
0.135006
0.017274
0.119893
0.016311
0.109425
0.043493
0.055407
0.050524
0.255111
0.118101
0.045082
0.128467
0.093136
0.013634
0.033928
0.083151
0.112668
0.050903
0.114556
0.052089
0.048151
0.023314
0.052419
0.011032
0.043911
0.024853
0.026828
0.010733
0.046871
0.023152
0.080045
0.093490
0.010843
0.037447
0.099345
0.020429
0.048575
0.032444
0.073592
0.040936
