0.041900
0.042330
0.057250
0.039883
0.052636
0.071728
0.041385
0.031820
0.061839
0.037665
0.069052
0.062731
0.061409
0.055144
0.058648
0.042027
0.059862
0.042330
0.060257
0.144748
0.073798
0.093605
0.055597
0.178250
0.038081
0.059120
0.082917
0.050530
0.053891
0.042420
0.100860
0.066651
0.057436
0.043041
0.050720
0.064739
0.050195
0.119528
0.066674
0.071147
0.057226
0.049032
0.080014
0.044671
0.174717
0.090050
0.097585
0.090321
0.055389
0.052046
0.082588
0.034131
0.031784
0.048202
0.065528
0.058135
0.090805
0.038251
0.035134
0.035945
0.058104
0.042699
0.054295
0.066045
0.051254
0.038037
0.057306
0.049578
0.063976
0.077381
0.067268
0.055666
0.066151
0.053881
0.053272
0.071496
0.058709
0.047506
0.090216
0.043596
0.060911
0.043950
0.068416
0.053811
0.082824
0.057164
0.036282
0.047998
0.041060
0.101806
0.080481
0.057237
0.074334
0.056492
0.083740
0.079238
0.059980
0.067908
0.053459
0.043240
