0.105336
0.050608
0.083966
0.067549
0.042609
0.050952
0.104841
0.066732
0.123881
0.084025
0.066707
0.039612
0.086579
0.077553
0.143093
0.043670
0.023142
0.132483
0.016210
0.297567
0.169169
0.081472
0.080603
0.318618
0.040980
0.080752
0.111548
0.031703
0.016752
0.063371
0.043826
0.110179
0.052153
0.070569
0.184735
0.065838
0.026286
0.054621
0.044909
0.095203
0.027835
0.112653
0.103526
0.080273
0.071192
0.085397
0.295923
0.100191
0.039715
0.071039
0.009862
0.131487
0.073160
0.116334
0.073219
0.051247
0.080123
0.174808
0.023034
0.102408
0.087179
0.100789
0.054316
0.019964
0.073460
0.028467
0.111967
0.085590
0.051817
0.048357
0.208250
0.092622
0.072092
0.033678
0.035842
0.185241
0.084376
0.116750
0.037761
0.152423
0.070725
0.099168
0.093173
0.140810
0.109666
0.120504
0.065961
0.123053
0.033957
0.217636
0.117914
0.121695
0.110889
0.032164
0.132047
0.086867
0.034207
0.159066
0.037106
0.134235
