0.033922
0.050312
0.108363
0.049425
0.078261
0.050919
0.061949
0.045493
0.035802
0.079315
0.065794
0.054214
0.051928
0.056795
0.038383
0.056390
0.052084
0.088237
0.037488
0.062038
0.070086
0.048290
0.088969
0.050290
0.072702
0.054618
0.058123
0.049069
0.049194
0.067387
0.074264
0.079279
0.038241
0.051450
0.044797
0.067079
0.084596
0.040202
0.053257
0.051636
0.082810
0.047349
0.070518
0.042069
0.065608
0.044211
0.035892
0.059936
0.079465
0.068194
0.044829
0.074989
0.042811
0.048928
0.038360
0.057749
0.041994
0.050674
0.034684
0.038936
0.095621
0.044257
0.114581
0.066249
0.107689
0.041556
0.078859
0.046755
0.071666
0.045898
0.064961
0.069815
0.084058
0.052475
0.049900
0.040721
0.074206
0.063476
0.041788
0.077876
0.121046
0.054647
0.037257
0.047057
0.045325
0.043631
0.058324
0.048339
0.051968
0.050785
0.056989
0.070796
0.038823
0.057174
0.065192
0.081226
0.094943
0.115944
0.067996
0.043445
