0.088560
0.064969
0.036217
0.040072
0.061630
0.036275
0.058290
0.058801
0.063048
0.142615
0.051293
0.047845
0.065476
0.061122
0.148108
0.065020
0.078005
0.031346
0.029111
0.071632
0.264216
0.166860
0.065804
0.136341
0.036524
0.029103
0.044196
0.078015
0.061750
0.071024
0.048123
0.040430
0.049528
0.089302
0.024935
0.074456
0.044454
0.041974
0.044073
0.062540
0.043206
0.045612
0.088396
0.044861
0.062846
0.023693
0.068732
0.192935
0.026098
0.053842
0.030834
0.034678
0.047081
0.101052
0.067097
0.053139
0.083528
0.048071
0.093256
0.030296
0.043378
0.063325
0.045877
0.036704
0.031420
0.027012
0.114608
0.074410
0.061347
0.102520
0.097974
0.054368
0.041000
0.099126
0.029831
0.026479
0.112532
0.089088
0.077877
0.025835
0.046282
0.040581
0.061718
0.135359
0.036673
0.037304
0.024535
0.020874
0.029404
0.035894
0.046198
0.077279
0.021076
0.047877
0.034441
0.031740
0.031178
0.068425
0.107659
0.059106
