0.073355
0.089112
0.073773
0.094134
0.082491
0.060400
0.044725
0.077914
0.078820
0.067464
0.076457
0.083492
0.078822
0.077839
0.101242
0.072351
0.076833
0.074850
0.069582
0.082187
0.057070
0.052892
0.079516
0.067181
0.071586
0.107652
0.090492
0.091945
0.074166
0.074024
0.063809
0.065342
0.062499
0.081962
0.103945
0.073599
0.065130
0.078648
0.085430
0.077898
0.112891
0.078453
0.056041
0.071451
0.075857
0.105928
0.060604
0.068884
0.053683
0.072200
0.066312
0.079161
0.075136
0.082133
0.054918
0.089917
0.066434
0.083555
0.087236
0.069059
0.057192
0.066032
0.084449
0.072048
0.074092
0.083150
0.069207
0.060258
0.071077
0.073724
0.061972
0.070384
0.061270
0.076598
0.059408
0.059430
0.070925
0.071064
0.078466
0.078457
0.048959
0.058476
0.061523
0.085491
0.081578
0.071655
0.089353
0.071377
0.080036
0.082582
0.079266
0.069499
0.093510
0.070134
0.081281
0.082174
0.105703
0.056526
0.060927
0.054627
