0.052144
0.052655
0.048792
0.050789
0.053566
0.051989
0.055166
0.053239
0.051834
0.053948
0.054511
0.052739
0.053677
0.053399
0.049443
0.053002
0.054110
0.048850
0.054659
0.053678
0.051760
0.054196
0.049006
0.048167
0.054826
0.052158
0.054739
0.049576
0.053284
0.054031
0.051271
0.053230
0.053577
0.053475
0.054050
0.048724
0.052593
0.052120
0.054063
0.053410
0.052899
0.053979
0.054860
0.054940
0.050921
0.052773
0.052628
0.054536
0.054628
0.049889
0.052296
0.054103
0.053486
0.052190
0.052685
0.054299
0.046591
0.052807
0.053927
0.054200
0.055861
0.050165
0.048245
0.049766
0.054546
0.054283
0.050532
0.053380
0.053429
0.051460
0.052831
0.054012
0.053499
0.051951
0.051298
0.051376
0.053236
0.053884
0.053387
0.054302
0.049562
0.054457
0.053781
0.053432
0.051090
0.054567
0.053541
0.052934
0.052972
0.051042
0.054908
0.054346
0.053509
0.053247
0.053598
0.053785
0.050879
0.054011
0.054715
0.054692
