0.126369
0.130468
0.133295
0.126913
0.125091
0.125583
0.127235
0.129413
0.131166
0.128292
0.132013
0.130826
0.120048
0.122601
0.130153
0.124543
0.126257
0.130196
0.122309
0.121146
0.128723
0.125685
0.126402
0.126859
0.127870
0.132923
0.130074
0.129511
0.126137
0.128237
0.126522
0.132237
0.129565
0.124593
0.117617
0.127446
0.130743
0.130221
0.120420
0.126917
0.133311
0.126750
0.125434
0.124649
0.126070
0.133053
0.130863
0.128674
0.120529
0.123854
0.127119
0.121820
0.125445
0.126543
0.128273
0.125946
0.130505
0.129662
0.126678
0.125611
0.127720
0.127305
0.128607
0.123179
0.130832
0.133103
0.125777
0.125297
0.128563
0.128846
0.130078
0.119837
0.128514
0.126643
0.130929
0.128282
0.126925
0.127912
0.128342
0.126316
0.125676
0.125692
0.123623
0.123829
0.129514
0.128870
0.129296
0.122415
0.132056
0.119031
0.123683
0.128901
0.129080
0.123882
0.126404
0.128462
0.124804
0.124999
0.125931
0.125600
