0.020634
0.023984
0.023478
0.020593
0.020818
0.017970
0.023991
0.021775
0.022529
0.029485
0.024301
0.022764
0.019898
0.022269
0.023227
0.023430
0.021588
0.023687
0.024023
0.023738
0.023321
0.022210
0.020938
0.027615
0.021039
0.021880
0.020784
0.022162
0.023730
0.024532
0.021771
0.017010
0.022771
0.023614
0.024352
0.020241
0.022289
0.020435
0.021974
0.022879
0.022278
0.022510
0.027048
0.026902
0.021507
0.024142
0.023024
0.022894
0.020611
0.023312
0.025940
0.018031
0.021965
0.022856
0.023042
0.026091
0.021253
0.021851
0.022749
0.023447
0.016777
0.023217
0.021937
0.023692
0.021608
0.019495
0.023105
0.023887
0.022743
0.019998
0.023214
0.026756
0.024155
0.021785
0.021654
0.022008
0.024236
0.022149
0.022493
0.026729
0.022136
0.020558
0.021929
0.021485
0.024068
0.025618
0.022925
0.021708
0.020750
0.020507
0.023569
0.022618
0.022916
0.024124
0.024694
0.021710
0.023231
0.021564
0.025178
0.022157
