0.001594
0.001684
0.001509
0.001437
0.002006
0.001482
0.001906
0.001676
0.001493
0.001815
0.001684
0.001251
0.001616
0.001708
0.001927
0.001685
0.001792
0.001834
0.001564
0.001702
0.001924
0.001828
0.001369
0.001682
0.001387
0.002427
0.002052
0.001834
0.001851
0.001716
0.001984
0.002517
0.002192
0.001954
0.001592
0.001985
0.001742
0.002166
0.001468
0.001433
0.001335
0.001401
0.001335
0.001392
0.001652
0.001997
0.001605
0.001933
0.001370
0.002068
0.001630
0.001888
0.001691
0.001614
0.001780
0.001777
0.001665
0.001675
0.001351
0.001862
0.001478
0.001627
0.001540
0.001874
0.001496
0.001350
0.001886
0.001598
0.001868
0.001759
0.001682
0.001941
0.002391
0.001789
0.001590
0.001941
0.001633
0.001801
0.001383
0.001748
0.001240
0.001303
0.001825
0.001349
0.001646
0.001529
0.001772
0.001377
0.002222
0.002219
0.001662
0.001316
0.001637
0.001802
0.001815
0.001359
0.001401
0.001496
0.001412
0.002187
