0.015313
0.036748
0.016366
0.017471
0.013807
0.011784
0.041410
0.012880
0.013388
0.013804
0.015208
0.013920
0.013851
0.015064
0.013824
0.013978
0.049514
0.014763
0.014520
0.013088
0.017933
0.014865
0.018103
0.014499
0.020584
0.013520
0.039066
0.011587
0.013580
0.014463
0.013035
0.013871
0.014100
0.015622
0.015409
0.011694
0.010244
0.013660
0.015054
0.015710
0.013318
0.016669
0.034092
0.013886
0.014864
0.014474
0.014349
0.015163
0.012341
0.014348
0.021565
0.012971
0.017081
0.013350
0.012564
0.025843
0.013731
0.014102
0.013715
0.018926
0.012314
0.017790
0.013591
0.013984
0.013655
0.018195
0.011766
0.014563
0.014537
0.012315
0.013000
0.016893
0.014253
0.012883
0.013976
0.049483
0.014721
0.012423
0.018049
0.050205
0.012892
0.012953
0.017354
0.017866
0.017226
0.012868
0.012394
0.014824
0.013172
0.017630
0.012826
0.021397
0.060135
0.060380
0.014105
0.016691
0.021028
0.012214
0.015915
0.014131
