0.038427
0.049699
0.082893
0.048763
0.032947
0.085931
0.035389
0.034147
0.042308
0.041671
0.033411
0.046184
0.041659
0.033771
0.102462
0.033430
0.033087
0.027213
0.036805
0.037736
0.061717
0.033765
0.055859
0.074987
0.037553
0.051757
0.042757
0.046838
0.035475
0.029298
0.052101
0.042469
0.030596
0.049882
0.035207
0.036862
0.040361
0.024600
0.033655
0.035977
0.038043
0.030077
0.029001
0.034658
0.073094
0.047127
0.033518
0.036062
0.037190
0.050878
0.042030
0.037092
0.031363
0.034662
0.046649
0.039825
0.067723
0.045812
0.035285
0.036772
0.035174
0.041048
0.111838
0.125430
0.037354
0.034997
0.056024
0.034607
0.037589
0.043423
0.042315
0.037058
0.048593
0.043749
0.055701
0.044439
0.051340
0.029997
0.029303
0.034663
0.165547
0.030689
0.043136
0.030032
0.045035
0.030301
0.032383
0.037850
0.036173
0.058828
0.038877
0.040001
0.029430
0.039093
0.038946
0.036378
0.131761
0.030898
0.027700
0.028086
