0.022796
0.010902
0.010760
0.011493
0.009551
0.009862
0.010890
0.009384
0.012660
0.012691
0.009056
0.010344
0.016824
0.015928
0.009807
0.010171
0.012825
0.010388
0.014889
0.020177
0.010440
0.011131
0.008567
0.024470
0.008992
0.008995
0.008840
0.010023
0.016667
0.013097
0.009956
0.010110
0.010922
0.010056
0.017766
0.008106
0.010695
0.010473
0.015409
0.007212
0.010651
0.010398
0.009257
0.010461
0.010216
0.008771
0.008800
0.009728
0.008786
0.009205
0.010966
0.009362
0.010188
0.009266
0.009013
0.012825
0.007886
0.010054
0.008936
0.010292
0.009068
0.008446
0.009839
0.031404
0.009010
0.008701
0.013614
0.010257
0.016320
0.008971
0.009592
0.008638
0.009287
0.009385
0.010850
0.051968
0.010318
0.008419
0.010089
0.011650
0.009853
0.014532
0.013960
0.009930
0.009103
0.009922
0.009111
0.011258
0.062417
0.010066
0.009945
0.011707
0.020885
0.009413
0.010631
0.010110
0.010372
0.020251
0.009717
0.009604
