0.065547
0.096613
0.058243
0.061219
0.062281
0.074473
0.120470
0.055729
0.064372
0.051398
0.063126
0.050761
0.059415
0.066393
0.072077
0.068391
0.071887
0.070527
0.088562
0.079014
0.062026
0.057679
0.043250
0.093701
0.046899
0.060095
0.057019
0.066233
0.061249
0.076805
0.075375
0.070999
0.063453
0.062893
0.172345
0.091864
0.070897
0.045237
0.150054
0.054266
0.065013
0.050847
0.099663
0.058678
0.076541
0.068878
0.065137
0.077021
0.117966
0.061744
0.076596
0.072457
0.125342
0.053874
0.070692
0.130337
0.042205
0.063414
0.068178
0.052308
0.061108
0.052391
0.046675
0.131615
0.062478
0.053828
0.054701
0.070187
0.060332
0.052422
0.051748
0.150877
0.075928
0.073693
0.079990
0.063540
0.086988
0.055290
0.088237
0.093576
0.080082
0.117055
0.053975
0.066532
0.061714
0.045419
0.040134
0.151924
0.069656
0.082878
0.084465
0.064967
0.069780
0.082899
0.071348
0.060827
0.087583
0.070572
0.059851
0.127769
