0.047005
0.028160
0.051536
0.024245
0.025330
0.103878
0.053947
0.024936
0.029834
0.025081
0.026757
0.024387
0.025402
0.031285
0.021771
0.032711
0.027411
0.035916
0.024601
0.026593
0.023675
0.024437
0.025138
0.050803
0.027604
0.034367
0.023270
0.055196
0.025624
0.024924
0.024828
0.074493
0.024072
0.042231
0.025953
0.058726
0.042337
0.042596
0.026872
0.032510
0.025713
0.030332
0.033426
0.023738
0.036875
0.023952
0.024807
0.036088
0.057722
0.024139
0.025382
0.085758
0.048877
0.041983
0.024042
0.026986
0.024596
0.026465
0.025061
0.032366
0.051386
0.030468
0.027391
0.025638
0.038970
0.049699
0.059632
0.026240
0.021051
0.046041
0.022508
0.028112
0.023723
0.024983
0.033549
0.026657
0.022955
0.028285
0.029611
0.031770
0.025919
0.052227
0.028429
0.027416
0.024248
0.026406
0.025631
0.033534
0.031052
0.029063
0.022125
0.026469
0.023610
0.023591
0.027061
0.026098
0.022863
0.022960
0.030743
0.023866
